# omega(Hartree), S(1/Hartree)
1.095444464024046072e-03,1.490582028189985753e+00
2.190888928048092144e-03,1.534719458864580721e+00
3.286333392072138000e-03,1.579573230193156652e+00
4.381777856096184288e-03,1.625130608546504263e+00
5.477222320120230144e-03,1.671377863602965030e+00
6.572666784144275999e-03,1.718300276772407154e+00
7.668111248168322722e-03,1.765882151964809355e+00
8.763555712192368577e-03,1.814106828678173633e+00
9.859000176216414432e-03,1.862956697369920311e+00
1.095444464024046029e-02,1.912413217067662652e+00
1.204988910426450614e-02,1.962456935164045069e+00
1.314533356828855200e-02,2.013067509333072547e+00
1.424077803231259785e-02,2.064223731495470560e+00
1.533622249633664544e-02,2.115903553753459843e+00
1.643166696036068783e-02,2.168084116206976386e+00
1.752711142438473715e-02,2.220741776556637959e+00
1.862255588840878301e-02,2.273852141392534332e+00
1.971800035243282886e-02,2.327390099061368289e+00
2.081344481645687472e-02,2.381329854000487689e+00
2.190888928048092057e-02,2.435644962421135595e+00
2.300433374450496643e-02,2.490308369221450047e+00
2.409977820852901229e-02,2.545292446004995490e+00
2.519522267255305814e-02,2.600569030079154409e+00
2.629066713657710400e-02,2.656109464305630219e+00
2.738611160060114985e-02,2.711884637674645049e+00
2.848155606462519571e-02,2.767865026473823598e+00
2.957700052864924503e-02,2.824020735923105985e+00
3.067244499267329089e-02,2.880321542148581937e+00
3.176788945669733327e-02,2.936736934369078789e+00
3.286333392072137566e-02,2.993236157172004752e+00
3.395877838474542498e-02,3.049788252757553941e+00
3.505422284876947431e-02,3.106362103033923461e+00
3.614966731279351669e-02,3.162926471449497345e+00
3.724511177681756602e-02,3.219450044452608850e+00
3.834055624084160840e-02,3.275901472473942810e+00
3.943600070486565773e-02,3.332249410331511008e+00
4.053144516888970011e-02,3.388462556963349748e+00
4.162688963291374944e-02,3.444509694398911304e+00
4.272233409693779183e-02,3.500359725885362039e+00
4.381777856096184115e-02,3.555981713091323382e+00
4.491322302498588354e-02,3.611344912316401867e+00
4.600866748900993286e-02,3.666418809640780818e+00
4.710411195303397525e-02,3.721173154955713436e+00
4.819955641705802457e-02,3.775577994821728733e+00
4.929500088108207390e-02,3.829603704106975925e+00
5.039044534510611628e-02,3.883221016365719258e+00
5.148588980913015867e-02,3.936401052919746846e+00
5.258133427315420799e-02,3.989115350616656119e+00
5.367677873717825038e-02,4.041335888238358542e+00
5.477222320120229970e-02,4.093035111543549931e+00
5.586766766522634903e-02,4.144185956931010217e+00
5.696311212925039141e-02,4.194761873715936673e+00
5.805855659327444074e-02,4.244736845017027527e+00
5.915400105729849006e-02,4.294085407255797904e+00
6.024944552132253245e-02,4.342782668274872471e+00
6.134488998534658177e-02,4.390804324085553212e+00
6.244033444937061722e-02,4.438126674259009086e+00
6.353577891339466654e-02,4.484726635979249032e+00
6.463122337741870893e-02,4.530581756778977898e+00
6.572666784144275132e-02,4.575670225982842787e+00
6.682211230546680758e-02,4.619970884885240103e+00
6.791755676949084997e-02,4.663463235692423048e+00
6.901300123351489235e-02,4.706127449260858242e+00
7.010844569753894862e-02,4.747944371665808738e+00
7.120389016156299100e-02,4.788895529636125303e+00
7.229933462558703339e-02,4.828963134892406472e+00
7.339477908961108965e-02,4.868130087427111619e+00
7.449022355363513204e-02,4.906379977766592404e+00
7.558566801765917442e-02,4.943697088255385452e+00
7.668111248168321681e-02,4.980066393404277036e+00
7.777655694570725919e-02,5.015473559343596399e+00
7.887200140973131546e-02,5.049904942424221943e+00
7.996744587375535784e-02,5.083347587008039348e+00
8.106289033777940023e-02,5.115789222490416677e+00
8.215833480180345649e-02,5.147218259596731293e+00
8.325377926582749888e-02,5.177623785994404315e+00
8.434922372985154126e-02,5.206995561262126593e+00
8.544466819387558365e-02,5.235324011256919263e+00
8.654011265789963991e-02,5.262600221919258914e+00
8.763555712192368230e-02,5.288815932555879229e+00
8.873100158594772469e-02,5.313963528638608658e+00
8.982644604997176707e-02,5.338036034157605414e+00
9.092189051399580946e-02,5.361027103565302099e+00
9.201733497801986572e-02,5.382931013347231897e+00
9.311277944204390811e-02,5.403742653254902883e+00
9.420822390606795049e-02,5.423457517233727820e+00
9.530366837009200676e-02,5.442071694079526623e+00
9.639911283411604914e-02,5.459581857854644227e+00
9.749455729814009153e-02,5.475985258094139496e+00
9.859000176216414779e-02,5.491279709831478506e+00
9.968544622618819018e-02,5.505463583471398081e+00
1.007808906902122326e-01,5.518535794537340777e+00
1.018763351542362888e-01,5.530495793318400466e+00
1.029717796182603173e-01,5.541343554440921082e+00
1.040672240822843597e-01,5.551079566387604913e+00
1.051626685463084160e-01,5.559704820986582696e+00
1.062581130103324584e-01,5.567220802891098330e+00
1.073535574743565008e-01,5.573629479069931669e+00
1.084490019383805570e-01,5.578933288327014850e+00
1.095444464024045994e-01,5.583135130868198459e+00
1.106398908664286418e-01,5.586238357931160969e+00
1.117353353304526981e-01,5.588246761494557013e+00
1.128307797944767404e-01,5.589164564080176589e+00
1.139262242585007828e-01,5.588996408662063153e+00
1.150216687225248391e-01,5.587747348694723115e+00
1.161171131865488815e-01,5.585422838271799861e+00
1.172125576505729239e-01,5.582028722425964595e+00
1.183080021145969801e-01,5.577571227579426250e+00
1.194034465786210225e-01,5.572056952153739751e+00
1.204988910426450649e-01,5.565492857346982625e+00
1.215943355066691212e-01,5.557886258084814735e+00
1.226897799706931635e-01,5.549244814152169525e+00
1.237852244347171921e-01,5.539576521510458207e+00
1.248806688987412344e-01,5.528889703805099920e+00
1.259761133627652907e-01,5.517193004067483919e+00
1.270715578267893331e-01,5.504495376613715685e+00
1.281670022908133755e-01,5.490806079143687235e+00
1.292624467548374179e-01,5.476134665041197280e+00
1.303578912188614602e-01,5.460490975876820308e+00
1.314533356828855026e-01,5.443885134113765289e+00
1.325487801469095728e-01,5.426327536016467334e+00
1.336442246109336152e-01,5.407828844761466414e+00
1.347396690749576575e-01,5.388399983748517919e+00
1.358351135389816999e-01,5.368052130110841702e+00
1.369305580030057423e-01,5.346796708421384103e+00
1.380260024670297847e-01,5.324645384592030517e+00
1.391214469310538548e-01,5.301610059962865051e+00
1.402168913950778972e-01,5.277702865576342717e+00
1.413123358591019396e-01,5.252936156632812548e+00
1.424077803231259820e-01,5.227322507121582973e+00
1.435032247871500244e-01,5.200874704622144407e+00
1.445986692511740668e-01,5.173605745269843403e+00
1.456941137151981369e-01,5.145528828879049499e+00
1.467895581792221793e-01,5.116657354217188924e+00
1.478850026432462217e-01,5.087004914422309731e+00
1.489804471072702641e-01,5.056585292556009747e+00
1.500758915712943065e-01,5.025412457284203605e+00
1.511713360353183488e-01,4.993500558676360335e+00
1.522667804993423912e-01,4.960863924114947920e+00
1.533622249633664336e-01,4.927517054305250888e+00
1.544576694273904760e-01,4.893474619375900225e+00
1.555531138914145184e-01,4.858751455060430047e+00
1.566485583554385608e-01,4.823362558948722345e+00
1.577440028194626309e-01,4.787323086798467742e+00
1.588394472834866733e-01,4.750648348894686457e+00
1.599348917475107157e-01,4.713353806446884064e+00
1.610303362115347581e-01,4.675455068011252102e+00
1.621257806755588005e-01,4.636967885926754462e+00
1.632212251395828428e-01,4.597908152752909317e+00
1.643166696036069130e-01,4.558291897696269857e+00
1.654121140676309554e-01,4.518135283013744008e+00
1.665075585316549978e-01,4.477454600379908278e+00
1.676030029956790401e-01,4.436266267204969083e+00
1.686984474597030825e-01,4.394586822891058731e+00
1.697938919237271249e-01,4.352432925013124176e+00
1.708893363877511673e-01,4.309821345412031768e+00
1.719847808517752374e-01,4.266768966185285450e+00
1.730802253157992798e-01,4.223292775564996049e+00
1.741756697798233222e-01,4.179409863666042391e+00
1.752711142438473646e-01,4.135137418094998907e+00
1.763665587078714070e-01,4.090492719405316890e+00
1.774620031718954494e-01,4.045493136385829303e+00
1.785574476359194918e-01,4.000156121171110080e+00
1.796528920999435341e-01,3.954499204160889736e+00
1.807483365639675765e-01,3.908539988736567050e+00
1.818437810279916189e-01,3.862296145764120503e+00
1.829392254920156613e-01,3.815785407871737700e+00
1.840346699560397314e-01,3.769025563492078401e+00
1.851301144200637738e-01,3.722034450659158722e+00
1.862255588840878162e-01,3.674829950550689617e+00
1.873210033481118586e-01,3.627429980767327145e+00
1.884164478121359010e-01,3.579852488341078054e+00
1.895118922761599434e-01,3.532115442465858290e+00
1.906073367401840135e-01,3.484236826944488552e+00
1.917027812042080559e-01,3.436234632346627738e+00
1.927982256682320983e-01,3.388126847874052494e+00
1.938936701322561407e-01,3.339931452930208877e+00
1.949891145962801831e-01,3.291666408392519116e+00
1.960845590603042254e-01,3.243349647586695639e+00
1.971800035243282956e-01,3.194999066964057111e+00
1.982754479883523380e-01,3.146632516484146436e+00
1.993708924523763804e-01,3.098267789706110165e+00
2.004663369164004227e-01,3.049922613594002296e+00
2.015617813804244651e-01,3.001614638042409133e+00
2.026572258444485075e-01,2.953361425130983875e+00
2.037526703084725777e-01,2.905180438117227926e+00
2.048481147724966200e-01,2.857089030178942224e+00
2.059435592365206347e-01,2.809104432919562910e+00
2.070390037005446771e-01,2.761243744650817344e+00
2.081344481645687194e-01,2.713523918469339158e+00
2.092298926285927896e-01,2.665961750144664855e+00
2.103253370926168320e-01,2.618573865838785153e+00
2.114207815566408744e-01,2.571376709678491412e+00
2.125162260206649167e-01,2.524386531202881923e+00
2.136116704846889591e-01,2.477619372710841095e+00
2.147071149487130015e-01,2.431091056534328221e+00
2.158025594127370717e-01,2.384817172265097707e+00
2.168980038767611140e-01,2.338813063962213779e+00
2.179934483407851564e-01,2.293093817372470422e+00
2.190888928048091988e-01,2.247674247192911423e+00
2.201843372688332134e-01,2.202568884408481864e+00
2.212797817328572836e-01,2.157791963737884178e+00
2.223752261968813260e-01,2.113357411221703508e+00
2.234706706609053961e-01,2.069278831986432365e+00
2.245661151249294107e-01,2.025569498221097220e+00
2.256615595889534809e-01,1.982242337400688337e+00
2.267570040529774955e-01,1.939309920792040565e+00
2.278524485170015657e-01,1.896784452279360655e+00
2.289478929810256080e-01,1.854677757542576133e+00
2.300433374450496782e-01,1.813001273626135612e+00
2.311387819090736928e-01,1.771766038931035903e+00
2.322342263730977630e-01,1.730982683665440724e+00
2.333296708371217776e-01,1.690661420785934288e+00
2.344251153011458477e-01,1.650812037462529913e+00
2.355205597651698901e-01,1.611443887097262273e+00
2.366160042291939603e-01,1.572565881926313303e+00
2.377114486932179749e-01,1.534186486233228841e+00
2.388068931572420450e-01,1.496313710199337788e+00
2.399023376212660597e-01,1.458955104415410320e+00
2.409977820852901298e-01,1.422117755076243162e+00
2.420932265493141722e-01,1.385808279878668170e+00
2.431886710133382423e-01,1.350032824639708640e+00
2.442841154773622570e-01,1.314797060650033211e+00
2.453795599413863271e-01,1.280106182775689883e+00
2.464750044054103417e-01,1.245964908317321651e+00
2.475704488694343841e-01,1.212377476634004525e+00
2.486658933334584543e-01,1.179347649536553355e+00
2.497613377974824689e-01,1.146878712451479654e+00
2.508567822615065390e-01,1.114973476354214954e+00
2.519522267255305814e-01,1.083634280468313671e+00
2.530476711895546238e-01,1.052862995722832817e+00
2.541431156535786662e-01,1.022661028959336527e+00
2.552385601176027086e-01,9.930293278750419450e-01
2.563340045816267510e-01,9.639683866889415809e-01
2.574294490456507933e-01,9.354782525115669101e-01
2.585248935096748357e-01,9.075585323995325471e-01
2.596203379736989336e-01,8.802084010734899655e-01
2.607157824377229205e-01,8.534266092721852770e-01
2.618112269017470184e-01,8.272114927201323908e-01
2.629066713657710053e-01,8.015609816767073070e-01
2.640021158297951032e-01,7.764726110389753577e-01
2.650975602938191455e-01,7.519435309652827693e-01
2.661930047578431879e-01,7.279705179866774456e-01
2.672884492218672303e-01,7.045499865717682608e-01
2.683838936858912727e-01,6.816780011093720448e-01
2.694793381499153151e-01,6.593502882726540726e-01
2.705747826139393575e-01,6.375622497271249411e-01
2.716702270779633999e-01,6.163089751458329379e-01
2.727656715419874978e-01,5.955852554927049125e-01
2.738611160060114846e-01,5.753855965367826730e-01
2.749565604700355270e-01,5.557042325585319631e-01
2.760520049340595694e-01,5.365351402110266621e-01
2.771474493980836118e-01,5.178720524976243578e-01
2.782428938621077097e-01,4.997084728306066537e-01
2.793383383261316966e-01,4.820376891321253576e-01
2.804337827901557945e-01,4.648527879448002831e-01
2.815292272541797813e-01,4.481466685143397632e-01
2.826246717182038792e-01,4.319120568134209859e-01
2.837201161822279216e-01,4.161415194728656508e-01
2.848155606462519640e-01,4.008274775893275188e-01
2.859110051102760064e-01,3.859622203800717188e-01
2.870064495743000488e-01,3.715379186567384084e-01
2.881018940383240912e-01,3.575466380906115460e-01
2.891973385023481335e-01,3.439803522456036378e-01
2.902927829663721759e-01,3.308309553535994096e-01
2.913882274303962738e-01,3.180902748121927637e-01
2.924836718944202607e-01,3.057500833827563325e-01
2.935791163584443586e-01,2.938021110724077789e-01
2.946745608224683455e-01,2.822380566809917779e-01
2.957700052864924434e-01,2.710495989995200805e-01
2.968654497505164858e-01,2.602284076453491579e-01
2.979608942145405281e-01,2.497661535238867025e-01
2.990563386785645705e-01,2.396545189052932401e-01
3.001517831425886129e-01,2.298852071082051196e-01
3.012472276066126553e-01,2.204499517835872280e-01
3.023426720706366977e-01,2.113405257932212677e-01
3.034381165346607401e-01,2.025487496787327923e-01
3.045335609986847825e-01,1.940664997179819828e-01
3.056290054627088248e-01,1.858857155702358654e-01
3.067244499267328672e-01,1.779984075050589087e-01
3.078198943907569096e-01,1.703966632220603739e-01
3.089153388547809520e-01,1.630726542593545769e-01
3.100107833188050499e-01,1.560186419974854133e-01
3.111062277828290368e-01,1.492269832603685953e-01
3.122016722468531347e-01,1.426901355214757194e-01
3.132971167108771215e-01,1.364006617197627003e-01
3.143925611749012194e-01,1.303512346931743060e-01
3.154880056389252618e-01,1.245346412374807865e-01
3.165834501029493042e-01,1.189437857993955877e-01
3.176788945669733466e-01,1.135716938123161601e-01
3.187743390309973890e-01,1.084115146850380546e-01
3.198697834950214314e-01,1.034565244530817885e-01
3.209652279590454738e-01,9.870012810394120095e-02
3.220606724230695161e-01,9.413586158648479252e-02
3.231561168870936140e-01,8.975739351528180809e-02
3.242515613511176009e-01,8.555852658295054480e-02
3.253470058151416988e-01,8.153319868978445295e-02
3.264424502791656857e-01,7.767548380506643368e-02
3.275378947431897836e-01,7.397959256890558610e-02
3.286333392072138260e-01,7.043987264930345882e-02
3.297287836712378128e-01,6.705080886445016763e-02
3.308242281352619107e-01,6.380702308211325113e-02
3.319196725992858976e-01,6.070327390949013802e-02
3.330151170633099955e-01,5.773445618309520216e-02
3.341105615273339824e-01,5.489560027147594862e-02
3.352060059913580803e-01,5.218187120143878699e-02
3.363014504553821227e-01,4.958856761933410490e-02
3.373968949194061651e-01,4.711112059819956566e-02
3.384923393834302074e-01,4.474509230124194131e-02
3.395877838474542498e-01,4.248617451203944018e-02
3.406832283114782922e-01,4.033018704186529940e-02
3.417786727755023346e-01,3.827307602428374478e-02
3.428741172395263770e-01,3.631091210519072493e-02
3.439695617035504749e-01,3.443988853982554721e-02
3.450650061675744618e-01,3.265631920320756498e-02
3.461604506315985597e-01,3.095663652455492992e-02
3.472558950956225465e-01,2.933738935296771599e-02
3.483513395596466444e-01,2.779524076277932118e-02
3.494467840236706868e-01,2.632696580562815525e-02
3.505422284876947292e-01,2.492944921750126983e-02
3.516376729517187716e-01,2.359968308670112869e-02
3.527331174157428140e-01,2.233476448989589816e-02
3.538285618797668564e-01,2.113189310299105547e-02
3.549240063437908987e-01,1.998836879158318383e-02
3.560194508078149411e-01,1.890158918785097425e-02
3.571148952718389835e-01,1.786904725850644790e-02
3.582103397358630259e-01,1.688832886970651620e-02
3.593057841998870683e-01,1.595711035177299966e-02
3.604012286639111107e-01,1.507315607121944429e-02
3.614966731279351531e-01,1.423431601101307273e-02
3.625921175919592510e-01,1.343852336490970571e-02
3.636875620559832378e-01,1.268379214926939474e-02
3.647830065200073357e-01,1.196821483507270328e-02
3.658784509840313226e-01,1.128996000344327511e-02
3.669738954480554205e-01,1.064727002786544641e-02
3.680693399120794629e-01,1.003845878552984267e-02
3.691647843761035053e-01,9.461909399272229113e-03
3.702602288401275477e-01,8.916072014628706813e-03
3.713556733041515900e-01,8.399461610763566885e-03
3.724511177681756324e-01,7.910655849741972043e-03
3.735465622321996748e-01,7.448292964051263752e-03
3.746420066962237172e-01,7.011069684790195884e-03
3.757374511602478151e-01,6.597739210557089160e-03
3.768328956242718020e-01,6.207109219533698229e-03
3.779283400882958999e-01,5.838039924138980347e-03
3.790237845523198867e-01,5.489442169952147600e-03
3.801192290163439846e-01,5.160275579519744450e-03
3.812146734803680270e-01,4.849546740671996543e-03
3.823101179443920694e-01,4.556307440599294788e-03
3.834055624084161118e-01,4.279652944996157823e-03
3.845010068724400987e-01,4.018720323910754920e-03
3.855964513364641966e-01,3.772686821708522327e-03
3.866918958004882390e-01,3.540768274273153361e-03
3.877873402645122813e-01,3.322217570233343756e-03
3.888827847285363237e-01,3.116323158359699756e-03
3.899782291925603661e-01,2.922407598905064994e-03
3.910736736565844085e-01,2.739826159993970223e-03
3.921691181206084509e-01,2.567965457580322335e-03
3.932645625846324933e-01,2.406242138807860882e-03
3.943600070486565912e-01,2.254101608172320772e-03
3.954554515126805780e-01,2.111016795993324487e-03
3.965508959767046759e-01,1.976486968131650323e-03
3.976463404407286628e-01,1.850036576621838817e-03
3.987417849047527607e-01,1.731214150526597063e-03
3.998372293687768031e-01,1.619591225387089287e-03
4.009326738328008455e-01,1.514761312044706799e-03
4.020281182968248879e-01,1.416338902208271475e-03
4.031235627608489303e-01,1.323958511384633937e-03
4.042190072248729726e-01,1.237273757408899810e-03
4.053144516888970150e-01,1.155956474332322202e-03
4.064098961529210574e-01,1.079695859774313467e-03
4.075053406169451553e-01,1.008197656558057660e-03
4.086007850809691422e-01,9.411833659790038885e-04
4.096962295449932401e-01,8.783894927311074706e-04
4.107916740090172270e-01,8.195668202798769885e-04
4.118871184730412693e-01,7.644797166350466439e-04
4.129825629370653672e-01,7.129054676478191292e-04
4.140780074010893541e-01,6.646336395642063683e-04
4.151734518651134520e-01,6.194654678393562638e-04
4.162688963291374389e-01,5.772132720558343809e-04
4.173643407931615368e-01,5.376998967078107502e-04
4.184597852571855792e-01,5.007581760605401893e-04
4.195552297212096216e-01,4.662304226530984328e-04
4.206506741852336639e-01,4.339679389075514252e-04
4.217461186492577063e-01,4.038305503118790616e-04
4.228415631132817487e-01,3.756861600619705349e-04
4.239370075773057911e-01,3.494103244749453157e-04
4.250324520413298335e-01,3.248858473219645628e-04
4.261278965053539314e-01,3.020023939723293690e-04
4.272233409693779183e-01,2.806561227026591813e-04
4.283187854334020161e-01,2.607493351152301688e-04
4.294142298974260030e-01,2.421901413582406345e-04
4.305096743614501009e-01,2.248921431873567749e-04
4.316051188254741433e-01,2.087741318096816086e-04
4.327005632894981857e-01,1.937598005018639595e-04
4.337960077535222281e-01,1.797774717001923846e-04
4.348914522175462705e-01,1.667598376336236975e-04
4.359868966815703129e-01,1.546437143815717914e-04
4.370823411455943552e-01,1.433698074647147094e-04
4.381777856096183976e-01,1.328824908540870238e-04
4.392732300736424400e-01,1.231295957924535194e-04
4.403686745376664269e-01,1.140622120222311182e-04
4.414641190016905803e-01,1.056344984062948853e-04
4.425595634657145672e-01,9.780350415908145155e-05
4.436550079297386096e-01,9.052899882255900220e-05
4.447504523937626519e-01,8.377331248076110069e-05
4.458458968577867498e-01,7.750118321177196831e-05
4.469413413218107922e-01,7.167961387142869503e-05
4.480367857858347791e-01,6.627773628184562146e-05
4.491322302498588215e-01,6.126668300530395861e-05
4.502276747138829194e-01,5.661946544639899400e-05
4.513231191779069618e-01,5.231086034475027486e-05
4.524185636419310041e-01,4.831730112857095667e-05
4.535140081059549910e-01,4.461677593487502192e-05
4.546094525699791444e-01,4.118873155194667773e-05
4.557048970340031313e-01,3.801398247899890335e-05
4.568003414980271737e-01,3.507462599573996201e-05
4.578957859620512161e-01,3.235396092329385730e-05
4.589912304260753140e-01,2.983641228078761103e-05
4.600866748900993564e-01,2.750745932797744384e-05
4.611821193541233432e-01,2.535356893951822821e-05
4.622775638181473856e-01,2.336213186176394724e-05
4.633730082821714835e-01,2.152140353352901983e-05
4.644684527461955259e-01,1.982044782222014306e-05
4.655638972102195683e-01,1.824908505593518960e-05
4.666593416742435552e-01,1.679784183164411958e-05
4.677547861382675976e-01,1.545790528353847880e-05
4.688502306022916954e-01,1.422107967603906480e-05
4.699456750663157378e-01,1.307974488836670310e-05
4.710411195303397802e-01,1.202681811967411283e-05
4.721365639943637671e-01,1.105571894743065876e-05
4.732320084583879205e-01,1.016033489171715017e-05
4.743274529224119074e-01,9.334989667390775563e-06
4.754228973864359498e-01,8.574413888080352931e-06
4.765183418504599921e-01,7.873717733985406315e-06
4.776137863144840900e-01,7.228364231852224900e-06
4.787092307785081324e-01,6.634145798951160449e-06
4.798046752425321193e-01,6.087161111060559462e-06
4.809001197065561617e-01,5.583793980128311501e-06
4.819955641705802596e-01,5.120693374092970177e-06
4.830910086346043020e-01,4.694755421387304438e-06
4.841864530986283444e-01,4.303105410883739407e-06
4.852818975626523312e-01,3.943081869563723056e-06
4.863773420266764846e-01,3.612221909802839505e-06
4.874727864907004715e-01,3.308246701482998771e-06
4.885682309547245139e-01,3.029047925419123151e-06
4.896636754187485563e-01,2.772676794377703890e-06
4.907591198827726542e-01,2.537331206635300708e-06
4.918545643467966966e-01,2.321346143241678725e-06
4.929500088108206834e-01,2.123183188562225167e-06
4.940454532748447258e-01,1.941421603929731177e-06
4.951408977388687682e-01,1.774749746728600548e-06
4.962363422028928661e-01,1.621956492382617521e-06
4.973317866669169085e-01,1.481924604323615551e-06
4.984272311309408954e-01,1.353623339956138106e-06
4.995226755949649378e-01,1.236102280919839581e-06
5.006181200589890912e-01,1.128485159727142346e-06
5.017135645230130780e-01,1.029964203878865232e-06
5.028090089870370649e-01,9.397952201032962069e-07
5.039044534510611628e-01,8.572929097296462906e-07
5.049998979150852607e-01,7.818259682691625518e-07
5.060953423791092476e-01,7.128132537535661269e-07
5.071907868431332345e-01,6.497200624083531384e-07
5.082862313071573324e-01,5.920544185232759342e-07
5.093816757711814303e-01,5.393640272715221587e-07
5.104771202352054171e-01,4.912324592097107052e-07
5.115725646992295150e-01,4.472774464014414372e-07
5.126680091632535019e-01,4.071475568440042930e-07
5.137634536272775998e-01,3.705198361471178166e-07
5.148588980913015867e-01,3.370977529594600199e-07
5.159543425553256846e-01,3.066094776080454328e-07
5.170497870193496714e-01,2.788045754858167603e-07
5.181452314833737693e-01,2.534537533663390944e-07
5.192406759473978672e-01,2.303470336275500398e-07
5.203361204114218541e-01,2.092916074651835557e-07
5.214315648754458410e-01,1.901102715791285525e-07
5.225270093394699389e-01,1.726411222027190285e-07
5.236224538034940368e-01,1.567356145813489773e-07
5.247178982675180237e-01,1.422579302991020640e-07
5.258133427315420105e-01,1.290830709646522676e-07
5.269087871955661084e-01,1.170975325741602680e-07
5.280042316595902063e-01,1.061965284711830837e-07
5.290996761236141932e-01,9.628501499813161050e-08
5.301951205876382911e-01,8.727530584196548026e-08
5.312905650516622780e-01,7.908770941846389868e-08
5.323860095156863759e-01,7.164921614638169078e-08
5.334814539797103627e-01,6.489327432906400054e-08
5.345768984437344606e-01,5.875865521386326206e-08
5.356723429077584475e-01,5.318981777068025230e-08
5.367677873717825454e-01,4.813621463249737917e-08
5.378632318358066433e-01,4.355108151500519050e-08
5.389586762998306302e-01,3.939216707636107560e-08
5.400541207638546171e-01,3.562107109708705334e-08
5.411495652278787150e-01,3.220244627971116648e-08
5.422450096919028129e-01,2.910413546563844315e-08
5.433404541559267997e-01,2.629702833801727182e-08
5.444358986199507866e-01,2.375442822589218883e-08
5.455313430839749955e-01,2.145184795695725677e-08
5.466267875479989824e-01,1.936736987122730434e-08
5.477222320120229693e-01,1.748082196375714333e-08
5.488176764760470672e-01,1.577387522784263084e-08
5.499131209400710540e-01,1.422972705612544503e-08
5.510085654040951519e-01,1.283356002560321329e-08
5.521040098681191388e-01,1.157115753465277177e-08
5.531994543321432367e-01,1.043013728756851154e-08
5.542948987961672236e-01,9.399317485949368454e-09
5.553903432601913215e-01,8.467917989959538249e-09
5.564857877242154194e-01,7.626798835041906675e-09
5.575812321882394063e-01,6.867478251267398492e-09
5.586766766522633931e-01,6.182245418823030034e-09
5.597721211162874910e-01,5.563640821474173539e-09
5.608675655803115889e-01,5.005861515591904542e-09
5.619630100443355758e-01,4.502684100975034256e-09
5.630584545083595627e-01,4.048974968199885767e-09
5.641538989723837716e-01,3.640116111481185049e-09
5.652493434364077585e-01,3.271610669547746779e-09
5.663447879004317453e-01,2.939699000509953729e-09
5.674402323644558432e-01,2.640777358062980696e-09
5.685356768284799411e-01,2.371480197232323800e-09
5.696311212925039280e-01,2.129193417345307444e-09
5.707265657565279149e-01,1.911200304293582991e-09
5.718220102205520128e-01,1.714923561677748357e-09
5.729174546845761107e-01,1.538467524818172880e-09
5.740128991486000976e-01,1.379785364898099600e-09
5.751083436126241955e-01,1.237274789191453539e-09
5.762037880766481823e-01,1.109075579878725414e-09
5.772992325406721692e-01,9.937755190731122295e-10
5.783946770046962671e-01,8.903875527726614451e-10
5.794901214687203650e-01,7.975335909443540573e-10
5.805855659327443519e-01,7.142080088099305835e-10
5.816810103967683387e-01,6.392597418010597452e-10
5.827764548607925477e-01,5.720785703164552030e-10
5.838718993248165345e-01,5.119665700165741804e-10
5.849673437888405214e-01,4.578060227340525718e-10
5.860627882528646193e-01,4.094938593828506050e-10
5.871582327168887172e-01,3.660945566641112016e-10
5.882536771809127041e-01,3.271928022875779593e-10
5.893491216449366910e-01,2.923421093156405328e-10
5.904445661089607889e-01,2.611481664616987289e-10
5.915400105729848867e-01,2.332972855615741729e-10
5.926354550370088736e-01,2.081935067151470911e-10
5.937308995010329715e-01,1.858808984672119504e-10
5.948263439650569584e-01,1.658140519171212914e-10
5.959217884290810563e-01,1.479497533448188428e-10
5.970172328931050432e-01,1.319907032529318238e-10
5.981126773571291411e-01,1.176937708145867114e-10
5.992081218211531279e-01,1.048139382836992426e-10
6.003035662851772258e-01,9.347275045136787662e-11
6.013990107492013237e-01,8.322469692166298623e-11
6.024944552132253106e-01,7.416140745590670499e-11
6.035898996772492975e-01,6.606164643878322541e-11
6.046853441412733954e-01,5.875960510220649850e-11
6.057807886052974933e-01,5.231705058917356636e-11
6.068762330693214802e-01,4.653825970993848649e-11
6.079716775333454670e-01,4.139829599255950304e-11
6.090671219973695649e-01,3.678572924395577650e-11
6.101625664613936628e-01,3.278998689689447917e-11
6.112580109254176497e-01,2.909699968725668968e-11
6.123534553894417476e-01,2.582417038728473597e-11
6.134488998534657345e-01,2.291591470541767166e-11
6.145443443174898324e-01,2.037427561385859628e-11
6.156397887815138192e-01,1.820129595667266495e-11
6.167352332455379171e-01,1.607861134129041728e-11
6.178306777095619040e-01,1.418161802244488511e-11
6.189261221735860019e-01,1.265773630622263259e-11
6.200215666376100998e-01,1.124544353000887972e-11
6.211170111016340867e-01,9.886693525065900776e-12
6.222124555656580736e-01,8.816918496885412861e-12
6.233079000296821714e-01,7.802152694772520819e-12
6.244033444937062693e-01,6.901699305004994798e-12
6.254987889577302562e-01,6.116186737789447125e-12
6.265942334217542431e-01,5.475842515455321304e-12
6.276896778857784520e-01,4.803543028696555124e-12
6.287851223498024389e-01,4.217946725539265964e-12
6.298805668138264258e-01,3.719524843813800401e-12
6.309760112778505237e-01,3.278940048910107340e-12
6.320714557418745105e-01,3.015950055220434101e-12
6.331669002058986084e-01,2.572538293452343708e-12
6.342623446699225953e-01,2.277383997354012821e-12
6.353577891339466932e-01,1.981182751155933831e-12
6.364532335979706801e-01,1.774145378850646339e-12
6.375486780619947780e-01,1.596497772510292420e-12
6.386441225260188759e-01,1.388047099699323755e-12
6.397395669900428627e-01,1.239318196024780997e-12
6.408350114540668496e-01,1.120345490890982884e-12
6.419304559180909475e-01,8.796262983829255604e-13
6.430259003821150454e-01,9.115282040314069126e-13
6.441213448461390323e-01,6.696052946741734168e-13
6.452167893101630192e-01,6.097786767879479610e-13
6.463122337741872281e-01,6.108252416916245728e-13
6.474076782382112150e-01,5.200910138097051310e-13
6.485031227022352018e-01,4.903346357946759301e-13
6.495985671662591887e-01,3.376806307791068799e-13
6.506940116302833976e-01,3.382561856278196478e-13
6.517894560943073845e-01,4.620432637461781712e-13
6.528849005583313714e-01,1.851312295792349298e-13
6.539803450223554693e-01,2.781677194057034169e-13
6.550757894863795672e-01,1.238393704140546162e-13
6.561712339504035540e-01,9.303647883976467657e-14
6.572666784144276519e-01,2.795802787407288478e-13
6.583621228784516388e-01,1.244671600743448065e-13
6.594575673424756257e-01,9.350731028987618082e-14
6.605530118064997236e-01,0.000000000000000000e+00
6.616484562705238215e-01,0.000000000000000000e+00
6.627439007345478084e-01,0.000000000000000000e+00
6.638393451985717952e-01,0.000000000000000000e+00
6.649347896625960042e-01,0.000000000000000000e+00
6.660302341266199910e-01,0.000000000000000000e+00
6.671256785906439779e-01,0.000000000000000000e+00
6.682211230546679648e-01,0.000000000000000000e+00
6.693165675186921737e-01,0.000000000000000000e+00
6.704120119827161606e-01,0.000000000000000000e+00
6.715074564467401474e-01,0.000000000000000000e+00
6.726029009107642453e-01,0.000000000000000000e+00
6.736983453747883432e-01,0.000000000000000000e+00
6.747937898388123301e-01,0.000000000000000000e+00
6.758892343028363170e-01,0.000000000000000000e+00
6.769846787668604149e-01,0.000000000000000000e+00
6.780801232308845128e-01,0.000000000000000000e+00
6.791755676949084997e-01,0.000000000000000000e+00
6.802710121589325976e-01,0.000000000000000000e+00
6.813664566229565844e-01,0.000000000000000000e+00
6.824619010869806823e-01,0.000000000000000000e+00
6.835573455510046692e-01,0.000000000000000000e+00
6.846527900150287671e-01,0.000000000000000000e+00
6.857482344790527540e-01,0.000000000000000000e+00
6.868436789430767409e-01,0.000000000000000000e+00
6.879391234071009498e-01,0.000000000000000000e+00
6.890345678711249366e-01,0.000000000000000000e+00
6.901300123351489235e-01,0.000000000000000000e+00
6.912254567991730214e-01,0.000000000000000000e+00
6.923209012631971193e-01,0.000000000000000000e+00
6.934163457272211062e-01,0.000000000000000000e+00
6.945117901912450931e-01,0.000000000000000000e+00
6.956072346552691910e-01,0.000000000000000000e+00
6.967026791192932889e-01,0.000000000000000000e+00
6.977981235833172757e-01,0.000000000000000000e+00
6.988935680473413736e-01,0.000000000000000000e+00
6.999890125113653605e-01,0.000000000000000000e+00
7.010844569753894584e-01,0.000000000000000000e+00
7.021799014394134453e-01,0.000000000000000000e+00
7.032753459034375432e-01,0.000000000000000000e+00
7.043707903674615300e-01,0.000000000000000000e+00
7.054662348314856279e-01,0.000000000000000000e+00
7.065616792955097258e-01,0.000000000000000000e+00
7.076571237595337127e-01,0.000000000000000000e+00
7.087525682235576996e-01,0.000000000000000000e+00
7.098480126875817975e-01,0.000000000000000000e+00
7.109434571516058954e-01,0.000000000000000000e+00
7.120389016156298823e-01,0.000000000000000000e+00
7.131343460796538691e-01,0.000000000000000000e+00
7.142297905436779670e-01,0.000000000000000000e+00
7.153252350077020649e-01,0.000000000000000000e+00
7.164206794717260518e-01,0.000000000000000000e+00
7.175161239357501497e-01,0.000000000000000000e+00
7.186115683997741366e-01,0.000000000000000000e+00
7.197070128637982345e-01,0.000000000000000000e+00
7.208024573278222213e-01,0.000000000000000000e+00
7.218979017918463192e-01,0.000000000000000000e+00
7.229933462558703061e-01,0.000000000000000000e+00
7.240887907198944040e-01,0.000000000000000000e+00
7.251842351839185019e-01,0.000000000000000000e+00
7.262796796479424888e-01,0.000000000000000000e+00
7.273751241119664757e-01,0.000000000000000000e+00
7.284705685759905736e-01,0.000000000000000000e+00
7.295660130400146715e-01,0.000000000000000000e+00
7.306614575040386583e-01,0.000000000000000000e+00
7.317569019680626452e-01,0.000000000000000000e+00
7.328523464320868541e-01,0.000000000000000000e+00
7.339477908961108410e-01,0.000000000000000000e+00
7.350432353601348279e-01,0.000000000000000000e+00
7.361386798241589258e-01,0.000000000000000000e+00
7.372341242881830237e-01,0.000000000000000000e+00
7.383295687522070105e-01,0.000000000000000000e+00
7.394250132162309974e-01,0.000000000000000000e+00
7.405204576802550953e-01,0.000000000000000000e+00
7.416159021442790822e-01,0.000000000000000000e+00
7.427113466083031801e-01,0.000000000000000000e+00
7.438067910723272780e-01,0.000000000000000000e+00
7.449022355363512649e-01,0.000000000000000000e+00
7.459976800003752517e-01,0.000000000000000000e+00
7.470931244643993496e-01,0.000000000000000000e+00
7.481885689284234475e-01,0.000000000000000000e+00
7.492840133924474344e-01,0.000000000000000000e+00
7.503794578564714213e-01,0.000000000000000000e+00
7.514749023204956302e-01,0.000000000000000000e+00
7.525703467845196171e-01,0.000000000000000000e+00
7.536657912485436039e-01,0.000000000000000000e+00
7.547612357125677018e-01,0.000000000000000000e+00
7.558566801765917997e-01,0.000000000000000000e+00
7.569521246406157866e-01,0.000000000000000000e+00
7.580475691046397735e-01,0.000000000000000000e+00
7.591430135686638714e-01,0.000000000000000000e+00
7.602384580326879693e-01,0.000000000000000000e+00
7.613339024967119562e-01,0.000000000000000000e+00
7.624293469607360541e-01,0.000000000000000000e+00
7.635247914247600409e-01,0.000000000000000000e+00
7.646202358887841388e-01,0.000000000000000000e+00
7.657156803528081257e-01,0.000000000000000000e+00
7.668111248168322236e-01,0.000000000000000000e+00
7.679065692808562105e-01,0.000000000000000000e+00
7.690020137448801973e-01,0.000000000000000000e+00
7.700974582089044063e-01,0.000000000000000000e+00
7.711929026729283931e-01,0.000000000000000000e+00
7.722883471369523800e-01,0.000000000000000000e+00
7.733837916009764779e-01,0.000000000000000000e+00
7.744792360650005758e-01,0.000000000000000000e+00
7.755746805290245627e-01,0.000000000000000000e+00
7.766701249930485496e-01,0.000000000000000000e+00
7.777655694570726475e-01,0.000000000000000000e+00
7.788610139210967453e-01,0.000000000000000000e+00
7.799564583851207322e-01,0.000000000000000000e+00
7.810519028491448301e-01,0.000000000000000000e+00
7.821473473131688170e-01,0.000000000000000000e+00
7.832427917771929149e-01,0.000000000000000000e+00
7.843382362412169018e-01,0.000000000000000000e+00
7.854336807052409997e-01,0.000000000000000000e+00
7.865291251692649865e-01,0.000000000000000000e+00
7.876245696332890844e-01,0.000000000000000000e+00
7.887200140973131823e-01,0.000000000000000000e+00
7.898154585613371692e-01,0.000000000000000000e+00
7.909109030253611561e-01,0.000000000000000000e+00
7.920063474893852540e-01,0.000000000000000000e+00
7.931017919534093519e-01,0.000000000000000000e+00
7.941972364174333388e-01,0.000000000000000000e+00
7.952926808814573256e-01,0.000000000000000000e+00
7.963881253454814235e-01,0.000000000000000000e+00
7.974835698095055214e-01,0.000000000000000000e+00
7.985790142735295083e-01,0.000000000000000000e+00
7.996744587375536062e-01,0.000000000000000000e+00
8.007699032015775931e-01,0.000000000000000000e+00
8.018653476656016910e-01,0.000000000000000000e+00
8.029607921296256778e-01,0.000000000000000000e+00
8.040562365936497757e-01,0.000000000000000000e+00
8.051516810576737626e-01,0.000000000000000000e+00
8.062471255216978605e-01,0.000000000000000000e+00
8.073425699857219584e-01,0.000000000000000000e+00
8.084380144497459453e-01,0.000000000000000000e+00
8.095334589137699322e-01,0.000000000000000000e+00
8.106289033777940300e-01,0.000000000000000000e+00
8.117243478418181279e-01,0.000000000000000000e+00
8.128197923058421148e-01,0.000000000000000000e+00
8.139152367698661017e-01,0.000000000000000000e+00
8.150106812338903106e-01,0.000000000000000000e+00
8.161061256979142975e-01,0.000000000000000000e+00
8.172015701619382844e-01,0.000000000000000000e+00
8.182970146259623823e-01,0.000000000000000000e+00
8.193924590899864802e-01,0.000000000000000000e+00
8.204879035540104670e-01,0.000000000000000000e+00
8.215833480180344539e-01,0.000000000000000000e+00
8.226787924820585518e-01,0.000000000000000000e+00
8.237742369460825387e-01,0.000000000000000000e+00
8.248696814101066366e-01,0.000000000000000000e+00
8.259651258741307345e-01,0.000000000000000000e+00
8.270605703381547213e-01,0.000000000000000000e+00
8.281560148021787082e-01,0.000000000000000000e+00
8.292514592662028061e-01,0.000000000000000000e+00
8.303469037302269040e-01,0.000000000000000000e+00
8.314423481942508909e-01,0.000000000000000000e+00
8.325377926582748778e-01,0.000000000000000000e+00
8.336332371222990867e-01,0.000000000000000000e+00
8.347286815863230736e-01,0.000000000000000000e+00
8.358241260503470604e-01,0.000000000000000000e+00
8.369195705143711583e-01,0.000000000000000000e+00
8.380150149783952562e-01,0.000000000000000000e+00
8.391104594424192431e-01,0.000000000000000000e+00
8.402059039064432300e-01,0.000000000000000000e+00
8.413013483704673279e-01,0.000000000000000000e+00
8.423967928344914258e-01,0.000000000000000000e+00
8.434922372985154126e-01,0.000000000000000000e+00
8.445876817625395105e-01,0.000000000000000000e+00
8.456831262265634974e-01,0.000000000000000000e+00
8.467785706905875953e-01,0.000000000000000000e+00
8.478740151546115822e-01,0.000000000000000000e+00
8.489694596186356801e-01,0.000000000000000000e+00
8.500649040826596670e-01,0.000000000000000000e+00
8.511603485466836538e-01,0.000000000000000000e+00
8.522557930107078628e-01,0.000000000000000000e+00
8.533512374747318496e-01,0.000000000000000000e+00
8.544466819387558365e-01,0.000000000000000000e+00
8.555421264027798234e-01,0.000000000000000000e+00
8.566375708668040323e-01,0.000000000000000000e+00
8.577330153308280192e-01,0.000000000000000000e+00
8.588284597948520060e-01,0.000000000000000000e+00
8.599239042588761039e-01,0.000000000000000000e+00
8.610193487229002018e-01,0.000000000000000000e+00
8.621147931869241887e-01,0.000000000000000000e+00
8.632102376509482866e-01,0.000000000000000000e+00
8.643056821149722735e-01,0.000000000000000000e+00
8.654011265789963714e-01,0.000000000000000000e+00
8.664965710430203583e-01,0.000000000000000000e+00
8.675920155070444562e-01,0.000000000000000000e+00
8.686874599710684430e-01,0.000000000000000000e+00
8.697829044350925409e-01,0.000000000000000000e+00
8.708783488991166388e-01,0.000000000000000000e+00
8.719737933631406257e-01,0.000000000000000000e+00
8.730692378271646126e-01,0.000000000000000000e+00
8.741646822911887105e-01,0.000000000000000000e+00
8.752601267552128084e-01,0.000000000000000000e+00
8.763555712192367952e-01,0.000000000000000000e+00
8.774510156832607821e-01,0.000000000000000000e+00
8.785464601472848800e-01,0.000000000000000000e+00
8.796419046113088669e-01,0.000000000000000000e+00
8.807373490753328538e-01,0.000000000000000000e+00
8.818327935393570627e-01,0.000000000000000000e+00
8.829282380033811606e-01,0.000000000000000000e+00
8.840236824674051475e-01,0.000000000000000000e+00
8.851191269314291343e-01,0.000000000000000000e+00
8.862145713954532322e-01,0.000000000000000000e+00
8.873100158594772191e-01,0.000000000000000000e+00
8.884054603235012060e-01,0.000000000000000000e+00
8.895009047875253039e-01,0.000000000000000000e+00
8.905963492515495128e-01,0.000000000000000000e+00
8.916917937155734997e-01,0.000000000000000000e+00
8.927872381795974865e-01,0.000000000000000000e+00
8.938826826436215844e-01,0.000000000000000000e+00
8.949781271076455713e-01,0.000000000000000000e+00
8.960735715716695582e-01,0.000000000000000000e+00
8.971690160356936561e-01,0.000000000000000000e+00
8.982644604997176430e-01,0.000000000000000000e+00
8.993599049637418519e-01,0.000000000000000000e+00
9.004553494277658388e-01,0.000000000000000000e+00
9.015507938917899367e-01,0.000000000000000000e+00
9.026462383558139235e-01,0.000000000000000000e+00
9.037416828198379104e-01,0.000000000000000000e+00
9.048371272838620083e-01,0.000000000000000000e+00
9.059325717478859952e-01,0.000000000000000000e+00
9.070280162119099820e-01,0.000000000000000000e+00
9.081234606759340799e-01,0.000000000000000000e+00
9.092189051399582889e-01,0.000000000000000000e+00
9.103143496039822757e-01,0.000000000000000000e+00
9.114097940680062626e-01,0.000000000000000000e+00
9.125052385320303605e-01,0.000000000000000000e+00
9.136006829960543474e-01,0.000000000000000000e+00
9.146961274600783343e-01,0.000000000000000000e+00
9.157915719241024322e-01,0.000000000000000000e+00
9.168870163881264190e-01,0.000000000000000000e+00
9.179824608521506280e-01,0.000000000000000000e+00
9.190779053161746148e-01,0.000000000000000000e+00
9.201733497801987127e-01,0.000000000000000000e+00
9.212687942442226996e-01,0.000000000000000000e+00
9.223642387082466865e-01,0.000000000000000000e+00
9.234596831722707844e-01,0.000000000000000000e+00
9.245551276362947712e-01,0.000000000000000000e+00
9.256505721003187581e-01,0.000000000000000000e+00
9.267460165643429670e-01,0.000000000000000000e+00
9.278414610283670649e-01,0.000000000000000000e+00
9.289369054923910518e-01,0.000000000000000000e+00
9.300323499564150387e-01,0.000000000000000000e+00
9.311277944204391366e-01,0.000000000000000000e+00
9.322232388844631235e-01,0.000000000000000000e+00
9.333186833484871103e-01,0.000000000000000000e+00
9.344141278125112082e-01,0.000000000000000000e+00
9.355095722765351951e-01,0.000000000000000000e+00
9.366050167405594040e-01,0.000000000000000000e+00
9.377004612045833909e-01,0.000000000000000000e+00
9.387959056686074888e-01,0.000000000000000000e+00
9.398913501326314757e-01,0.000000000000000000e+00
9.409867945966554625e-01,0.000000000000000000e+00
9.420822390606795604e-01,0.000000000000000000e+00
9.431776835247035473e-01,0.000000000000000000e+00
9.442731279887275342e-01,0.000000000000000000e+00
9.453685724527517431e-01,0.000000000000000000e+00
9.464640169167758410e-01,0.000000000000000000e+00
9.475594613807998279e-01,0.000000000000000000e+00
9.486549058448238148e-01,0.000000000000000000e+00
9.497503503088479127e-01,0.000000000000000000e+00
9.508457947728718995e-01,0.000000000000000000e+00
9.519412392368958864e-01,0.000000000000000000e+00
9.530366837009199843e-01,0.000000000000000000e+00
9.541321281649441932e-01,0.000000000000000000e+00
9.552275726289681801e-01,0.000000000000000000e+00
9.563230170929921670e-01,0.000000000000000000e+00
9.574184615570162649e-01,0.000000000000000000e+00
9.585139060210402517e-01,0.000000000000000000e+00
9.596093504850642386e-01,0.000000000000000000e+00
9.607047949490883365e-01,0.000000000000000000e+00
9.618002394131123234e-01,0.000000000000000000e+00
9.628956838771363103e-01,0.000000000000000000e+00
9.639911283411605192e-01,0.000000000000000000e+00
9.650865728051846171e-01,0.000000000000000000e+00
9.661820172692086039e-01,0.000000000000000000e+00
9.672774617332325908e-01,0.000000000000000000e+00
9.683729061972566887e-01,0.000000000000000000e+00
9.694683506612806756e-01,0.000000000000000000e+00
9.705637951253046625e-01,0.000000000000000000e+00
9.716592395893287604e-01,0.000000000000000000e+00
9.727546840533529693e-01,0.000000000000000000e+00
9.738501285173769562e-01,0.000000000000000000e+00
9.749455729814009430e-01,0.000000000000000000e+00
9.760410174454250409e-01,0.000000000000000000e+00
9.771364619094490278e-01,0.000000000000000000e+00
9.782319063734730147e-01,0.000000000000000000e+00
9.793273508374971126e-01,0.000000000000000000e+00
9.804227953015210995e-01,0.000000000000000000e+00
9.815182397655453084e-01,0.000000000000000000e+00
9.826136842295692952e-01,0.000000000000000000e+00
9.837091286935933931e-01,0.000000000000000000e+00
9.848045731576173800e-01,0.000000000000000000e+00
9.859000176216413669e-01,0.000000000000000000e+00
9.869954620856654648e-01,0.000000000000000000e+00
9.880909065496894517e-01,0.000000000000000000e+00
9.891863510137134385e-01,0.000000000000000000e+00
9.902817954777375364e-01,0.000000000000000000e+00
9.913772399417617454e-01,0.000000000000000000e+00
9.924726844057857322e-01,0.000000000000000000e+00
9.935681288698097191e-01,0.000000000000000000e+00
9.946635733338338170e-01,0.000000000000000000e+00
9.957590177978578039e-01,0.000000000000000000e+00
9.968544622618817908e-01,0.000000000000000000e+00
9.979499067259058886e-01,0.000000000000000000e+00
9.990453511899298755e-01,0.000000000000000000e+00
1.000140795653954084e+00,0.000000000000000000e+00
1.001236240117978182e+00,0.000000000000000000e+00
1.002331684582002058e+00,0.000000000000000000e+00
1.003427129046026156e+00,0.000000000000000000e+00
1.004522573510050254e+00,0.000000000000000000e+00
1.005618017974074130e+00,0.000000000000000000e+00
1.006713462438098228e+00,0.000000000000000000e+00
1.007808906902122326e+00,0.000000000000000000e+00
1.008904351366146424e+00,0.000000000000000000e+00
1.009999795830170521e+00,0.000000000000000000e+00
1.011095240294194397e+00,0.000000000000000000e+00
1.012190684758218495e+00,0.000000000000000000e+00
1.013286129222242593e+00,0.000000000000000000e+00
1.014381573686266469e+00,0.000000000000000000e+00
1.015477018150290567e+00,0.000000000000000000e+00
1.016572462614314665e+00,0.000000000000000000e+00
1.017667907078338541e+00,0.000000000000000000e+00
1.018763351542362861e+00,0.000000000000000000e+00
1.019858796006386958e+00,0.000000000000000000e+00
1.020954240470410834e+00,0.000000000000000000e+00
1.022049684934434932e+00,0.000000000000000000e+00
1.023145129398459030e+00,0.000000000000000000e+00
1.024240573862482906e+00,0.000000000000000000e+00
1.025336018326507004e+00,0.000000000000000000e+00
1.026431462790531102e+00,0.000000000000000000e+00
1.027526907254555200e+00,0.000000000000000000e+00
1.028622351718579297e+00,0.000000000000000000e+00
1.029717796182603173e+00,0.000000000000000000e+00
1.030813240646627271e+00,0.000000000000000000e+00
1.031908685110651369e+00,0.000000000000000000e+00
1.033004129574675245e+00,0.000000000000000000e+00
1.034099574038699343e+00,0.000000000000000000e+00
1.035195018502723441e+00,0.000000000000000000e+00
1.036290462966747539e+00,0.000000000000000000e+00
1.037385907430771637e+00,0.000000000000000000e+00
1.038481351894795734e+00,0.000000000000000000e+00
1.039576796358819610e+00,0.000000000000000000e+00
1.040672240822843708e+00,0.000000000000000000e+00
1.041767685286867806e+00,0.000000000000000000e+00
1.042863129750891682e+00,0.000000000000000000e+00
1.043958574214915780e+00,0.000000000000000000e+00
1.045054018678939878e+00,0.000000000000000000e+00
1.046149463142963976e+00,0.000000000000000000e+00
1.047244907606988074e+00,0.000000000000000000e+00
1.048340352071011949e+00,0.000000000000000000e+00
1.049435796535036047e+00,0.000000000000000000e+00
1.050531240999060145e+00,0.000000000000000000e+00
1.051626685463084021e+00,0.000000000000000000e+00
1.052722129927108119e+00,0.000000000000000000e+00
1.053817574391132217e+00,0.000000000000000000e+00
1.054913018855156315e+00,0.000000000000000000e+00
1.056008463319180413e+00,0.000000000000000000e+00
1.057103907783204511e+00,0.000000000000000000e+00
1.058199352247228386e+00,0.000000000000000000e+00
1.059294796711252484e+00,0.000000000000000000e+00
1.060390241175276582e+00,0.000000000000000000e+00
1.061485685639300458e+00,0.000000000000000000e+00
1.062581130103324556e+00,0.000000000000000000e+00
1.063676574567348654e+00,0.000000000000000000e+00
1.064772019031372752e+00,0.000000000000000000e+00
1.065867463495396850e+00,0.000000000000000000e+00
1.066962907959420725e+00,0.000000000000000000e+00
1.068058352423444823e+00,0.000000000000000000e+00
1.069153796887468921e+00,0.000000000000000000e+00
1.070249241351492797e+00,0.000000000000000000e+00
1.071344685815516895e+00,0.000000000000000000e+00
1.072440130279540993e+00,0.000000000000000000e+00
1.073535574743565091e+00,0.000000000000000000e+00
1.074631019207589189e+00,0.000000000000000000e+00
1.075726463671613287e+00,0.000000000000000000e+00
1.076821908135637162e+00,0.000000000000000000e+00
1.077917352599661260e+00,0.000000000000000000e+00
1.079012797063685358e+00,0.000000000000000000e+00
1.080108241527709234e+00,0.000000000000000000e+00
1.081203685991733332e+00,0.000000000000000000e+00
1.082299130455757430e+00,0.000000000000000000e+00
1.083394574919781528e+00,0.000000000000000000e+00
1.084490019383805626e+00,0.000000000000000000e+00
1.085585463847829502e+00,0.000000000000000000e+00
1.086680908311853599e+00,0.000000000000000000e+00
1.087776352775877697e+00,0.000000000000000000e+00
1.088871797239901573e+00,0.000000000000000000e+00
1.089967241703925671e+00,0.000000000000000000e+00
1.091062686167949991e+00,0.000000000000000000e+00
1.092158130631973867e+00,0.000000000000000000e+00
1.093253575095997965e+00,0.000000000000000000e+00
1.094349019560022063e+00,0.000000000000000000e+00
1.095444464024045939e+00,0.000000000000000000e+00
1.096539908488070036e+00,0.000000000000000000e+00
1.097635352952094134e+00,0.000000000000000000e+00
1.098730797416118010e+00,0.000000000000000000e+00
1.099826241880142108e+00,0.000000000000000000e+00
1.100921686344166206e+00,0.000000000000000000e+00
1.102017130808190304e+00,0.000000000000000000e+00
1.103112575272214402e+00,0.000000000000000000e+00
1.104208019736238278e+00,0.000000000000000000e+00
1.105303464200262376e+00,0.000000000000000000e+00
1.106398908664286473e+00,0.000000000000000000e+00
1.107494353128310349e+00,0.000000000000000000e+00
1.108589797592334447e+00,0.000000000000000000e+00
1.109685242056358767e+00,0.000000000000000000e+00
1.110780686520382643e+00,0.000000000000000000e+00
1.111876130984406741e+00,0.000000000000000000e+00
1.112971575448430839e+00,0.000000000000000000e+00
1.114067019912454715e+00,0.000000000000000000e+00
1.115162464376478813e+00,0.000000000000000000e+00
1.116257908840502910e+00,0.000000000000000000e+00
1.117353353304526786e+00,0.000000000000000000e+00
1.118448797768551106e+00,0.000000000000000000e+00
1.119544242232574982e+00,0.000000000000000000e+00
1.120639686696599080e+00,0.000000000000000000e+00
1.121735131160623178e+00,0.000000000000000000e+00
1.122830575624647054e+00,0.000000000000000000e+00
1.123926020088671152e+00,0.000000000000000000e+00
1.125021464552695249e+00,0.000000000000000000e+00
1.126116909016719125e+00,0.000000000000000000e+00
1.127212353480743223e+00,0.000000000000000000e+00
1.128307797944767543e+00,0.000000000000000000e+00
1.129403242408791419e+00,0.000000000000000000e+00
1.130498686872815517e+00,0.000000000000000000e+00
1.131594131336839615e+00,0.000000000000000000e+00
1.132689575800863491e+00,0.000000000000000000e+00
1.133785020264887589e+00,0.000000000000000000e+00
1.134880464728911686e+00,0.000000000000000000e+00
1.135975909192935562e+00,0.000000000000000000e+00
1.137071353656959882e+00,0.000000000000000000e+00
1.138166798120983758e+00,0.000000000000000000e+00
1.139262242585007856e+00,0.000000000000000000e+00
1.140357687049031954e+00,0.000000000000000000e+00
1.141453131513055830e+00,0.000000000000000000e+00
1.142548575977079928e+00,0.000000000000000000e+00
1.143644020441104026e+00,0.000000000000000000e+00
1.144739464905127901e+00,0.000000000000000000e+00
1.145834909369152221e+00,0.000000000000000000e+00
1.146930353833176319e+00,0.000000000000000000e+00
1.148025798297200195e+00,0.000000000000000000e+00
1.149121242761224293e+00,0.000000000000000000e+00
1.150216687225248391e+00,0.000000000000000000e+00
1.151312131689272267e+00,0.000000000000000000e+00
1.152407576153296365e+00,0.000000000000000000e+00
1.153503020617320463e+00,0.000000000000000000e+00
1.154598465081344338e+00,0.000000000000000000e+00
1.155693909545368658e+00,0.000000000000000000e+00
1.156789354009392534e+00,0.000000000000000000e+00
1.157884798473416632e+00,0.000000000000000000e+00
1.158980242937440730e+00,0.000000000000000000e+00
1.160075687401464606e+00,0.000000000000000000e+00
1.161171131865488704e+00,0.000000000000000000e+00
1.162266576329512802e+00,0.000000000000000000e+00
1.163362020793536677e+00,0.000000000000000000e+00
1.164457465257560997e+00,0.000000000000000000e+00
1.165552909721585095e+00,0.000000000000000000e+00
1.166648354185608971e+00,0.000000000000000000e+00
1.167743798649633069e+00,0.000000000000000000e+00
1.168839243113657167e+00,0.000000000000000000e+00
1.169934687577681043e+00,0.000000000000000000e+00
1.171030132041705141e+00,0.000000000000000000e+00
1.172125576505729239e+00,0.000000000000000000e+00
1.173221020969753337e+00,0.000000000000000000e+00
1.174316465433777434e+00,0.000000000000000000e+00
1.175411909897801310e+00,0.000000000000000000e+00
1.176507354361825408e+00,0.000000000000000000e+00
1.177602798825849506e+00,0.000000000000000000e+00
1.178698243289873382e+00,0.000000000000000000e+00
1.179793687753897480e+00,0.000000000000000000e+00
1.180889132217921578e+00,0.000000000000000000e+00
1.181984576681945454e+00,0.000000000000000000e+00
1.183080021145969773e+00,0.000000000000000000e+00
1.184175465609993871e+00,0.000000000000000000e+00
1.185270910074017747e+00,0.000000000000000000e+00
1.186366354538041845e+00,0.000000000000000000e+00
1.187461799002065943e+00,0.000000000000000000e+00
1.188557243466089819e+00,0.000000000000000000e+00
1.189652687930113917e+00,0.000000000000000000e+00
1.190748132394138015e+00,0.000000000000000000e+00
1.191843576858162113e+00,0.000000000000000000e+00
1.192939021322186210e+00,0.000000000000000000e+00
1.194034465786210086e+00,0.000000000000000000e+00
1.195129910250234184e+00,0.000000000000000000e+00
1.196225354714258282e+00,0.000000000000000000e+00
1.197320799178282158e+00,0.000000000000000000e+00
1.198416243642306256e+00,0.000000000000000000e+00
1.199511688106330354e+00,0.000000000000000000e+00
1.200607132570354452e+00,0.000000000000000000e+00
1.201702577034378550e+00,0.000000000000000000e+00
1.202798021498402647e+00,0.000000000000000000e+00
1.203893465962426523e+00,0.000000000000000000e+00
1.204988910426450621e+00,0.000000000000000000e+00
1.206084354890474719e+00,0.000000000000000000e+00
1.207179799354498595e+00,0.000000000000000000e+00
1.208275243818522693e+00,0.000000000000000000e+00
1.209370688282546791e+00,0.000000000000000000e+00
1.210466132746570889e+00,0.000000000000000000e+00
1.211561577210594987e+00,0.000000000000000000e+00
1.212657021674618862e+00,0.000000000000000000e+00
1.213752466138642960e+00,0.000000000000000000e+00
1.214847910602667058e+00,0.000000000000000000e+00
1.215943355066690934e+00,0.000000000000000000e+00
1.217038799530715032e+00,0.000000000000000000e+00
1.218134243994739130e+00,0.000000000000000000e+00
1.219229688458763228e+00,0.000000000000000000e+00
1.220325132922787326e+00,0.000000000000000000e+00
1.221420577386811424e+00,0.000000000000000000e+00
1.222516021850835299e+00,0.000000000000000000e+00
1.223611466314859397e+00,0.000000000000000000e+00
1.224706910778883495e+00,0.000000000000000000e+00
1.225802355242907371e+00,0.000000000000000000e+00
1.226897799706931469e+00,0.000000000000000000e+00
1.227993244170955567e+00,0.000000000000000000e+00
1.229088688634979665e+00,0.000000000000000000e+00
1.230184133099003763e+00,0.000000000000000000e+00
1.231279577563027638e+00,0.000000000000000000e+00
1.232375022027051736e+00,0.000000000000000000e+00
1.233470466491075834e+00,0.000000000000000000e+00
1.234565910955099710e+00,0.000000000000000000e+00
1.235661355419123808e+00,0.000000000000000000e+00
1.236756799883147906e+00,0.000000000000000000e+00
1.237852244347172004e+00,0.000000000000000000e+00
1.238947688811196102e+00,0.000000000000000000e+00
1.240043133275220200e+00,0.000000000000000000e+00
1.241138577739244075e+00,0.000000000000000000e+00
1.242234022203268173e+00,0.000000000000000000e+00
1.243329466667292271e+00,0.000000000000000000e+00
1.244424911131316147e+00,0.000000000000000000e+00
1.245520355595340245e+00,0.000000000000000000e+00
1.246615800059364343e+00,0.000000000000000000e+00
1.247711244523388441e+00,0.000000000000000000e+00
1.248806688987412539e+00,0.000000000000000000e+00
1.249902133451436415e+00,0.000000000000000000e+00
1.250997577915460512e+00,0.000000000000000000e+00
1.252093022379484610e+00,0.000000000000000000e+00
1.253188466843508486e+00,0.000000000000000000e+00
1.254283911307532584e+00,0.000000000000000000e+00
1.255379355771556904e+00,0.000000000000000000e+00
1.256474800235580780e+00,0.000000000000000000e+00
1.257570244699604878e+00,0.000000000000000000e+00
1.258665689163628976e+00,0.000000000000000000e+00
1.259761133627652852e+00,0.000000000000000000e+00
1.260856578091676949e+00,0.000000000000000000e+00
1.261952022555701047e+00,0.000000000000000000e+00
1.263047467019724923e+00,0.000000000000000000e+00
1.264142911483749021e+00,0.000000000000000000e+00
1.265238355947773119e+00,0.000000000000000000e+00
1.266333800411797217e+00,0.000000000000000000e+00
1.267429244875821315e+00,0.000000000000000000e+00
1.268524689339845191e+00,0.000000000000000000e+00
1.269620133803869289e+00,0.000000000000000000e+00
1.270715578267893386e+00,0.000000000000000000e+00
1.271811022731917262e+00,0.000000000000000000e+00
1.272906467195941360e+00,0.000000000000000000e+00
1.274001911659965680e+00,0.000000000000000000e+00
1.275097356123989556e+00,0.000000000000000000e+00
1.276192800588013654e+00,0.000000000000000000e+00
1.277288245052037752e+00,0.000000000000000000e+00
1.278383689516061628e+00,0.000000000000000000e+00
1.279479133980085725e+00,0.000000000000000000e+00
1.280574578444109823e+00,0.000000000000000000e+00
1.281670022908133699e+00,0.000000000000000000e+00
1.282765467372158019e+00,0.000000000000000000e+00
1.283860911836181895e+00,0.000000000000000000e+00
1.284956356300205993e+00,0.000000000000000000e+00
1.286051800764230091e+00,0.000000000000000000e+00
1.287147245228253967e+00,0.000000000000000000e+00
1.288242689692278065e+00,0.000000000000000000e+00
1.289338134156302162e+00,0.000000000000000000e+00
1.290433578620326038e+00,0.000000000000000000e+00
1.291529023084350136e+00,0.000000000000000000e+00
1.292624467548374456e+00,0.000000000000000000e+00
1.293719912012398332e+00,0.000000000000000000e+00
1.294815356476422430e+00,0.000000000000000000e+00
1.295910800940446528e+00,0.000000000000000000e+00
1.297006245404470404e+00,0.000000000000000000e+00
1.298101689868494502e+00,0.000000000000000000e+00
1.299197134332518377e+00,0.000000000000000000e+00
1.300292578796542475e+00,0.000000000000000000e+00
1.301388023260566795e+00,0.000000000000000000e+00
1.302483467724590671e+00,0.000000000000000000e+00
1.303578912188614769e+00,0.000000000000000000e+00
1.304674356652638867e+00,0.000000000000000000e+00
1.305769801116662743e+00,0.000000000000000000e+00
1.306865245580686841e+00,0.000000000000000000e+00
1.307960690044710939e+00,0.000000000000000000e+00
1.309056134508734814e+00,0.000000000000000000e+00
1.310151578972759134e+00,0.000000000000000000e+00
1.311247023436783232e+00,0.000000000000000000e+00
1.312342467900807108e+00,0.000000000000000000e+00
1.313437912364831206e+00,0.000000000000000000e+00
1.314533356828855304e+00,0.000000000000000000e+00
1.315628801292879180e+00,0.000000000000000000e+00
1.316724245756903278e+00,0.000000000000000000e+00
1.317819690220927153e+00,0.000000000000000000e+00
1.318915134684951251e+00,0.000000000000000000e+00
1.320010579148975571e+00,0.000000000000000000e+00
1.321106023612999447e+00,0.000000000000000000e+00
1.322201468077023545e+00,0.000000000000000000e+00
1.323296912541047643e+00,0.000000000000000000e+00
1.324392357005071519e+00,0.000000000000000000e+00
1.325487801469095617e+00,0.000000000000000000e+00
1.326583245933119715e+00,0.000000000000000000e+00
1.327678690397143590e+00,0.000000000000000000e+00
1.328774134861167910e+00,0.000000000000000000e+00
1.329869579325192008e+00,0.000000000000000000e+00
1.330965023789215884e+00,0.000000000000000000e+00
1.332060468253239982e+00,0.000000000000000000e+00
1.333155912717263858e+00,0.000000000000000000e+00
1.334251357181287956e+00,0.000000000000000000e+00
1.335346801645312054e+00,0.000000000000000000e+00
1.336442246109335930e+00,0.000000000000000000e+00
1.337537690573360250e+00,0.000000000000000000e+00
1.338633135037384347e+00,0.000000000000000000e+00
1.339728579501408223e+00,0.000000000000000000e+00
1.340824023965432321e+00,0.000000000000000000e+00
1.341919468429456419e+00,0.000000000000000000e+00
1.343014912893480295e+00,0.000000000000000000e+00
1.344110357357504393e+00,0.000000000000000000e+00
1.345205801821528491e+00,0.000000000000000000e+00
1.346301246285552367e+00,0.000000000000000000e+00
1.347396690749576686e+00,0.000000000000000000e+00
1.348492135213600562e+00,0.000000000000000000e+00
1.349587579677624660e+00,0.000000000000000000e+00
1.350683024141648758e+00,0.000000000000000000e+00
1.351778468605672634e+00,0.000000000000000000e+00
1.352873913069696732e+00,0.000000000000000000e+00
1.353969357533720830e+00,0.000000000000000000e+00
1.355064801997744706e+00,0.000000000000000000e+00
1.356160246461769026e+00,0.000000000000000000e+00
1.357255690925793123e+00,0.000000000000000000e+00
1.358351135389816999e+00,0.000000000000000000e+00
1.359446579853841097e+00,0.000000000000000000e+00
1.360542024317865195e+00,0.000000000000000000e+00
1.361637468781889071e+00,0.000000000000000000e+00
1.362732913245913169e+00,0.000000000000000000e+00
1.363828357709937267e+00,0.000000000000000000e+00
1.364923802173961365e+00,0.000000000000000000e+00
1.366019246637985463e+00,0.000000000000000000e+00
1.367114691102009338e+00,0.000000000000000000e+00
1.368210135566033436e+00,0.000000000000000000e+00
1.369305580030057534e+00,0.000000000000000000e+00
