# omega(Hartree), S(1/Hartree)
1.095444464024046072e-03,1.161213899088880508e+00
2.190888928048092144e-03,1.195681892728001294e+00
3.286333392072138000e-03,1.230770020533699993e+00
4.381777856096184288e-03,1.266473351337031650e+00
5.477222320120230144e-03,1.302786284992712762e+00
6.572666784144275999e-03,1.339702548927121928e+00
7.668111248168322722e-03,1.377215195918666701e+00
8.763555712192368577e-03,1.415316603129237460e+00
9.859000176216414432e-03,1.453998472397801667e+00
1.095444464024046029e-02,1.493251831804866203e+00
1.204988910426450614e-02,1.533067038511641167e+00
1.314533356828855200e-02,1.573433782873091102e+00
1.424077803231259785e-02,1.614341093821063389e+00
1.533622249633664544e-02,1.655777345507581044e+00
1.643166696036068783e-02,1.697730265195865229e+00
1.752711142438473715e-02,1.740186942381550139e+00
1.862255588840878301e-02,1.783133839122620135e+00
1.971800035243282886e-02,1.826556801553101961e+00
2.081344481645687472e-02,1.870441072550874217e+00
2.190888928048092057e-02,1.914771305527197764e+00
2.300433374450496643e-02,1.959531579301347692e+00
2.409977820852901229e-02,2.004705414020872212e+00
2.519522267255305814e-02,2.050275788084393369e+00
2.629066713657710400e-02,2.096225156021277680e+00
2.738611160060114985e-02,2.142535467280030304e+00
2.848155606462519571e-02,2.189188185873830683e+00
2.957700052864924503e-02,2.236164310830581758e+00
3.067244499267329089e-02,2.283444397392229153e+00
3.176788945669733327e-02,2.331008578906236028e+00
3.286333392072137566e-02,2.378836589351166708e+00
3.395877838474542498e-02,2.426907786436736547e+00
3.505422284876947431e-02,2.475201175218006533e+00
3.614966731279351669e-02,2.523695432162431196e+00
3.724511177681756602e-02,2.572368929608410681e+00
3.834055624084160840e-02,2.621199760553685643e+00
3.943600070486565773e-02,2.670165763711917606e+00
4.053144516888970011e-02,2.719244548776427628e+00
4.162688963291374944e-02,2.768413521830327184e+00
4.272233409693779183e-02,2.817649910843254002e+00
4.381777856096184115e-02,2.866930791196184547e+00
4.491322302498588354e-02,2.916233111176290915e+00
4.600866748900993286e-02,2.965533717386456214e+00
4.710411195303397525e-02,3.014809380014106033e+00
4.819955641705802457e-02,3.064036817907212829e+00
4.929500088108207390e-02,3.113192723406576601e+00
5.039044534510611628e-02,3.162253786885225626e+00
5.148588980913015867e-02,3.211196720948928274e+00
5.258133427315420799e-02,3.259998284253002421e+00
5.367677873717825038e-02,3.308635304893770446e+00
5.477222320120229970e-02,3.357084703335155407e+00
5.586766766522634903e-02,3.405323514833364928e+00
5.696311212925039141e-02,3.453328911325390216e+00
5.805855659327444074e-02,3.501078222749290703e+00
5.915400105729849006e-02,3.548548957767569068e+00
6.024944552132253245e-02,3.595718823866342895e+00
6.134488998534658177e-02,3.642565746807121752e+00
6.244033444937061722e-02,3.689067889409447965e+00
6.353577891339466654e-02,3.735203669645693392e+00
6.463122337741870893e-02,3.780951778032020538e+00
6.572666784144275132e-02,3.826291194301308263e+00
6.682211230546680758e-02,3.871201203347410580e+00
6.791755676949084997e-02,3.915661410431684253e+00
6.901300123351489235e-02,3.959651755644508331e+00
7.010844569753894862e-02,4.003152527618356160e+00
7.120389016156299100e-02,4.046144376489822392e+00
7.229933462558703339e-02,4.088608326110318103e+00
7.339477908961108965e-02,4.130525785507314751e+00
7.449022355363513204e-02,4.171878559599869973e+00
7.558566801765917442e-02,4.212648859173929949e+00
7.668111248168321681e-02,4.252819310124205998e+00
7.777655694570725919e-02,4.292372961971651080e+00
7.887200140973131546e-02,4.331293295666561960e+00
7.996744587375535784e-02,4.369564230688623319e+00
8.106289033777940023e-02,4.407170131456942919e+00
8.215833480180345649e-02,4.444095813063880129e+00
8.325377926582749888e-02,4.480326546347563443e+00
8.434922372985154126e-02,4.515848062319268941e+00
8.544466819387558365e-02,4.550646555962109652e+00
8.654011265789963991e-02,4.584708689419140448e+00
8.763555712192368230e-02,4.618021594588560319e+00
8.873100158594772469e-02,4.650572875145374319e+00
8.982644604997176707e-02,4.682350608008450266e+00
9.092189051399580946e-02,4.713343344273032365e+00
9.201733497801986572e-02,4.743540109628717971e+00
9.311277944204390811e-02,4.772930404283250994e+00
9.420822390606795049e-02,4.801504202412828270e+00
9.530366837009200676e-02,4.829251951159453604e+00
9.639911283411604914e-02,4.856164569196258718e+00
9.749455729814009153e-02,4.882233444881565632e+00
9.859000176216414779e-02,4.907450434022186947e+00
9.968544622618819018e-02,4.931807857266908179e+00
1.007808906902122326e-01,4.955298497150296022e+00
1.018763351542362888e-01,4.977915594807234001e+00
1.029717796182603173e-01,4.999652846378122462e+00
1.040672240822843597e-01,5.020504399124670059e+00
1.051626685463084160e-01,5.040464847275042182e+00
1.062581130103324584e-01,5.059529227618320135e+00
1.073535574743565008e-01,5.077693014866093257e+00
1.084490019383805570e-01,5.094952116799813524e+00
1.095444464024045994e-01,5.111302869221753475e+00
1.106398908664286418e-01,5.126742030726817667e+00
1.117353353304526981e-01,5.141266777311836123e+00
1.128307797944767404e-01,5.154874696839260473e+00
1.139262242585007828e-01,5.167563783370773933e+00
1.150216687225248391e-01,5.179332431386042046e+00
1.161171131865488815e-01,5.190179429901967900e+00
1.172125576505729239e-01,5.200103956506204383e+00
1.183080021145969801e-01,5.209105571319036621e+00
1.194034465786210225e-01,5.217184210896804508e+00
1.204988910426450649e-01,5.224340182089378004e+00
1.215943355066691212e-01,5.230574155864173846e+00
1.226897799706931635e-01,5.235887161107806165e+00
1.237852244347171921e-01,5.240280578416917301e+00
1.248806688987412344e-01,5.243756133888513027e+00
1.259761133627652907e-01,5.246315892919621859e+00
1.270715578267893331e-01,5.247962254025847706e+00
1.281670022908133755e-01,5.248697942687916118e+00
1.292624467548374179e-01,5.248526005234233516e+00
1.303578912188614602e-01,5.247449802767564897e+00
1.314533356828855026e-01,5.245473005143175271e+00
1.325487801469095728e-01,5.242599585005205398e+00
1.336442246109336152e-01,5.238833811887682934e+00
1.347396690749576575e-01,5.234180246386126001e+00
1.358351135389816999e-01,5.228643734404982979e+00
1.369305580030057423e-01,5.222229401486401912e+00
1.380260024670297847e-01,5.214942647222830630e+00
1.391214469310538548e-01,5.206789139761377250e+00
1.402168913950778972e-01,5.197774810397543632e+00
1.413123358591019396e-01,5.187905848270290221e+00
1.424077803231259820e-01,5.177188695149461672e+00
1.435032247871500244e-01,5.165630040328835548e+00
1.445986692511740668e-01,5.153236815620132028e+00
1.456941137151981369e-01,5.140016190451738964e+00
1.467895581792221793e-01,5.125975567072617700e+00
1.478850026432462217e-01,5.111122575862407480e+00
1.489804471072702641e-01,5.095465070747676073e+00
1.500758915712943065e-01,5.079011124724635451e+00
1.511713360353183488e-01,5.061769025487355300e+00
1.522667804993423912e-01,5.043747271161371337e+00
1.533622249633664336e-01,5.024954566140625190e+00
1.544576694273904760e-01,5.005399817027169185e+00
1.555531138914145184e-01,4.985092128671161582e+00
1.566485583554385608e-01,4.964040800309097889e+00
1.577440028194626309e-01,4.942255321798068479e+00
1.588394472834866733e-01,4.919745369942862823e+00
1.599348917475107157e-01,4.896520804912958269e+00
1.610303362115347581e-01,4.872591666745951677e+00
1.621257806755588005e-01,4.847968171933792370e+00
1.632212251395828428e-01,4.822660710087426139e+00
1.643166696036069130e-01,4.796679840676004503e+00
1.654121140676309554e-01,4.770036289835887899e+00
1.665075585316549978e-01,4.742740947244189265e+00
1.676030029956790401e-01,4.714804863052385997e+00
1.686984474597030825e-01,4.686239244874098375e+00
1.697938919237271249e-01,4.657055454821600549e+00
1.708893363877511673e-01,4.627265006584928564e+00
1.719847808517752374e-01,4.596879562547919740e+00
1.730802253157992798e-01,4.565910930934168555e+00
1.741756697798233222e-01,4.534371062976943811e+00
1.752711142438473646e-01,4.502272050105674772e+00
1.763665587078714070e-01,4.469626121142605157e+00
1.774620031718954494e-01,4.436445639501924276e+00
1.785574476359194918e-01,4.402743100384152619e+00
1.796528920999435341e-01,4.368531127958552140e+00
1.807483365639675765e-01,4.333822472525197256e+00
1.818437810279916189e-01,4.298630007649923535e+00
1.829392254920156613e-01,4.262966727262981870e+00
1.840346699560397314e-01,4.226845742714090193e+00
1.851301144200637738e-01,4.190280279776117389e+00
1.862255588840878162e-01,4.153283675587838175e+00
1.873210033481118586e-01,4.115869375529134011e+00
1.884164478121359010e-01,4.078050930018950915e+00
1.895118922761599434e-01,4.039841991228759532e+00
1.906073367401840135e-01,4.001256309702458935e+00
1.917027812042080559e-01,3.962307730875112899e+00
1.927982256682320983e-01,3.923010191482029008e+00
1.938936701322561407e-01,3.883377715849871237e+00
1.949891145962801831e-01,3.843424412062577566e+00
1.960845590603042254e-01,3.803164467993541464e+00
1.971800035243282956e-01,3.762612147196997991e+00
1.982754479883523380e-01,3.721781784650781688e+00
1.993708924523763804e-01,3.680687782343758929e+00
2.004663369164004227e-01,3.639344604700928354e+00
2.015617813804244651e-01,3.597766773839333077e+00
2.026572258444485075e-01,3.555968864649539984e+00
2.037526703084725777e-01,3.513965499695820061e+00
2.048481147724966200e-01,3.471771343930624365e+00
2.059435592365206347e-01,3.429401099217960436e+00
2.070390037005446771e-01,3.386869498662041789e+00
2.081344481645687194e-01,3.344191300736451655e+00
2.092298926285927896e-01,3.301381283211807016e+00
2.103253370926168320e-01,3.258454236878645993e+00
2.114207815566408744e-01,3.215424959063967414e+00
2.125162260206649167e-01,3.172308246940727106e+00
2.136116704846889591e-01,3.129118890629117633e+00
2.147071149487130015e-01,3.085871666090865162e+00
2.158025594127370717e-01,3.042581327817627912e+00
2.168980038767611140e-01,2.999262601315488386e+00
2.179934483407851564e-01,2.955930175388605363e+00
2.190888928048091988e-01,2.912598694226471885e+00
2.201843372688332134e-01,2.869282749299005175e+00
2.212797817328572836e-01,2.825996871066070781e+00
2.223752261968813260e-01,2.782755520507751879e+00
2.234706706609053961e-01,2.739573080483962197e+00
2.245661151249294107e-01,2.696463846931526298e+00
2.256615595889534809e-01,2.653442019909471927e+00
2.267570040529774955e-01,2.610521694503202372e+00
2.278524485170015657e-01,2.567716851599344707e+00
2.289478929810256080e-01,2.525041348544964315e+00
2.300433374450496782e-01,2.482508909704638889e+00
2.311387819090736928e-01,2.440133116930886192e+00
2.322342263730977630e-01,2.397927399963486472e+00
2.333296708371217776e-01,2.355905026775193534e+00
2.344251153011458477e-01,2.314079093881698856e+00
2.355205597651698901e-01,2.272462516633847684e+00
2.366160042291939603e-01,2.231068019512622236e+00
2.377114486932179749e-01,2.189908126446547865e+00
2.388068931572420450e-01,2.148995151172731433e+00
2.399023376212660597e-01,2.108341187662888583e+00
2.409977820852901298e-01,2.067958100637599994e+00
2.420932265493141722e-01,2.027857516188598108e+00
2.431886710133382423e-01,1.988050812536471090e+00
2.442841154773622570e-01,1.948549110942881857e+00
2.453795599413863271e-01,1.909363266803140391e+00
2.464750044054103417e-01,1.870503860942313246e+00
2.475704488694343841e-01,1.831981191138087883e+00
2.486658933334584543e-01,1.793805263894312274e+00
2.497613377974824689e-01,1.755985786488467149e+00
2.508567822615065390e-01,1.718532159315671493e+00
2.519522267255305814e-01,1.681453468552336794e+00
2.530476711895546238e-01,1.644758479161207543e+00
2.541431156535786662e-01,1.608455628259178871e+00
2.552385601176027086e-01,1.572553018868607433e+00
2.563340045816267510e-01,1.537058414071948320e+00
2.574294490456507933e-01,1.501979231588215447e+00
2.585248935096748357e-01,1.467322538789709752e+00
2.596203379736989336e-01,1.433095048174553243e+00
2.607157824377229205e-01,1.399303113311805236e+00
2.618112269017470184e-01,1.365952725271571522e+00
2.629066713657710053e-01,1.333049509554355527e+00
2.640021158297951032e-01,1.300598723529162060e+00
2.650975602938191455e-01,1.268605254391436121e+00
2.661930047578431879e-01,1.237073617647782342e+00
2.672884492218672303e-01,1.206007956134219183e+00
2.683838936858912727e-01,1.175412039572410805e+00
2.694793381499153151e-01,1.145289264667095130e+00
2.705747826139393575e-01,1.115642655745913814e+00
2.716702270779633999e-01,1.086474865939804468e+00
2.727656715419874978e-01,1.057788178904535137e+00
2.738611160060114846e-01,1.029584511075359865e+00
2.749565604700355270e-01,1.001865414452707270e+00
2.760520049340595694e-01,9.746320799090746334e-01
2.771474493980836118e-01,9.478853410085222864e-01
2.782428938621077097e-01,9.216256783289583643e-01
2.793383383261316966e-01,8.958532242729086992e-01
2.804337827901557945e-01,8.705677683552246471e-01
2.815292272541797813e-01,8.457687629506417393e-01
2.826246717182038792e-01,8.214553294853321752e-01
2.837201161822279216e-01,7.976262650549384992e-01
2.848155606462519640e-01,7.742800494488489838e-01
2.859110051102760064e-01,7.514148525620243380e-01
2.870064495743000488e-01,7.290285421720736903e-01
2.881018940383240912e-01,7.071186920597086756e-01
2.891973385023481335e-01,6.856825904510644998e-01
2.902927829663721759e-01,6.647172487560887300e-01
2.913882274303962738e-01,6.442194105810835625e-01
2.924836718944202607e-01,6.241855609901576507e-01
2.935791163584443586e-01,6.046119359898410872e-01
2.946745608224683455e-01,5.854945322136496655e-01
2.957700052864924434e-01,5.668291167799858199e-01
2.968654497505164858e-01,5.486112372979173868e-01
2.979608942145405281e-01,5.308362319979172961e-01
2.990563386785645705e-01,5.134992399590593282e-01
3.001517831425886129e-01,4.965952114117754834e-01
3.012472276066126553e-01,4.801189180887074914e-01
3.023426720706366977e-01,4.640649636021469404e-01
3.034381165346607401e-01,4.484277938230257776e-01
3.045335609986847825e-01,4.332017072396602275e-01
3.056290054627088248e-01,4.183808652742841971e-01
3.067244499267328672e-01,4.039593025355113776e-01
3.078198943907569096e-01,3.899309369864868424e-01
3.089153388547809520e-01,3.762895800095293342e-01
3.100107833188050499e-01,3.630289463480739220e-01
3.111062277828290368e-01,3.501426639074463609e-01
3.122016722468531347e-01,3.376242833995709014e-01
3.132971167108771215e-01,3.254672878155440707e-01
3.143925611749012194e-01,3.136651017066275360e-01
3.154880056389252618e-01,3.022111002683449121e-01
3.165834501029493042e-01,2.910986182080216311e-01
3.176788945669733466e-01,2.803209583867368182e-01
3.187743390309973890e-01,2.698714002259028910e-01
3.198697834950214314e-01,2.597432078668905353e-01
3.209652279590454738e-01,2.499296380776034610e-01
3.220606724230695161e-01,2.404239478962669208e-01
3.231561168870936140e-01,2.312194020082861123e-01
3.242515613511176009e-01,2.223092798483845278e-01
3.253470058151416988e-01,2.136868824261480559e-01
3.264424502791656857e-01,2.053455388691837191e-01
3.275378947431897836e-01,1.972786126821955144e-01
3.286333392072138260e-01,1.894795077212331758e-01
3.297287836712378128e-01,1.819416738802793754e-01
3.308242281352619107e-01,1.746586124916576499e-01
3.319196725992858976e-01,1.676238814399118593e-01
3.330151170633099955e-01,1.608310999916278961e-01
3.341105615273339824e-01,1.542739533424244691e-01
3.352060059913580803e-01,1.479461968835853181e-01
3.363014504553821227e-01,1.418416601931302701e-01
3.373968949194061651e-01,1.359542507538529788e-01
3.384923393834302074e-01,1.302779574025710041e-01
3.395877838474542498e-01,1.248068535172701249e-01
3.406832283114782922e-01,1.195350999454260071e-01
3.417786727755023346e-01,1.144569476802441282e-01
3.428741172395263770e-01,1.095667402909564214e-01
3.439695617035504749e-01,1.048589161131334574e-01
3.450650061675744618e-01,1.003280102063628249e-01
3.461604506315985597e-01,9.596865608526944369e-02
3.472558950956225465e-01,9.177558723197075385e-02
3.483513395596466444e-01,8.774363839650589636e-02
3.494467840236706868e-01,8.386774669360097523e-02
3.505422284876947292e-01,8.014295250259408088e-02
3.516376729517187716e-01,7.656440017794584330e-02
3.527331174157428140e-01,7.312733857957245953e-02
3.538285618797668564e-01,6.982712142869650085e-02
3.549240063437908987e-01,6.665920749855619443e-02
3.560194508078149411e-01,6.361916064730747944e-02
3.571148952718389835e-01,6.070264970026235940e-02
3.582103397358630259e-01,5.790544818960252638e-02
3.593057841998870683e-01,5.522343395937865523e-02
3.604012286639111107e-01,5.265258864250436932e-02
3.614966731279351531e-01,5.018899701826228660e-02
3.625921175919592510e-01,4.782884625601357270e-02
3.636875620559832378e-01,4.556842505365637369e-02
3.647830065200073357e-01,4.340412267682851322e-02
3.658784509840313226e-01,4.133242790650563242e-02
3.669738954480554205e-01,3.934992790035779509e-02
3.680693399120794629e-01,3.745330697607136827e-02
3.691647843761035053e-01,3.563934532096270369e-02
3.702602288401275477e-01,3.390491763536981201e-02
3.713556733041515900e-01,3.224699171542511761e-02
3.724511177681756324e-01,3.066262698001306561e-02
3.735465622321996748e-01,2.914897294907589642e-02
3.746420066962237172e-01,2.770326767673473786e-02
3.757374511602478151e-01,2.632283614521948450e-02
3.768328956242718020e-01,2.500508862510692626e-02
3.779283400882958999e-01,2.374751900459210960e-02
3.790237845523198867e-01,2.254770309480077714e-02
3.801192290163439846e-01,2.140329691300998927e-02
3.812146734803680270e-01,2.031203494938655513e-02
3.823101179443920694e-01,1.927172842046585843e-02
3.834055624084161118e-01,1.828026351315974879e-02
3.845010068724400987e-01,1.733559962313557454e-02
3.855964513364641966e-01,1.643576758948928768e-02
3.866918958004882390e-01,1.557886793094454166e-02
3.877873402645122813e-01,1.476306908465139546e-02
3.888827847285363237e-01,1.398660565105291735e-02
3.899782291925603661e-01,1.324777664763506814e-02
3.910736736565844085e-01,1.254494377289080975e-02
3.921691181206084509e-01,1.187652968464648386e-02
3.932645625846324933e-01,1.124101629241590350e-02
3.943600070486565912e-01,1.063694306749247281e-02
3.954554515126805780e-01,1.006290537209723716e-02
3.965508959767046759e-01,9.517552808911828449e-03
3.976463404407286628e-01,8.999587592336067213e-03
3.987417849047527607e-01,8.507762943490081511e-03
3.998372293687768031e-01,8.040881509736315380e-03
4.009326738328008455e-01,7.597793810202511239e-03
4.020281182968248879e-01,7.177396707060639154e-03
4.031235627608489303e-01,6.778631905585636233e-03
4.042190072248729726e-01,6.400484481763832507e-03
4.053144516888970150e-01,6.041981438913403973e-03
4.064098961529210574e-01,5.702190294704209163e-03
4.075053406169451553e-01,5.380217696717603387e-03
4.086007850809691422e-01,5.075208070551082661e-03
4.096962295449932401e-01,4.786342296377656645e-03
4.107916740090172270e-01,4.512836418370104290e-03
4.118871184730412693e-01,4.253940384198724375e-03
4.129825629370653672e-01,4.008936816408793270e-03
4.140780074010893541e-01,3.777139814818110224e-03
4.151734518651134520e-01,3.557893789905383630e-03
4.162688963291374389e-01,3.350572327809967551e-03
4.173643407931615368e-01,3.154577086642103637e-03
4.184597852571855792e-01,2.969336722155403556e-03
4.195552297212096216e-01,2.794305846295047028e-03
4.206506741852336639e-01,2.628964014085400074e-03
4.217461186492577063e-01,2.472814741306825648e-03
4.228415631132817487e-01,2.325384552387670112e-03
4.239370075773057911e-01,2.186222056772899134e-03
4.250324520413298335e-01,2.054897054151419000e-03
4.261278965053539314e-01,1.930999669172772833e-03
4.272233409693779183e-01,1.814139512887233104e-03
4.283187854334020161e-01,1.703944872348812966e-03
4.294142298974260030e-01,1.600061927585459893e-03
4.305096743614501009e-01,1.502153993862848569e-03
4.316051188254741433e-01,1.409900791482784216e-03
4.327005632894981857e-01,1.322997739652765703e-03
4.337960077535222281e-01,1.241155276330158054e-03
4.348914522175462705e-01,1.164098200936312206e-03
4.359868966815703129e-01,1.091565042801339799e-03
4.370823411455943552e-01,1.023307451346398616e-03
4.381777856096183976e-01,9.590896083390389659e-04
4.392732300736424400e-01,8.986876645938244278e-04
4.403686745376664269e-01,8.418891956170914976e-04
4.414641190016905803e-01,7.884926788853587488e-04
4.425595634657145672e-01,7.383069921333158120e-04
4.436550079297386096e-01,6.911509309581168785e-04
4.447504523937626519e-01,6.468527445119304654e-04
4.458458968577867498e-01,6.052496913201576732e-04
4.469413413218107922e-01,5.661876124750351040e-04
4.480367857858347791e-01,5.295205219707036512e-04
4.491322302498588215e-01,4.951102141696984635e-04
4.502276747138829194e-01,4.628258879808878640e-04
4.513231191779069618e-01,4.325437856883346732e-04
4.524185636419310041e-01,4.041468497806589562e-04
4.535140081059549910e-01,3.775243903403100549e-04
4.546094525699791444e-01,3.525717708904249907e-04
4.557048970340031313e-01,3.291901053137381828e-04
4.568003414980271737e-01,3.072859695359872706e-04
4.578957859620512161e-01,2.867711246587412925e-04
4.589912304260753140e-01,2.675622542668570241e-04
4.600866748900993564e-01,2.495807116967288454e-04
4.611821193541233432e-01,2.327522805180603290e-04
4.622775638181473856e-01,2.170069442320497017e-04
4.633730082821714835e-01,2.022786680391963794e-04
4.644684527461955259e-01,1.885051906297287435e-04
4.655638972102195683e-01,1.756278245864542707e-04
4.666593416742435552e-01,1.635912676264104665e-04
4.677547861382675976e-01,1.523434218348042443e-04
4.688502306022916954e-01,1.418352224212517858e-04
4.699456750663157378e-01,1.320204735659438646e-04
4.710411195303397802e-01,1.228556937904874647e-04
4.721365639943637671e-01,1.142999676250544073e-04
4.732320084583879205e-01,1.063148051352205372e-04
4.743274529224119074e-01,9.886400794752545778e-05
4.754228973864359498e-01,9.191354353155270485e-05
4.765183418504599921e-01,8.543142342717956542e-05
4.776137863144840900e-01,7.938758961822332252e-05
4.787092307785081324e-01,7.375380564925986698e-05
4.798046752425321193e-01,6.850355387795244568e-05
4.809001197065561617e-01,6.361193758543215557e-05
4.819955641705802596e-01,5.905558891217803239e-05
4.830910086346043020e-01,5.481258023064649178e-05
4.841864530986283444e-01,5.086234211637743189e-05
4.852818975626523312e-01,4.718558395084223342e-05
4.863773420266764846e-01,4.376421927729803673e-05
4.874727864907004715e-01,4.058129633455599770e-05
4.885682309547245139e-01,3.762092991908807182e-05
4.896636754187485563e-01,3.486823973449705046e-05
4.907591198827726542e-01,3.230928923987795093e-05
4.918545643467966966e-01,2.993103123572567783e-05
4.929500088108206834e-01,2.772125246189808135e-05
4.940454532748447258e-01,2.566852514095422931e-05
4.951408977388687682e-01,2.376215823525318525e-05
4.962363422028928661e-01,2.199215339400428115e-05
4.973317866669169085e-01,2.034916222579822225e-05
4.984272311309408954e-01,1.882444668144512594e-05
4.995226755949649378e-01,1.740984151840033127e-05
5.006181200589890912e-01,1.609771884548123638e-05
5.017135645230130780e-01,1.488095385268967393e-05
5.028090089870370649e-01,1.375289477480649222e-05
5.039044534510611628e-01,1.270733274571491355e-05
5.049998979150852607e-01,1.173847289818185467e-05
5.060953423791092476e-01,1.084090975466486947e-05
5.071907868431332345e-01,1.000960163248940954e-05
5.082862313071573324e-01,9.239847222097299963e-06
5.093816757711814303e-01,8.527264106199170161e-06
5.104771202352054171e-01,7.867768528354143260e-06
5.115725646992295150e-01,7.257555820603941284e-06
5.126680091632535019e-01,6.693081779188512686e-06
5.137634536272775998e-01,6.171046677504174864e-06
5.148588980913015867e-01,5.688378086794129762e-06
5.159543425553256846e-01,5.242217590692453708e-06
5.170497870193496714e-01,4.829904963998885224e-06
5.181452314833737693e-01,4.448965779797157684e-06
5.192406759473978672e-01,4.097099494333597346e-06
5.203361204114218541e-01,3.772167116066394468e-06
5.214315648754458410e-01,3.472180359783689691e-06
5.225270093394699389e-01,3.195292171308137676e-06
5.236224538034940368e-01,2.939786896625479733e-06
5.247178982675180237e-01,2.704071097378792024e-06
5.258133427315420105e-01,2.486665094892114221e-06
5.269087871955661084e-01,2.286196147604544272e-06
5.280042316595902063e-01,2.101389759784278101e-06
5.290996761236141932e-01,1.931064210504505959e-06
5.301951205876382911e-01,1.774123320997773452e-06
5.312905650516622780e-01,1.629550583967908811e-06
5.323860095156863759e-01,1.496404154621375548e-06
5.334814539797103627e-01,1.373810673089191879e-06
5.345768984437344606e-01,1.260961713526095767e-06
5.356723429077584475e-01,1.157107767503718228e-06
5.367677873717825454e-01,1.061555634786054121e-06
5.378632318358066433e-01,9.736630162442135549e-07
5.389586762998306302e-01,8.928358414013317749e-07
5.400541207638546171e-01,8.185242314579700635e-07
5.411495652278787150e-01,7.502196111502711843e-07
5.422450096919028129e-01,6.874518025967982953e-07
5.433404541559267997e-01,6.297861741490497620e-07
5.444358986199507866e-01,5.768208213812022676e-07
5.455313430839749955e-01,5.281847296663486013e-07
5.466267875479989824e-01,4.835346911576342732e-07
5.477222320120229693e-01,4.425542306852213787e-07
5.488176764760470672e-01,4.049508263737814138e-07
5.499131209400710540e-01,3.704546862007497103e-07
5.510085654040951519e-01,3.388167693213416337e-07
5.521040098681191388e-01,3.098073956072649914e-07
5.531994543321432367e-01,2.832144901413806927e-07
5.542948987961672236e-01,2.588429160086520149e-07
5.553903432601913215e-01,2.365125831279427296e-07
5.564857877242154194e-01,2.160572268186286631e-07
5.575812321882394063e-01,1.973242885393911761e-07
5.586766766522633931e-01,1.801728500220126591e-07
5.597721211162874910e-01,1.644732134207010137e-07
5.608675655803115889e-01,1.501060496524674940e-07
5.619630100443355758e-01,1.369613345873600405e-07
5.630584545083595627e-01,1.249379994812978583e-07
5.641538989723837716e-01,1.139433747272854081e-07
5.652493434364077585e-01,1.038914912988485578e-07
5.663447879004317453e-01,9.470381140999675725e-08
5.674402323644558432e-01,8.630834697991822104e-08
5.685356768284799411e-01,7.863841170819146341e-08
5.696311212925039280e-01,7.163306016265204056e-08
5.707265657565279149e-01,6.523620738813036112e-08
5.718220102205520128e-01,5.939678339262295799e-08
5.729174546845761107e-01,5.406694628438223258e-08
5.740128991486000976e-01,4.920388486203141043e-08
5.751083436126241955e-01,4.476751066519006479e-08
5.762037880766481823e-01,4.072143901837333788e-08
5.772992325406721692e-01,3.703251287501751435e-08
5.783946770046962671e-01,3.366959807803471746e-08
5.794901214687203650e-01,3.060471735035688888e-08
5.805855659327443519e-01,2.781238359052741649e-08
5.816810103967683387e-01,2.526884725382148304e-08
5.827764548607925477e-01,2.295234904373520759e-08
5.838718993248165345e-01,2.084342739203543921e-08
5.849673437888405214e-01,1.892366287667604914e-08
5.860627882528646193e-01,1.717673586000137616e-08
5.871582327168887172e-01,1.558737344422452899e-08
5.882536771809127041e-01,1.414164944840441337e-08
5.893491216449366910e-01,1.282702461786128868e-08
5.904445661089607889e-01,1.163180734939079653e-08
5.915400105729848867e-01,1.054553227734441016e-08
5.926354550370088736e-01,9.558390722900256131e-09
5.937308995010329715e-01,8.661582179647744700e-09
5.948263439650569584e-01,7.847085522026583752e-09
5.959217884290810563e-01,7.107507338995185800e-09
5.970172328931050432e-01,6.436061737346487002e-09
5.981126773571291411e-01,5.826683350762282314e-09
5.992081218211531279e-01,5.273767032249556018e-09
6.003035662851772258e-01,4.772199370411763072e-09
6.013990107492013237e-01,4.317256254578638750e-09
6.024944552132253106e-01,3.904768241173248132e-09
6.035898996772492975e-01,3.530937370457014268e-09
6.046853441412733954e-01,3.192016908253849430e-09
6.057807886052974933e-01,2.885069435261273590e-09
6.068762330693214802e-01,2.606944828778031211e-09
6.079716775333454670e-01,2.355065795873944234e-09
6.090671219973695649e-01,2.126970985576147728e-09
6.101625664613936628e-01,1.920643185292393167e-09
6.112580109254176497e-01,1.733831140589227747e-09
6.123534553894417476e-01,1.564867935912527245e-09
6.134488998534657345e-01,1.411991574580203034e-09
6.145443443174898324e-01,1.273783349110300407e-09
6.156397887815138192e-01,1.148813640911580713e-09
6.167352332455379171e-01,1.035807183314260026e-09
6.178306777095619040e-01,9.337549223718589326e-10
6.189261221735860019e-01,8.415571395022755155e-10
6.200215666376100998e-01,7.582996323154866360e-10
6.211170111016340867e-01,6.830612565178234055e-10
6.222124555656580736e-01,6.151918411714470310e-10
6.233079000296821714e-01,5.539527337841000428e-10
6.244033444937062693e-01,4.986555103149807286e-10
6.254987889577302562e-01,4.486904112895695032e-10
6.265942334217542431e-01,4.038349718649431620e-10
6.276896778857784520e-01,3.632480786934472223e-10
6.287851223498024389e-01,3.266442481292193561e-10
6.298805668138264258e-01,2.936232617706641742e-10
6.309760112778505237e-01,2.640074300203511028e-10
6.320714557418745105e-01,2.372505887129432331e-10
6.331669002058986084e-01,2.131420524951758754e-10
6.342623446699225953e-01,1.914412133065760206e-10
6.353577891339466932e-01,1.719056788361575161e-10
6.364532335979706801e-01,1.544050148512894027e-10
6.375486780619947780e-01,1.385799150615314945e-10
6.386441225260188759e-01,1.243823775373540615e-10
6.397395669900428627e-01,1.116496669639719338e-10
6.408350114540668496e-01,1.001033240807935237e-10
6.419304559180909475e-01,8.977842324090353208e-11
6.430259003821150454e-01,8.048037468535882823e-11
6.441213448461390323e-01,7.215711282448706654e-11
6.452167893101630192e-01,6.461201665460244228e-11
6.463122337741872281e-01,5.793589124658651697e-11
6.474076782382112150e-01,5.190189662995972495e-11
6.485031227022352018e-01,4.645548998706742653e-11
6.495985671662591887e-01,4.159979187744424184e-11
6.506940116302833976e-01,3.725068454491805754e-11
6.517894560943073845e-01,3.335258476039240717e-11
6.528849005583313714e-01,2.976197779855580113e-11
6.539803450223554693e-01,2.671432153310022116e-11
6.550757894863795672e-01,2.386110943160886812e-11
6.561712339504035540e-01,2.126203553361104144e-11
6.572666784144276519e-01,1.900656635030297527e-11
6.583621228784516388e-01,1.703763260172074919e-11
6.594575673424756257e-01,1.515039150878844876e-11
6.605530118064997236e-01,1.352243873844535108e-11
6.616484562705238215e-01,1.209596219787209175e-11
6.627439007345478084e-01,1.081275370007195589e-11
6.638393451985717952e-01,9.703229443131949393e-12
6.649347896625960042e-01,8.649388663171093286e-12
6.660302341266199910e-01,7.681300983459627978e-12
6.671256785906439779e-01,6.918699951482249057e-12
6.682211230546679648e-01,6.123653288780557926e-12
6.693165675186921737e-01,5.355854554370322580e-12
6.704120119827161606e-01,5.005068436126103192e-12
6.715074564467401474e-01,4.502994450813456730e-12
6.726029009107642453e-01,4.029306990912030969e-12
6.736983453747883432e-01,3.463678805772751882e-12
6.747937898388123301e-01,2.956506723734525965e-12
6.758892343028363170e-01,2.628959442089376779e-12
6.769846787668604149e-01,2.602997444083454008e-12
6.780801232308845128e-01,2.213133591988696334e-12
6.791755676949084997e-01,1.882715793669567666e-12
6.802710121589325976e-01,1.733704469919944315e-12
6.813664566229565844e-01,1.462336843254932204e-12
6.824619010869806823e-01,1.403682308780633120e-12
6.835573455510046692e-01,1.161443916642230089e-12
6.846527900150287671e-01,1.071482765398441446e-12
6.857482344790527540e-01,8.892348854019125509e-13
6.868436789430767409e-01,8.906697338412745623e-13
6.879391234071009498e-01,8.921045511355894378e-13
6.890345678711249366e-01,7.394808310218130300e-13
6.901300123351489235e-01,6.172235124735263606e-13
6.912254567991730214e-01,5.563916802233460512e-13
6.923209012631971193e-01,4.024815747178794781e-13
6.934163457272211062e-01,5.271630694887229779e-13
6.945117901912450931e-01,3.727087497605927257e-13
6.956072346552691910e-01,4.977365057635835294e-13
6.967026791192932889e-01,1.557899985993072964e-13
6.977981235833172757e-01,1.560373340768815229e-13
6.988935680473413736e-01,3.750831948375186246e-13
6.999890125113653605e-01,2.191447859259006391e-13
7.010844569753894584e-01,1.881351724829206078e-13
7.021799014394134453e-01,9.421597554760859837e-14
7.032753459034375432e-01,6.290957460340223831e-14
7.043707903674615300e-01,1.890254906644004345e-13
7.054662348314856279e-01,1.577685430783274601e-13
7.065616792955097258e-01,1.264126712899107181e-13
7.076571237595337127e-01,9.495787821129631484e-14
7.087525682235576996e-01,1.268083334616261878e-13
7.098480126875817975e-01,2.222607779925990235e-13
7.109434571516058954e-01,1.908059707180519960e-13
7.120389016156298823e-01,0.000000000000000000e+00
7.131343460796538691e-01,0.000000000000000000e+00
7.142297905436779670e-01,0.000000000000000000e+00
7.153252350077020649e-01,0.000000000000000000e+00
7.164206794717260518e-01,0.000000000000000000e+00
7.175161239357501497e-01,0.000000000000000000e+00
7.186115683997741366e-01,0.000000000000000000e+00
7.197070128637982345e-01,0.000000000000000000e+00
7.208024573278222213e-01,0.000000000000000000e+00
7.218979017918463192e-01,0.000000000000000000e+00
7.229933462558703061e-01,0.000000000000000000e+00
7.240887907198944040e-01,0.000000000000000000e+00
7.251842351839185019e-01,0.000000000000000000e+00
7.262796796479424888e-01,0.000000000000000000e+00
7.273751241119664757e-01,0.000000000000000000e+00
7.284705685759905736e-01,0.000000000000000000e+00
7.295660130400146715e-01,0.000000000000000000e+00
7.306614575040386583e-01,0.000000000000000000e+00
7.317569019680626452e-01,0.000000000000000000e+00
7.328523464320868541e-01,0.000000000000000000e+00
7.339477908961108410e-01,0.000000000000000000e+00
7.350432353601348279e-01,0.000000000000000000e+00
7.361386798241589258e-01,0.000000000000000000e+00
7.372341242881830237e-01,0.000000000000000000e+00
7.383295687522070105e-01,0.000000000000000000e+00
7.394250132162309974e-01,0.000000000000000000e+00
7.405204576802550953e-01,0.000000000000000000e+00
7.416159021442790822e-01,0.000000000000000000e+00
7.427113466083031801e-01,0.000000000000000000e+00
7.438067910723272780e-01,0.000000000000000000e+00
7.449022355363512649e-01,0.000000000000000000e+00
7.459976800003752517e-01,0.000000000000000000e+00
7.470931244643993496e-01,0.000000000000000000e+00
7.481885689284234475e-01,0.000000000000000000e+00
7.492840133924474344e-01,0.000000000000000000e+00
7.503794578564714213e-01,0.000000000000000000e+00
7.514749023204956302e-01,0.000000000000000000e+00
7.525703467845196171e-01,0.000000000000000000e+00
7.536657912485436039e-01,0.000000000000000000e+00
7.547612357125677018e-01,0.000000000000000000e+00
7.558566801765917997e-01,0.000000000000000000e+00
7.569521246406157866e-01,0.000000000000000000e+00
7.580475691046397735e-01,0.000000000000000000e+00
7.591430135686638714e-01,0.000000000000000000e+00
7.602384580326879693e-01,0.000000000000000000e+00
7.613339024967119562e-01,0.000000000000000000e+00
7.624293469607360541e-01,0.000000000000000000e+00
7.635247914247600409e-01,0.000000000000000000e+00
7.646202358887841388e-01,0.000000000000000000e+00
7.657156803528081257e-01,0.000000000000000000e+00
7.668111248168322236e-01,0.000000000000000000e+00
7.679065692808562105e-01,0.000000000000000000e+00
7.690020137448801973e-01,0.000000000000000000e+00
7.700974582089044063e-01,0.000000000000000000e+00
7.711929026729283931e-01,0.000000000000000000e+00
7.722883471369523800e-01,0.000000000000000000e+00
7.733837916009764779e-01,0.000000000000000000e+00
7.744792360650005758e-01,0.000000000000000000e+00
7.755746805290245627e-01,0.000000000000000000e+00
7.766701249930485496e-01,0.000000000000000000e+00
7.777655694570726475e-01,0.000000000000000000e+00
7.788610139210967453e-01,0.000000000000000000e+00
7.799564583851207322e-01,0.000000000000000000e+00
7.810519028491448301e-01,0.000000000000000000e+00
7.821473473131688170e-01,0.000000000000000000e+00
7.832427917771929149e-01,0.000000000000000000e+00
7.843382362412169018e-01,0.000000000000000000e+00
7.854336807052409997e-01,0.000000000000000000e+00
7.865291251692649865e-01,0.000000000000000000e+00
7.876245696332890844e-01,0.000000000000000000e+00
7.887200140973131823e-01,0.000000000000000000e+00
7.898154585613371692e-01,0.000000000000000000e+00
7.909109030253611561e-01,0.000000000000000000e+00
7.920063474893852540e-01,0.000000000000000000e+00
7.931017919534093519e-01,0.000000000000000000e+00
7.941972364174333388e-01,0.000000000000000000e+00
7.952926808814573256e-01,0.000000000000000000e+00
7.963881253454814235e-01,0.000000000000000000e+00
7.974835698095055214e-01,0.000000000000000000e+00
7.985790142735295083e-01,0.000000000000000000e+00
7.996744587375536062e-01,0.000000000000000000e+00
8.007699032015775931e-01,0.000000000000000000e+00
8.018653476656016910e-01,0.000000000000000000e+00
8.029607921296256778e-01,0.000000000000000000e+00
8.040562365936497757e-01,0.000000000000000000e+00
8.051516810576737626e-01,0.000000000000000000e+00
8.062471255216978605e-01,0.000000000000000000e+00
8.073425699857219584e-01,0.000000000000000000e+00
8.084380144497459453e-01,0.000000000000000000e+00
8.095334589137699322e-01,0.000000000000000000e+00
8.106289033777940300e-01,0.000000000000000000e+00
8.117243478418181279e-01,0.000000000000000000e+00
8.128197923058421148e-01,0.000000000000000000e+00
8.139152367698661017e-01,0.000000000000000000e+00
8.150106812338903106e-01,0.000000000000000000e+00
8.161061256979142975e-01,0.000000000000000000e+00
8.172015701619382844e-01,0.000000000000000000e+00
8.182970146259623823e-01,0.000000000000000000e+00
8.193924590899864802e-01,0.000000000000000000e+00
8.204879035540104670e-01,0.000000000000000000e+00
8.215833480180344539e-01,0.000000000000000000e+00
8.226787924820585518e-01,0.000000000000000000e+00
8.237742369460825387e-01,0.000000000000000000e+00
8.248696814101066366e-01,0.000000000000000000e+00
8.259651258741307345e-01,0.000000000000000000e+00
8.270605703381547213e-01,0.000000000000000000e+00
8.281560148021787082e-01,0.000000000000000000e+00
8.292514592662028061e-01,0.000000000000000000e+00
8.303469037302269040e-01,0.000000000000000000e+00
8.314423481942508909e-01,0.000000000000000000e+00
8.325377926582748778e-01,0.000000000000000000e+00
8.336332371222990867e-01,0.000000000000000000e+00
8.347286815863230736e-01,0.000000000000000000e+00
8.358241260503470604e-01,0.000000000000000000e+00
8.369195705143711583e-01,0.000000000000000000e+00
8.380150149783952562e-01,0.000000000000000000e+00
8.391104594424192431e-01,0.000000000000000000e+00
8.402059039064432300e-01,0.000000000000000000e+00
8.413013483704673279e-01,0.000000000000000000e+00
8.423967928344914258e-01,0.000000000000000000e+00
8.434922372985154126e-01,0.000000000000000000e+00
8.445876817625395105e-01,0.000000000000000000e+00
8.456831262265634974e-01,0.000000000000000000e+00
8.467785706905875953e-01,0.000000000000000000e+00
8.478740151546115822e-01,0.000000000000000000e+00
8.489694596186356801e-01,0.000000000000000000e+00
8.500649040826596670e-01,0.000000000000000000e+00
8.511603485466836538e-01,0.000000000000000000e+00
8.522557930107078628e-01,0.000000000000000000e+00
8.533512374747318496e-01,0.000000000000000000e+00
8.544466819387558365e-01,0.000000000000000000e+00
8.555421264027798234e-01,0.000000000000000000e+00
8.566375708668040323e-01,0.000000000000000000e+00
8.577330153308280192e-01,0.000000000000000000e+00
8.588284597948520060e-01,0.000000000000000000e+00
8.599239042588761039e-01,0.000000000000000000e+00
8.610193487229002018e-01,0.000000000000000000e+00
8.621147931869241887e-01,0.000000000000000000e+00
8.632102376509482866e-01,0.000000000000000000e+00
8.643056821149722735e-01,0.000000000000000000e+00
8.654011265789963714e-01,0.000000000000000000e+00
8.664965710430203583e-01,0.000000000000000000e+00
8.675920155070444562e-01,0.000000000000000000e+00
8.686874599710684430e-01,0.000000000000000000e+00
8.697829044350925409e-01,0.000000000000000000e+00
8.708783488991166388e-01,0.000000000000000000e+00
8.719737933631406257e-01,0.000000000000000000e+00
8.730692378271646126e-01,0.000000000000000000e+00
8.741646822911887105e-01,0.000000000000000000e+00
8.752601267552128084e-01,0.000000000000000000e+00
8.763555712192367952e-01,0.000000000000000000e+00
8.774510156832607821e-01,0.000000000000000000e+00
8.785464601472848800e-01,0.000000000000000000e+00
8.796419046113088669e-01,0.000000000000000000e+00
8.807373490753328538e-01,0.000000000000000000e+00
8.818327935393570627e-01,0.000000000000000000e+00
8.829282380033811606e-01,0.000000000000000000e+00
8.840236824674051475e-01,0.000000000000000000e+00
8.851191269314291343e-01,0.000000000000000000e+00
8.862145713954532322e-01,0.000000000000000000e+00
8.873100158594772191e-01,0.000000000000000000e+00
8.884054603235012060e-01,0.000000000000000000e+00
8.895009047875253039e-01,0.000000000000000000e+00
8.905963492515495128e-01,0.000000000000000000e+00
8.916917937155734997e-01,0.000000000000000000e+00
8.927872381795974865e-01,0.000000000000000000e+00
8.938826826436215844e-01,0.000000000000000000e+00
8.949781271076455713e-01,0.000000000000000000e+00
8.960735715716695582e-01,0.000000000000000000e+00
8.971690160356936561e-01,0.000000000000000000e+00
8.982644604997176430e-01,0.000000000000000000e+00
8.993599049637418519e-01,0.000000000000000000e+00
9.004553494277658388e-01,0.000000000000000000e+00
9.015507938917899367e-01,0.000000000000000000e+00
9.026462383558139235e-01,0.000000000000000000e+00
9.037416828198379104e-01,0.000000000000000000e+00
9.048371272838620083e-01,0.000000000000000000e+00
9.059325717478859952e-01,0.000000000000000000e+00
9.070280162119099820e-01,0.000000000000000000e+00
9.081234606759340799e-01,0.000000000000000000e+00
9.092189051399582889e-01,0.000000000000000000e+00
9.103143496039822757e-01,0.000000000000000000e+00
9.114097940680062626e-01,0.000000000000000000e+00
9.125052385320303605e-01,0.000000000000000000e+00
9.136006829960543474e-01,0.000000000000000000e+00
9.146961274600783343e-01,0.000000000000000000e+00
9.157915719241024322e-01,0.000000000000000000e+00
9.168870163881264190e-01,0.000000000000000000e+00
9.179824608521506280e-01,0.000000000000000000e+00
9.190779053161746148e-01,0.000000000000000000e+00
9.201733497801987127e-01,0.000000000000000000e+00
9.212687942442226996e-01,0.000000000000000000e+00
9.223642387082466865e-01,0.000000000000000000e+00
9.234596831722707844e-01,0.000000000000000000e+00
9.245551276362947712e-01,0.000000000000000000e+00
9.256505721003187581e-01,0.000000000000000000e+00
9.267460165643429670e-01,0.000000000000000000e+00
9.278414610283670649e-01,0.000000000000000000e+00
9.289369054923910518e-01,0.000000000000000000e+00
9.300323499564150387e-01,0.000000000000000000e+00
9.311277944204391366e-01,0.000000000000000000e+00
9.322232388844631235e-01,0.000000000000000000e+00
9.333186833484871103e-01,0.000000000000000000e+00
9.344141278125112082e-01,0.000000000000000000e+00
9.355095722765351951e-01,0.000000000000000000e+00
9.366050167405594040e-01,0.000000000000000000e+00
9.377004612045833909e-01,0.000000000000000000e+00
9.387959056686074888e-01,0.000000000000000000e+00
9.398913501326314757e-01,0.000000000000000000e+00
9.409867945966554625e-01,0.000000000000000000e+00
9.420822390606795604e-01,0.000000000000000000e+00
9.431776835247035473e-01,0.000000000000000000e+00
9.442731279887275342e-01,0.000000000000000000e+00
9.453685724527517431e-01,0.000000000000000000e+00
9.464640169167758410e-01,0.000000000000000000e+00
9.475594613807998279e-01,0.000000000000000000e+00
9.486549058448238148e-01,0.000000000000000000e+00
9.497503503088479127e-01,0.000000000000000000e+00
9.508457947728718995e-01,0.000000000000000000e+00
9.519412392368958864e-01,0.000000000000000000e+00
9.530366837009199843e-01,0.000000000000000000e+00
9.541321281649441932e-01,0.000000000000000000e+00
9.552275726289681801e-01,0.000000000000000000e+00
9.563230170929921670e-01,0.000000000000000000e+00
9.574184615570162649e-01,0.000000000000000000e+00
9.585139060210402517e-01,0.000000000000000000e+00
9.596093504850642386e-01,0.000000000000000000e+00
9.607047949490883365e-01,0.000000000000000000e+00
9.618002394131123234e-01,0.000000000000000000e+00
9.628956838771363103e-01,0.000000000000000000e+00
9.639911283411605192e-01,0.000000000000000000e+00
9.650865728051846171e-01,0.000000000000000000e+00
9.661820172692086039e-01,0.000000000000000000e+00
9.672774617332325908e-01,0.000000000000000000e+00
9.683729061972566887e-01,0.000000000000000000e+00
9.694683506612806756e-01,0.000000000000000000e+00
9.705637951253046625e-01,0.000000000000000000e+00
9.716592395893287604e-01,0.000000000000000000e+00
9.727546840533529693e-01,0.000000000000000000e+00
9.738501285173769562e-01,0.000000000000000000e+00
9.749455729814009430e-01,0.000000000000000000e+00
9.760410174454250409e-01,0.000000000000000000e+00
9.771364619094490278e-01,0.000000000000000000e+00
9.782319063734730147e-01,0.000000000000000000e+00
9.793273508374971126e-01,0.000000000000000000e+00
9.804227953015210995e-01,0.000000000000000000e+00
9.815182397655453084e-01,0.000000000000000000e+00
9.826136842295692952e-01,0.000000000000000000e+00
9.837091286935933931e-01,0.000000000000000000e+00
9.848045731576173800e-01,0.000000000000000000e+00
9.859000176216413669e-01,0.000000000000000000e+00
9.869954620856654648e-01,0.000000000000000000e+00
9.880909065496894517e-01,0.000000000000000000e+00
9.891863510137134385e-01,0.000000000000000000e+00
9.902817954777375364e-01,0.000000000000000000e+00
9.913772399417617454e-01,0.000000000000000000e+00
9.924726844057857322e-01,0.000000000000000000e+00
9.935681288698097191e-01,0.000000000000000000e+00
9.946635733338338170e-01,0.000000000000000000e+00
9.957590177978578039e-01,0.000000000000000000e+00
9.968544622618817908e-01,0.000000000000000000e+00
9.979499067259058886e-01,0.000000000000000000e+00
9.990453511899298755e-01,0.000000000000000000e+00
1.000140795653954084e+00,0.000000000000000000e+00
1.001236240117978182e+00,0.000000000000000000e+00
1.002331684582002058e+00,0.000000000000000000e+00
1.003427129046026156e+00,0.000000000000000000e+00
1.004522573510050254e+00,0.000000000000000000e+00
1.005618017974074130e+00,0.000000000000000000e+00
1.006713462438098228e+00,0.000000000000000000e+00
1.007808906902122326e+00,0.000000000000000000e+00
1.008904351366146424e+00,0.000000000000000000e+00
1.009999795830170521e+00,0.000000000000000000e+00
1.011095240294194397e+00,0.000000000000000000e+00
1.012190684758218495e+00,0.000000000000000000e+00
1.013286129222242593e+00,0.000000000000000000e+00
1.014381573686266469e+00,0.000000000000000000e+00
1.015477018150290567e+00,0.000000000000000000e+00
1.016572462614314665e+00,0.000000000000000000e+00
1.017667907078338541e+00,0.000000000000000000e+00
1.018763351542362861e+00,0.000000000000000000e+00
1.019858796006386958e+00,0.000000000000000000e+00
1.020954240470410834e+00,0.000000000000000000e+00
1.022049684934434932e+00,0.000000000000000000e+00
1.023145129398459030e+00,0.000000000000000000e+00
1.024240573862482906e+00,0.000000000000000000e+00
1.025336018326507004e+00,0.000000000000000000e+00
1.026431462790531102e+00,0.000000000000000000e+00
1.027526907254555200e+00,0.000000000000000000e+00
1.028622351718579297e+00,0.000000000000000000e+00
1.029717796182603173e+00,0.000000000000000000e+00
1.030813240646627271e+00,0.000000000000000000e+00
1.031908685110651369e+00,0.000000000000000000e+00
1.033004129574675245e+00,0.000000000000000000e+00
1.034099574038699343e+00,0.000000000000000000e+00
1.035195018502723441e+00,0.000000000000000000e+00
1.036290462966747539e+00,0.000000000000000000e+00
1.037385907430771637e+00,0.000000000000000000e+00
1.038481351894795734e+00,0.000000000000000000e+00
1.039576796358819610e+00,0.000000000000000000e+00
1.040672240822843708e+00,0.000000000000000000e+00
1.041767685286867806e+00,0.000000000000000000e+00
1.042863129750891682e+00,0.000000000000000000e+00
1.043958574214915780e+00,0.000000000000000000e+00
1.045054018678939878e+00,0.000000000000000000e+00
1.046149463142963976e+00,0.000000000000000000e+00
1.047244907606988074e+00,0.000000000000000000e+00
1.048340352071011949e+00,0.000000000000000000e+00
1.049435796535036047e+00,0.000000000000000000e+00
1.050531240999060145e+00,0.000000000000000000e+00
1.051626685463084021e+00,0.000000000000000000e+00
1.052722129927108119e+00,0.000000000000000000e+00
1.053817574391132217e+00,0.000000000000000000e+00
1.054913018855156315e+00,0.000000000000000000e+00
1.056008463319180413e+00,0.000000000000000000e+00
1.057103907783204511e+00,0.000000000000000000e+00
1.058199352247228386e+00,0.000000000000000000e+00
1.059294796711252484e+00,0.000000000000000000e+00
1.060390241175276582e+00,0.000000000000000000e+00
1.061485685639300458e+00,0.000000000000000000e+00
1.062581130103324556e+00,0.000000000000000000e+00
1.063676574567348654e+00,0.000000000000000000e+00
1.064772019031372752e+00,0.000000000000000000e+00
1.065867463495396850e+00,0.000000000000000000e+00
1.066962907959420725e+00,0.000000000000000000e+00
1.068058352423444823e+00,0.000000000000000000e+00
1.069153796887468921e+00,0.000000000000000000e+00
1.070249241351492797e+00,0.000000000000000000e+00
1.071344685815516895e+00,0.000000000000000000e+00
1.072440130279540993e+00,0.000000000000000000e+00
1.073535574743565091e+00,0.000000000000000000e+00
1.074631019207589189e+00,0.000000000000000000e+00
1.075726463671613287e+00,0.000000000000000000e+00
1.076821908135637162e+00,0.000000000000000000e+00
1.077917352599661260e+00,0.000000000000000000e+00
1.079012797063685358e+00,0.000000000000000000e+00
1.080108241527709234e+00,0.000000000000000000e+00
1.081203685991733332e+00,0.000000000000000000e+00
1.082299130455757430e+00,0.000000000000000000e+00
1.083394574919781528e+00,0.000000000000000000e+00
1.084490019383805626e+00,0.000000000000000000e+00
1.085585463847829502e+00,0.000000000000000000e+00
1.086680908311853599e+00,0.000000000000000000e+00
1.087776352775877697e+00,0.000000000000000000e+00
1.088871797239901573e+00,0.000000000000000000e+00
1.089967241703925671e+00,0.000000000000000000e+00
1.091062686167949991e+00,0.000000000000000000e+00
1.092158130631973867e+00,0.000000000000000000e+00
1.093253575095997965e+00,0.000000000000000000e+00
1.094349019560022063e+00,0.000000000000000000e+00
1.095444464024045939e+00,0.000000000000000000e+00
1.096539908488070036e+00,0.000000000000000000e+00
1.097635352952094134e+00,0.000000000000000000e+00
1.098730797416118010e+00,0.000000000000000000e+00
1.099826241880142108e+00,0.000000000000000000e+00
1.100921686344166206e+00,0.000000000000000000e+00
1.102017130808190304e+00,0.000000000000000000e+00
1.103112575272214402e+00,0.000000000000000000e+00
1.104208019736238278e+00,0.000000000000000000e+00
1.105303464200262376e+00,0.000000000000000000e+00
1.106398908664286473e+00,0.000000000000000000e+00
1.107494353128310349e+00,0.000000000000000000e+00
1.108589797592334447e+00,0.000000000000000000e+00
1.109685242056358767e+00,0.000000000000000000e+00
1.110780686520382643e+00,0.000000000000000000e+00
1.111876130984406741e+00,0.000000000000000000e+00
1.112971575448430839e+00,0.000000000000000000e+00
1.114067019912454715e+00,0.000000000000000000e+00
1.115162464376478813e+00,0.000000000000000000e+00
1.116257908840502910e+00,0.000000000000000000e+00
1.117353353304526786e+00,0.000000000000000000e+00
1.118448797768551106e+00,0.000000000000000000e+00
1.119544242232574982e+00,0.000000000000000000e+00
1.120639686696599080e+00,0.000000000000000000e+00
1.121735131160623178e+00,0.000000000000000000e+00
1.122830575624647054e+00,0.000000000000000000e+00
1.123926020088671152e+00,0.000000000000000000e+00
1.125021464552695249e+00,0.000000000000000000e+00
1.126116909016719125e+00,0.000000000000000000e+00
1.127212353480743223e+00,0.000000000000000000e+00
1.128307797944767543e+00,0.000000000000000000e+00
1.129403242408791419e+00,0.000000000000000000e+00
1.130498686872815517e+00,0.000000000000000000e+00
1.131594131336839615e+00,0.000000000000000000e+00
1.132689575800863491e+00,0.000000000000000000e+00
1.133785020264887589e+00,0.000000000000000000e+00
1.134880464728911686e+00,0.000000000000000000e+00
1.135975909192935562e+00,0.000000000000000000e+00
1.137071353656959882e+00,0.000000000000000000e+00
1.138166798120983758e+00,0.000000000000000000e+00
1.139262242585007856e+00,0.000000000000000000e+00
1.140357687049031954e+00,0.000000000000000000e+00
1.141453131513055830e+00,0.000000000000000000e+00
1.142548575977079928e+00,0.000000000000000000e+00
1.143644020441104026e+00,0.000000000000000000e+00
1.144739464905127901e+00,0.000000000000000000e+00
1.145834909369152221e+00,0.000000000000000000e+00
1.146930353833176319e+00,0.000000000000000000e+00
1.148025798297200195e+00,0.000000000000000000e+00
1.149121242761224293e+00,0.000000000000000000e+00
1.150216687225248391e+00,0.000000000000000000e+00
1.151312131689272267e+00,0.000000000000000000e+00
1.152407576153296365e+00,0.000000000000000000e+00
1.153503020617320463e+00,0.000000000000000000e+00
1.154598465081344338e+00,0.000000000000000000e+00
1.155693909545368658e+00,0.000000000000000000e+00
1.156789354009392534e+00,0.000000000000000000e+00
1.157884798473416632e+00,0.000000000000000000e+00
1.158980242937440730e+00,0.000000000000000000e+00
1.160075687401464606e+00,0.000000000000000000e+00
1.161171131865488704e+00,0.000000000000000000e+00
1.162266576329512802e+00,0.000000000000000000e+00
1.163362020793536677e+00,0.000000000000000000e+00
1.164457465257560997e+00,0.000000000000000000e+00
1.165552909721585095e+00,0.000000000000000000e+00
1.166648354185608971e+00,0.000000000000000000e+00
1.167743798649633069e+00,0.000000000000000000e+00
1.168839243113657167e+00,0.000000000000000000e+00
1.169934687577681043e+00,0.000000000000000000e+00
1.171030132041705141e+00,0.000000000000000000e+00
1.172125576505729239e+00,0.000000000000000000e+00
1.173221020969753337e+00,0.000000000000000000e+00
1.174316465433777434e+00,0.000000000000000000e+00
1.175411909897801310e+00,0.000000000000000000e+00
1.176507354361825408e+00,0.000000000000000000e+00
1.177602798825849506e+00,0.000000000000000000e+00
1.178698243289873382e+00,0.000000000000000000e+00
1.179793687753897480e+00,0.000000000000000000e+00
1.180889132217921578e+00,0.000000000000000000e+00
1.181984576681945454e+00,0.000000000000000000e+00
1.183080021145969773e+00,0.000000000000000000e+00
1.184175465609993871e+00,0.000000000000000000e+00
1.185270910074017747e+00,0.000000000000000000e+00
1.186366354538041845e+00,0.000000000000000000e+00
1.187461799002065943e+00,0.000000000000000000e+00
1.188557243466089819e+00,0.000000000000000000e+00
1.189652687930113917e+00,0.000000000000000000e+00
1.190748132394138015e+00,0.000000000000000000e+00
1.191843576858162113e+00,0.000000000000000000e+00
1.192939021322186210e+00,0.000000000000000000e+00
1.194034465786210086e+00,0.000000000000000000e+00
1.195129910250234184e+00,0.000000000000000000e+00
1.196225354714258282e+00,0.000000000000000000e+00
1.197320799178282158e+00,0.000000000000000000e+00
1.198416243642306256e+00,0.000000000000000000e+00
1.199511688106330354e+00,0.000000000000000000e+00
1.200607132570354452e+00,0.000000000000000000e+00
1.201702577034378550e+00,0.000000000000000000e+00
1.202798021498402647e+00,0.000000000000000000e+00
1.203893465962426523e+00,0.000000000000000000e+00
1.204988910426450621e+00,0.000000000000000000e+00
1.206084354890474719e+00,0.000000000000000000e+00
1.207179799354498595e+00,0.000000000000000000e+00
1.208275243818522693e+00,0.000000000000000000e+00
1.209370688282546791e+00,0.000000000000000000e+00
1.210466132746570889e+00,0.000000000000000000e+00
1.211561577210594987e+00,0.000000000000000000e+00
1.212657021674618862e+00,0.000000000000000000e+00
1.213752466138642960e+00,0.000000000000000000e+00
1.214847910602667058e+00,0.000000000000000000e+00
1.215943355066690934e+00,0.000000000000000000e+00
1.217038799530715032e+00,0.000000000000000000e+00
1.218134243994739130e+00,0.000000000000000000e+00
1.219229688458763228e+00,0.000000000000000000e+00
1.220325132922787326e+00,0.000000000000000000e+00
1.221420577386811424e+00,0.000000000000000000e+00
1.222516021850835299e+00,0.000000000000000000e+00
1.223611466314859397e+00,0.000000000000000000e+00
1.224706910778883495e+00,0.000000000000000000e+00
1.225802355242907371e+00,0.000000000000000000e+00
1.226897799706931469e+00,0.000000000000000000e+00
1.227993244170955567e+00,0.000000000000000000e+00
1.229088688634979665e+00,0.000000000000000000e+00
1.230184133099003763e+00,0.000000000000000000e+00
1.231279577563027638e+00,0.000000000000000000e+00
1.232375022027051736e+00,0.000000000000000000e+00
1.233470466491075834e+00,0.000000000000000000e+00
1.234565910955099710e+00,0.000000000000000000e+00
1.235661355419123808e+00,0.000000000000000000e+00
1.236756799883147906e+00,0.000000000000000000e+00
1.237852244347172004e+00,0.000000000000000000e+00
1.238947688811196102e+00,0.000000000000000000e+00
1.240043133275220200e+00,0.000000000000000000e+00
1.241138577739244075e+00,0.000000000000000000e+00
1.242234022203268173e+00,0.000000000000000000e+00
1.243329466667292271e+00,0.000000000000000000e+00
1.244424911131316147e+00,0.000000000000000000e+00
1.245520355595340245e+00,0.000000000000000000e+00
1.246615800059364343e+00,0.000000000000000000e+00
1.247711244523388441e+00,0.000000000000000000e+00
1.248806688987412539e+00,0.000000000000000000e+00
1.249902133451436415e+00,0.000000000000000000e+00
1.250997577915460512e+00,0.000000000000000000e+00
1.252093022379484610e+00,0.000000000000000000e+00
1.253188466843508486e+00,0.000000000000000000e+00
1.254283911307532584e+00,0.000000000000000000e+00
1.255379355771556904e+00,0.000000000000000000e+00
1.256474800235580780e+00,0.000000000000000000e+00
1.257570244699604878e+00,0.000000000000000000e+00
1.258665689163628976e+00,0.000000000000000000e+00
1.259761133627652852e+00,0.000000000000000000e+00
1.260856578091676949e+00,0.000000000000000000e+00
1.261952022555701047e+00,0.000000000000000000e+00
1.263047467019724923e+00,0.000000000000000000e+00
1.264142911483749021e+00,0.000000000000000000e+00
1.265238355947773119e+00,0.000000000000000000e+00
1.266333800411797217e+00,0.000000000000000000e+00
1.267429244875821315e+00,0.000000000000000000e+00
1.268524689339845191e+00,0.000000000000000000e+00
1.269620133803869289e+00,0.000000000000000000e+00
1.270715578267893386e+00,0.000000000000000000e+00
1.271811022731917262e+00,0.000000000000000000e+00
1.272906467195941360e+00,0.000000000000000000e+00
1.274001911659965680e+00,0.000000000000000000e+00
1.275097356123989556e+00,0.000000000000000000e+00
1.276192800588013654e+00,0.000000000000000000e+00
1.277288245052037752e+00,0.000000000000000000e+00
1.278383689516061628e+00,0.000000000000000000e+00
1.279479133980085725e+00,0.000000000000000000e+00
1.280574578444109823e+00,0.000000000000000000e+00
1.281670022908133699e+00,0.000000000000000000e+00
1.282765467372158019e+00,0.000000000000000000e+00
1.283860911836181895e+00,0.000000000000000000e+00
1.284956356300205993e+00,0.000000000000000000e+00
1.286051800764230091e+00,0.000000000000000000e+00
1.287147245228253967e+00,0.000000000000000000e+00
1.288242689692278065e+00,0.000000000000000000e+00
1.289338134156302162e+00,0.000000000000000000e+00
1.290433578620326038e+00,0.000000000000000000e+00
1.291529023084350136e+00,0.000000000000000000e+00
1.292624467548374456e+00,0.000000000000000000e+00
1.293719912012398332e+00,0.000000000000000000e+00
1.294815356476422430e+00,0.000000000000000000e+00
1.295910800940446528e+00,0.000000000000000000e+00
1.297006245404470404e+00,0.000000000000000000e+00
1.298101689868494502e+00,0.000000000000000000e+00
1.299197134332518377e+00,0.000000000000000000e+00
1.300292578796542475e+00,0.000000000000000000e+00
1.301388023260566795e+00,0.000000000000000000e+00
1.302483467724590671e+00,0.000000000000000000e+00
1.303578912188614769e+00,0.000000000000000000e+00
1.304674356652638867e+00,0.000000000000000000e+00
1.305769801116662743e+00,0.000000000000000000e+00
1.306865245580686841e+00,0.000000000000000000e+00
1.307960690044710939e+00,0.000000000000000000e+00
1.309056134508734814e+00,0.000000000000000000e+00
1.310151578972759134e+00,0.000000000000000000e+00
1.311247023436783232e+00,0.000000000000000000e+00
1.312342467900807108e+00,0.000000000000000000e+00
1.313437912364831206e+00,0.000000000000000000e+00
1.314533356828855304e+00,0.000000000000000000e+00
1.315628801292879180e+00,0.000000000000000000e+00
1.316724245756903278e+00,0.000000000000000000e+00
1.317819690220927153e+00,0.000000000000000000e+00
1.318915134684951251e+00,0.000000000000000000e+00
1.320010579148975571e+00,0.000000000000000000e+00
1.321106023612999447e+00,0.000000000000000000e+00
1.322201468077023545e+00,0.000000000000000000e+00
1.323296912541047643e+00,0.000000000000000000e+00
1.324392357005071519e+00,0.000000000000000000e+00
1.325487801469095617e+00,0.000000000000000000e+00
1.326583245933119715e+00,0.000000000000000000e+00
1.327678690397143590e+00,0.000000000000000000e+00
1.328774134861167910e+00,0.000000000000000000e+00
1.329869579325192008e+00,0.000000000000000000e+00
1.330965023789215884e+00,0.000000000000000000e+00
1.332060468253239982e+00,0.000000000000000000e+00
1.333155912717263858e+00,0.000000000000000000e+00
1.334251357181287956e+00,0.000000000000000000e+00
1.335346801645312054e+00,0.000000000000000000e+00
1.336442246109335930e+00,0.000000000000000000e+00
1.337537690573360250e+00,0.000000000000000000e+00
1.338633135037384347e+00,0.000000000000000000e+00
1.339728579501408223e+00,0.000000000000000000e+00
1.340824023965432321e+00,0.000000000000000000e+00
1.341919468429456419e+00,0.000000000000000000e+00
1.343014912893480295e+00,0.000000000000000000e+00
1.344110357357504393e+00,0.000000000000000000e+00
1.345205801821528491e+00,0.000000000000000000e+00
1.346301246285552367e+00,0.000000000000000000e+00
1.347396690749576686e+00,0.000000000000000000e+00
1.348492135213600562e+00,0.000000000000000000e+00
1.349587579677624660e+00,0.000000000000000000e+00
1.350683024141648758e+00,0.000000000000000000e+00
1.351778468605672634e+00,0.000000000000000000e+00
1.352873913069696732e+00,0.000000000000000000e+00
1.353969357533720830e+00,0.000000000000000000e+00
1.355064801997744706e+00,0.000000000000000000e+00
1.356160246461769026e+00,0.000000000000000000e+00
1.357255690925793123e+00,0.000000000000000000e+00
1.358351135389816999e+00,0.000000000000000000e+00
1.359446579853841097e+00,0.000000000000000000e+00
1.360542024317865195e+00,0.000000000000000000e+00
1.361637468781889071e+00,0.000000000000000000e+00
1.362732913245913169e+00,0.000000000000000000e+00
1.363828357709937267e+00,0.000000000000000000e+00
1.364923802173961365e+00,0.000000000000000000e+00
1.366019246637985463e+00,0.000000000000000000e+00
1.367114691102009338e+00,0.000000000000000000e+00
1.368210135566033436e+00,0.000000000000000000e+00
1.369305580030057534e+00,0.000000000000000000e+00
