# omega(Hartree), S(1/Hartree)
1.095444464024046072e-03,1.024610690268734192e+00
2.190888928048092144e-03,1.055055615945844405e+00
3.286333392072138000e-03,1.086071311094539249e+00
4.381777856096184288e-03,1.117655336677173983e+00
5.477222320120230144e-03,1.149804712844347376e+00
6.572666784144275999e-03,1.182515913027514243e+00
7.668111248168322722e-03,1.215784858899631171e+00
8.763555712192368577e-03,1.249606916225614928e+00
9.859000176216414432e-03,1.283976891621905869e+00
1.095444464024046029e-02,1.318889030241656712e+00
1.204988910426450614e-02,1.354337014399242811e+00
1.314533356828855200e-02,1.390313963145458187e+00
1.424077803231259785e-02,1.426812432801457309e+00
1.533622249633664544e-02,1.463824418457055909e+00
1.643166696036068783e-02,1.501341356435661911e+00
1.752711142438473715e-02,1.539354127725550692e+00
1.862255588840878301e-02,1.577853062374111603e+00
1.971800035243282886e-02,1.616827944838715947e+00
2.081344481645687472e-02,1.656268020285041942e+00
2.190888928048092057e-02,1.696162001820773257e+00
2.300433374450496643e-02,1.736498078649923116e+00
2.409977820852901229e-02,1.777263925130017741e+00
2.519522267255305814e-02,1.818446710711839609e+00
2.629066713657710400e-02,1.860033110739028439e+00
2.738611160060114985e-02,1.902009318081945732e+00
2.848155606462519571e-02,1.944361055578324171e+00
2.957700052864924503e-02,1.987073589250328620e+00
3.067244499267329089e-02,2.030131742266390926e+00
3.176788945669733327e-02,2.073519909613440682e+00
3.286333392072137566e-02,2.117222073443607577e+00
3.395877838474542498e-02,2.161221819057991045e+00
3.505422284876947431e-02,2.205502351488342949e+00
3.614966731279351669e-02,2.250046512636183493e+00
3.724511177681756602e-02,2.294836798927715193e+00
3.834055624084160840e-02,2.339855379442163930e+00
3.943600070486565773e-02,2.385084114469858907e+00
4.053144516888970011e-02,2.430504574456152866e+00
4.162688963291374944e-02,2.476098059286572894e+00
4.272233409693779183e-02,2.521845617868469613e+00
4.381777856096184115e-02,2.567728067964071492e+00
4.491322302498588354e-02,2.613726016230199622e+00
4.600866748900993286e-02,2.659819878419776629e+00
4.710411195303397525e-02,2.705989899700934398e+00
4.819955641705802457e-02,2.752216175049939206e+00
4.929500088108207390e-02,2.798478669674620889e+00
5.039044534510611628e-02,2.844757239426165540e+00
5.148588980913015867e-02,2.891031651157894178e+00
5.258133427315420799e-02,2.937281602990574392e+00
5.367677873717825038e-02,2.983486744445318362e+00
5.477222320120229970e-02,3.029626696406099384e+00
5.586766766522634903e-02,3.075681070875549317e+00
5.696311212925039141e-02,3.121629490488995629e+00
5.805855659327444074e-02,3.167451607753462461e+00
5.915400105729849006e-02,3.213127123979646171e+00
6.024944552132253245e-02,3.258635807877030111e+00
6.134488998534658177e-02,3.303957513783537969e+00
6.244033444937061722e-02,3.349072199503319691e+00
6.353577891339466654e-02,3.393959943727845374e+00
6.463122337741870893e-02,3.438600963017316214e+00
6.572666784144275132e-02,3.482975628321332007e+00
6.682211230546680758e-02,3.527064481019630993e+00
6.791755676949084997e-02,3.570848248465267716e+00
6.901300123351489235e-02,3.614307859015051250e+00
7.010844569753894862e-02,3.657424456533097334e+00
7.120389016156299100e-02,3.700179414355588836e+00
7.229933462558703339e-02,3.742554348707015421e+00
7.339477908961108965e-02,3.784531131558662942e+00
7.449022355363513204e-02,3.826091902923165922e+00
7.558566801765917442e-02,3.867219082579776313e+00
7.668111248168321681e-02,3.907895381226718978e+00
7.777655694570725919e-02,3.948103811058583101e+00
7.887200140973131546e-02,3.987827695768509706e+00
7.996744587375535784e-02,4.027050679975484826e+00
8.106289033777940023e-02,4.065756738079410404e+00
8.215833480180345649e-02,4.103930182547273375e+00
8.325377926582749888e-02,4.141555671635010150e+00
8.434922372985154126e-02,4.178618216551130082e+00
8.544466819387558365e-02,4.215103188068721529e+00
8.654011265789963991e-02,4.250996322594124521e+00
8.763555712192368230e-02,4.286283727700844537e+00
8.873100158594772469e-02,4.320951887138638092e+00
8.982644604997176707e-02,4.354987665328219570e+00
9.092189051399580946e-02,4.388378311352868266e+00
9.201733497801986572e-02,4.421111462458946484e+00
9.311277944204390811e-02,4.453175147077684137e+00
9.420822390606795049e-02,4.484557787381689309e+00
9.530366837009200676e-02,4.515248201389223226e+00
9.639911283411604914e-02,4.545235604630603277e+00
9.749455729814009153e-02,4.574509611390945807e+00
9.859000176216414779e-02,4.603060235543746437e+00
9.968544622618819018e-02,4.630877890990360513e+00
1.007808906902122326e-01,4.657953391720268677e+00
1.018763351542362888e-01,4.684277951507485049e+00
1.029717796182603173e-01,4.709843183258238142e+00
1.040672240822843597e-01,4.734641098025380579e+00
1.051626685463084160e-01,4.758664103705066317e+00
1.062581130103324584e-01,4.781905003430398260e+00
1.073535574743565008e-01,4.804356993678291055e+00
1.084490019383805570e-01,4.826013662103771473e+00
1.095444464024045994e-01,4.846868985117231077e+00
1.106398908664286418e-01,4.866917325219531243e+00
1.117353353304526981e-01,4.886153428109421881e+00
1.128307797944767404e-01,4.904572419577644560e+00
1.139262242585007828e-01,4.922169802202382094e+00
1.150216687225248391e-01,4.938941451859480303e+00
1.161171131865488815e-01,4.954883614061433406e+00
1.172125576505729239e-01,4.969992900138269221e+00
1.183080021145969801e-01,4.984266283273575127e+00
1.194034465786210225e-01,4.997701094408276923e+00
1.204988910426450649e-01,5.010295018024417679e+00
1.215943355066691212e-01,5.022046087821176563e+00
1.226897799706931635e-01,5.032952682294642877e+00
1.237852244347171921e-01,5.043013520232527469e+00
1.248806688987412344e-01,5.052227656134851586e+00
1.259761133627652907e-01,5.060594475571105200e+00
1.270715578267893331e-01,5.068113690483876610e+00
1.281670022908133755e-01,5.074785334448689511e+00
1.292624467548374179e-01,5.080609757899663848e+00
1.303578912188614602e-01,5.085587623329392848e+00
1.314533356828855026e-01,5.089719900472029934e+00
1.325487801469095728e-01,5.093007861477632403e+00
1.336442246109336152e-01,5.095453076085425970e+00
1.347396690749576575e-01,5.097057406803110702e+00
1.358351135389816999e-01,5.097823004099806710e+00
1.369305580030057423e-01,5.097752301618619697e+00
1.380260024670297847e-01,5.096848011415192836e+00
1.391214469310538548e-01,5.095113119228166454e+00
1.402168913950778972e-01,5.092550879786837292e+00
1.413123358591019396e-01,5.089164812161233620e+00
1.424077803231259820e-01,5.084958695159006226e+00
1.435032247871500244e-01,5.079936562773831987e+00
1.445986692511740668e-01,5.074102699688978646e+00
1.456941137151981369e-01,5.067461636839572847e+00
1.467895581792221793e-01,5.060018147038509717e+00
1.478850026432462217e-01,5.051777240663820834e+00
1.489804471072702641e-01,5.042744161418652560e+00
1.500758915712943065e-01,5.032924382157267118e+00
1.511713360353183488e-01,5.022323600784647013e+00
1.522667804993423912e-01,5.010947736229289795e+00
1.533622249633664336e-01,4.998802924490536093e+00
1.544576694273904760e-01,4.985895514761954139e+00
1.555531138914145184e-01,4.972232065630720399e+00
1.566485583554385608e-01,4.957819341354329445e+00
1.577440028194626309e-01,4.942664308213458035e+00
1.588394472834866733e-01,4.926774130942203733e+00
1.599348917475107157e-01,4.910156169233820478e+00
1.610303362115347581e-01,4.892817974322232644e+00
1.621257806755588005e-01,4.874767285637630287e+00
1.632212251395828428e-01,4.856012027535057562e+00
1.643166696036069130e-01,4.836560306094458639e+00
1.654121140676309554e-01,4.816420405990128550e+00
1.665075585316549978e-01,4.795600787427577671e+00
1.676030029956790401e-01,4.774110083145473027e+00
1.686984474597030825e-01,4.751957095479835580e+00
1.697938919237271249e-01,4.729150793487961302e+00
1.708893363877511673e-01,4.705700310128600350e+00
1.719847808517752374e-01,4.681614939495238659e+00
1.730802253157992798e-01,4.656904134099132619e+00
1.741756697798233222e-01,4.631577502197787410e+00
1.752711142438473646e-01,4.605644805144151199e+00
1.763665587078714070e-01,4.579115954899622309e+00
1.774620031718954494e-01,4.552001011264721342e+00
1.785574476359194918e-01,4.524310179558399980e+00
1.796528920999435341e-01,4.496053808005930463e+00
1.807483365639675765e-01,4.467242385271168459e+00
1.818437810279916189e-01,4.437886537981272639e+00
1.829392254920156613e-01,4.407997028259496020e+00
1.840346699560397314e-01,4.377584751260225282e+00
1.851301144200637738e-01,4.346660732700714291e+00
1.862255588840878162e-01,4.315236126383728887e+00
1.873210033481118586e-01,4.283322211705083760e+00
1.884164478121359010e-01,4.250930391139752018e+00
1.895118922761599434e-01,4.218072187700455444e+00
1.906073367401840135e-01,4.184759242362576792e+00
1.917027812042080559e-01,4.151003311448422828e+00
1.927982256682320983e-01,4.116816263964916622e+00
1.938936701322561407e-01,4.082210078887567484e+00
1.949891145962801831e-01,4.047196842384648718e+00
1.960845590603042254e-01,4.011788744974291276e+00
1.971800035243282956e-01,3.975998078608359521e+00
1.982754479883523380e-01,3.939837233676084072e+00
1.993708924523763804e-01,3.903318695920817927e+00
2.004663369164004227e-01,3.866455043263505864e+00
2.015617813804244651e-01,3.829258942525838538e+00
2.026572258444485075e-01,3.791743146047417579e+00
2.037526703084725777e-01,3.753920488189501636e+00
2.048481147724966200e-01,3.715803881720006974e+00
2.059435592365206347e-01,3.677406314073327298e+00
2.070390037005446771e-01,3.638740843478794229e+00
2.081344481645687194e-01,3.599820594952985342e+00
2.092298926285927896e-01,3.560658756149039039e+00
2.103253370926168320e-01,3.521268573059427975e+00
2.114207815566408744e-01,3.481663345565919165e+00
2.125162260206649167e-01,3.441856422833209361e+00
2.136116704846889591e-01,3.401861198541378695e+00
2.147071149487130015e-01,3.361691105953652947e+00
2.158025594127370717e-01,3.321359612816272122e+00
2.168980038767611140e-01,3.280880216087173284e+00
2.179934483407851564e-01,3.240266436491557656e+00
2.190888928048091988e-01,3.199531812901798666e+00
2.201843372688332134e-01,3.158689896541222453e+00
2.212797817328572836e-01,3.117754245009891179e+00
2.223752261968813260e-01,3.076738416133605103e+00
2.234706706609053961e-01,3.035655961635046918e+00
2.245661151249294107e-01,2.994520420629651181e+00
2.256615595889534809e-01,2.953345312947214474e+00
2.267570040529774955e-01,2.912144132281874853e+00
2.278524485170015657e-01,2.870930339174400547e+00
2.289478929810256080e-01,2.829717353829750426e+00
2.300433374450496782e-01,2.788518548776189210e+00
2.311387819090736928e-01,2.747347241370186488e+00
2.322342263730977630e-01,2.706216686154659268e+00
2.333296708371217776e-01,2.665140067077214070e+00
2.344251153011458477e-01,2.624130489577101599e+00
2.355205597651698901e-01,2.583200972548883367e+00
2.366160042291939603e-01,2.542364440193881414e+00
2.377114486932179749e-01,2.501633713768719236e+00
2.388068931572420450e-01,2.461021503243525643e+00
2.399023376212660597e-01,2.420540398881279032e+00
2.409977820852901298e-01,2.380202862751501058e+00
2.420932265493141722e-01,2.340021220192386675e+00
2.431886710133382423e-01,2.300007651235663975e+00
2.442841154773622570e-01,2.260174182009067056e+00
2.453795599413863271e-01,2.220532676133274208e+00
2.464750044054103417e-01,2.181094826128915365e+00
2.475704488694343841e-01,2.141872144851179716e+00
2.486658933334584543e-01,2.102875956969897153e+00
2.497613377974824689e-01,2.064117390512572925e+00
2.508567822615065390e-01,2.025607368489583671e+00
2.519522267255305814e-01,1.987356600620491243e+00
2.530476711895546238e-01,1.949375575179519648e+00
2.541431156535786662e-01,1.911674550981636189e+00
2.552385601176027086e-01,1.874263549526472339e+00
2.563340045816267510e-01,1.837152347321809209e+00
2.574294490456507933e-01,1.800350468404675608e+00
2.585248935096748357e-01,1.763867177080351567e+00
2.596203379736989336e-01,1.727711470898692703e+00
2.607157824377229205e-01,1.691892073886059444e+00
2.618112269017470184e-01,1.656417430052524287e+00
2.629066713657710053e-01,1.621295697191821095e+00
2.640021158297951032e-01,1.586534740992339598e+00
2.650975602938191455e-01,1.552142129475762244e+00
2.661930047578431879e-01,1.518125127780562300e+00
2.672884492218672303e-01,1.484490693304775233e+00
2.683838936858912727e-01,1.451245471224295480e+00
2.694793381499153151e-01,1.418395790399529455e+00
2.705747826139393575e-01,1.385947659683380628e+00
2.716702270779633999e-01,1.353906764643115990e+00
2.727656715419874978e-01,1.322278464705851198e+00
2.738611160060114846e-01,1.291067790737464138e+00
2.749565604700355270e-01,1.260279443063431648e+00
2.760520049340595694e-01,1.229917789938377748e+00
2.771474493980836118e-01,1.199986866469800351e+00
2.782428938621077097e-01,1.170490374000153544e+00
2.793383383261316966e-01,1.141431679950630995e+00
2.804337827901557945e-01,1.112813818127929677e+00
2.815292272541797813e-01,1.084639489493298470e+00
2.826246717182038792e-01,1.056911063394363914e+00
2.837201161822279216e-01,1.029630579254457778e+00
2.848155606462519640e-01,1.002799748717491779e+00
2.859110051102760064e-01,9.764199582417580903e-01
2.870064495743000488e-01,9.504922721353527004e-01
2.881018940383240912e-01,9.250174360263772044e-01
2.891973385023481335e-01,8.999958807567943753e-01
2.902927829663721759e-01,8.754277266903678356e-01
2.913882274303962738e-01,8.513127884218317787e-01
2.924836718944202607e-01,8.276505798749795861e-01
2.935791163584443586e-01,8.044403197748625223e-01
2.946745608224683455e-01,7.816809374794014831e-01
2.957700052864924434e-01,7.593710791541025129e-01
2.968654497505164858e-01,7.375091142725030968e-01
2.979608942145405281e-01,7.160931424256981037e-01
2.990563386785645705e-01,6.951210004214757321e-01
3.001517831425886129e-01,6.745902696544008315e-01
3.012472276066126553e-01,6.544982837273719545e-01
3.023426720706366977e-01,6.348421363049724375e-01
3.034381165346607401e-01,6.156186891768893332e-01
3.045335609986847825e-01,5.968245805129159809e-01
3.056290054627088248e-01,5.784562332866028944e-01
3.067244499267328672e-01,5.605098638483121398e-01
3.078198943907569096e-01,5.429814906256213991e-01
3.089153388547809520e-01,5.258669429308516774e-01
3.100107833188050499e-01,5.091618698548535660e-01
3.111062277828290368e-01,4.928617492263891453e-01
3.122016722468531347e-01,4.769618966172729513e-01
3.132971167108771215e-01,4.614574743728441786e-01
3.143925611749012194e-01,4.463435006493808310e-01
3.154880056389252618e-01,4.316148584374815966e-01
3.165834501029493042e-01,4.172663045579671492e-01
3.176788945669733466e-01,4.032924786029487563e-01
3.187743390309973890e-01,3.896879118165226807e-01
3.198697834950214314e-01,3.764470358906683578e-01
3.209652279590454738e-01,3.635641916627805337e-01
3.220606724230695161e-01,3.510336377006475495e-01
3.231561168870936140e-01,3.388495587597394887e-01
3.242515613511176009e-01,3.270060740996943993e-01
3.253470058151416988e-01,3.154972456472590059e-01
3.264424502791656857e-01,3.043170859944160922e-01
3.275378947431897836e-01,2.934595662201469612e-01
3.286333392072138260e-01,2.829186235260239268e-01
3.297287836712378128e-01,2.726881686767112511e-01
3.308242281352619107e-01,2.627620932367761286e-01
3.319196725992858976e-01,2.531342765960313823e-01
3.330151170633099955e-01,2.437985927773887729e-01
3.341105615273339824e-01,2.347489170212113396e-01
3.352060059913580803e-01,2.259791321404208686e-01
3.363014504553821227e-01,2.174831346432336554e-01
3.373968949194061651e-01,2.092548406194087163e-01
3.384923393834302074e-01,2.012881913874553230e-01
3.395877838474542498e-01,1.935771589008161708e-01
3.406832283114782922e-01,1.861157509116801168e-01
3.417786727755023346e-01,1.788980158919597496e-01
3.428741172395263770e-01,1.719180477115093975e-01
3.439695617035504749e-01,1.651699900737887416e-01
3.450650061675744618e-01,1.586480407110057722e-01
3.461604506315985597e-01,1.523464553395601773e-01
3.472558950956225465e-01,1.462595513787483259e-01
3.483513395596466444e-01,1.403817114351625928e-01
3.494467840236706868e-01,1.347073865564136774e-01
3.505422284876947292e-01,1.292310992573881823e-01
3.516376729517187716e-01,1.239474463226954148e-01
3.527331174157428140e-01,1.188511013913595427e-01
3.538285618797668564e-01,1.139368173260576073e-01
3.549240063437908987e-01,1.091994283737252047e-01
3.560194508078149411e-01,1.046338521222863333e-01
3.571148952718389835e-01,1.002350912585455861e-01
3.582103397358630259e-01,9.599823513343273829e-02
3.593057841998870683e-01,9.191846114013491054e-02
3.604012286639111107e-01,8.799103591151254122e-02
3.614966731279351531e-01,8.421131634259997056e-02
3.625921175919592510e-01,8.057475044423670352e-02
3.636875620559832378e-01,7.707687803466399534e-02
3.647830065200073357e-01,7.371333127540946606e-02
3.658784509840313226e-01,7.047983505679256133e-02
3.669738954480554205e-01,6.737220724135750682e-02
3.680693399120794629e-01,6.438635876965147220e-02
3.691647843761035053e-01,6.151829363597140915e-02
3.702602288401275477e-01,5.876410874012129304e-02
3.713556733041515900e-01,5.611999362132660124e-02
3.724511177681756324e-01,5.358223008025927298e-02
3.735465622321996748e-01,5.114719169606923160e-02
3.746420066962237172e-01,4.881134324366060567e-02
3.757374511602478151e-01,4.657124001763832122e-02
3.768328956242718020e-01,4.442352706825137415e-02
3.779283400882958999e-01,4.236493835585636997e-02
3.790237845523198867e-01,4.039229582833096105e-02
3.801192290163439846e-01,3.850250842773438736e-02
3.812146734803680270e-01,3.669257103128551606e-02
3.823101179443920694e-01,3.495956333162595492e-02
3.834055624084161118e-01,3.330064866120630018e-02
3.845010068724400987e-01,3.171307276620613513e-02
3.855964513364641966e-01,3.019416253384381993e-02
3.866918958004882390e-01,2.874132467838578717e-02
3.877873402645122813e-01,2.735204438955574427e-02
3.888827847285363237e-01,2.602388394760737217e-02
3.899782291925603661e-01,2.475448130994923474e-02
3.910736736565844085e-01,2.354154867103397386e-02
3.921691181206084509e-01,2.238287100208014718e-02
3.932645625846324933e-01,2.127630457170073125e-02
3.943600070486565912e-01,2.021977545190016545e-02
3.954554515126805780e-01,1.921127801246664060e-02
3.965508959767046759e-01,1.824887340714935469e-02
3.976463404407286628e-01,1.733068805327894757e-02
3.987417849047527607e-01,1.645491210915028119e-02
3.998372293687768031e-01,1.561979795071309976e-02
4.009326738328008455e-01,1.482365865044109506e-02
4.020281182968248879e-01,1.406486645975411204e-02
4.031235627608489303e-01,1.334185129934240856e-02
4.042190072248729726e-01,1.265309925628480513e-02
4.053144516888970150e-01,1.199715109259289793e-02
4.064098961529210574e-01,1.137260076571170245e-02
4.075053406169451553e-01,1.077809396215805189e-02
4.086007850809691422e-01,1.021232664676138997e-02
4.096962295449932401e-01,9.674043628940701828e-03
4.107916740090172270e-01,9.162037145720539413e-03
4.118871184730412693e-01,8.675145464790963087e-03
4.129825629370653672e-01,8.212251507260629607e-03
4.140780074010893541e-01,7.772281491427713435e-03
4.151734518651134520e-01,7.354203598876156260e-03
4.162688963291374389e-01,6.957026662464197916e-03
4.173643407931615368e-01,6.579798878576361386e-03
4.184597852571855792e-01,6.221606542894735428e-03
4.195552297212096216e-01,5.881572811071247332e-03
4.206506741852336639e-01,5.558856483508118999e-03
4.217461186492577063e-01,5.252650817009948611e-03
4.228415631132817487e-01,4.962182360358928339e-03
4.239370075773057911e-01,4.686709816936068980e-03
4.250324520413298335e-01,4.425522933445573751e-03
4.261278965053539314e-01,4.177941414120480215e-03
4.272233409693779183e-01,3.943313861795028075e-03
4.283187854334020161e-01,3.721016745237908877e-03
4.294142298974260030e-01,3.510453392529151295e-03
4.305096743614501009e-01,3.311053010922482970e-03
4.316051188254741433e-01,3.122269732577635272e-03
4.327005632894981857e-01,2.943581686295840705e-03
4.337960077535222281e-01,2.774490095241252934e-03
4.348914522175462705e-01,2.614518399951767588e-03
4.359868966815703129e-01,2.463211406547132637e-03
4.370823411455943552e-01,2.320134460340824226e-03
4.381777856096183976e-01,2.184872643608227073e-03
4.392732300736424400e-01,2.057029998324542974e-03
4.403686745376664269e-01,1.936228772401230123e-03
4.414641190016905803e-01,1.822108689960952104e-03
4.425595634657145672e-01,1.714326244368105136e-03
4.436550079297386096e-01,1.612554014701469193e-03
4.447504523937626519e-01,1.516480004277494980e-03
4.458458968577867498e-01,1.425807001368264082e-03
4.469413413218107922e-01,1.340251961144715452e-03
4.480367857858347791e-01,1.259545409235561606e-03
4.491322302498588215e-01,1.183430865674436503e-03
4.502276747138829194e-01,1.111664288630838686e-03
4.513231191779069618e-01,1.044013538875724310e-03
4.524185636419310041e-01,9.802578628283693026e-04
4.535140081059549910e-01,9.201873937992241775e-04
4.546094525699791444e-01,8.636026727740225709e-04
4.557048970340031313e-01,8.103141863943568932e-04
4.568003414980271737e-01,7.601419225970212261e-04
4.578957859620512161e-01,7.129149420952522178e-04
4.589912304260753140e-01,6.684709680287152398e-04
4.600866748900993564e-01,6.266559896561081991e-04
4.611821193541233432e-01,5.873238835758360331e-04
4.622775638181473856e-01,5.503360478785749221e-04
4.633730082821714835e-01,5.155610522166104766e-04
4.644684527461955259e-01,4.828743018603428184e-04
4.655638972102195683e-01,4.521577150157947964e-04
4.666593416742435552e-01,4.232994136248841542e-04
4.677547861382675976e-01,3.961934266727555913e-04
4.688502306022916954e-01,3.707394067055520782e-04
4.699456750663157378e-01,3.468423573391825874e-04
4.710411195303397802e-01,3.244123726719840895e-04
4.721365639943637671e-01,3.033643884014997419e-04
4.732320084583879205e-01,2.836179433292815018e-04
4.743274529224119074e-01,2.650969502560224537e-04
4.754228973864359498e-01,2.477294791572754069e-04
4.765183418504599921e-01,2.314475479024841469e-04
4.776137863144840900e-01,2.161869234427171705e-04
4.787092307785081324e-01,2.018869314463240128e-04
4.798046752425321193e-01,1.884902748755028722e-04
4.809001197065561617e-01,1.759428607728144665e-04
4.819955641705802596e-01,1.641936345715497986e-04
4.830910086346043020e-01,1.531944230901572800e-04
4.841864530986283444e-01,1.428997836546463983e-04
4.852818975626523312e-01,1.332668611155850280e-04
4.863773420266764846e-01,1.242552515421014474e-04
4.874727864907004715e-01,1.158268722578402146e-04
4.885682309547245139e-01,1.079458377476632435e-04
4.896636754187485563e-01,1.005783425442080575e-04
4.907591198827726542e-01,9.369254862622718139e-05
4.918545643467966966e-01,8.725847948184341381e-05
4.929500088108206834e-01,8.124791826175729848e-05
4.940454532748447258e-01,7.563431202418454031e-05
4.951408977388687682e-01,7.039268037264858734e-05
4.962363422028928661e-01,6.549952770124239443e-05
4.973317866669169085e-01,6.093276180400428383e-05
4.984272311309408954e-01,5.667161523426402658e-05
4.995226755949649378e-01,5.269657090946807532e-05
5.006181200589890912e-01,4.898929161555664138e-05
5.017135645230130780e-01,4.553255349229009727e-05
5.028090089870370649e-01,4.231018249049878639e-05
5.039044534510611628e-01,3.930699484903199770e-05
5.049998979150852607e-01,3.650873945857915681e-05
5.060953423791092476e-01,3.390204435277933802e-05
5.071907868431332345e-01,3.147436641563567067e-05
5.082862313071573324e-01,2.921394229623910729e-05
5.093816757711814303e-01,2.710974312599289486e-05
5.104771202352054171e-01,2.515143129338872903e-05
5.115725646992295150e-01,2.332931976347319008e-05
5.126680091632535019e-01,2.163433348036609697e-05
5.137634536272775998e-01,2.005797273891564945e-05
5.148588980913015867e-01,1.859227903440063116e-05
5.159543425553256846e-01,1.722980289975699187e-05
5.170497870193496714e-01,1.596357161484891556e-05
5.181452314833737693e-01,1.478706232572586475e-05
5.192406759473978672e-01,1.369417367728835058e-05
5.203361204114218541e-01,1.267919994105936873e-05
5.214315648754458410e-01,1.173680682236566961e-05
5.225270093394699389e-01,1.086200904640541996e-05
5.236224538034940368e-01,1.005014786902305500e-05
5.247178982675180237e-01,9.296871956013405357e-06
5.258133427315420105e-01,8.598116732929957497e-06
5.269087871955661084e-01,7.950087974772625460e-06
5.280042316595902063e-01,7.349243444903519374e-06
5.290996761236141932e-01,6.792277658148644348e-06
5.301951205876382911e-01,6.276107101919955034e-06
5.312905650516622780e-01,5.797855233533190012e-06
5.323860095156863759e-01,5.354839912429772557e-06
5.334814539797103627e-01,4.944561036064729159e-06
5.345768984437344606e-01,4.564687897775134390e-06
5.356723429077584475e-01,4.213049475768209912e-06
5.367677873717825454e-01,3.887623199469588962e-06
5.378632318358066433e-01,3.586525046657452042e-06
5.389586762998306302e-01,3.308001461349874193e-06
5.400541207638546171e-01,3.050419977634979933e-06
5.411495652278787150e-01,2.812261635367298910e-06
5.422450096919028129e-01,2.592112860106875428e-06
5.433404541559267997e-01,2.388659397604372076e-06
5.444358986199507866e-01,2.200679093776357605e-06
5.455313430839749955e-01,2.027035163956281141e-06
5.466267875479989824e-01,1.866671883588756958e-06
5.477222320120229693e-01,1.718608024492079384e-06
5.488176764760470672e-01,1.581932059278432842e-06
5.499131209400710540e-01,1.455797416138349541e-06
5.510085654040951519e-01,1.339418288501449112e-06
5.521040098681191388e-01,1.232064952801653527e-06
5.531994543321432367e-01,1.133060463345719298e-06
5.542948987961672236e-01,1.041777058489084788e-06
5.553903432601913215e-01,9.576318402851773954e-07
5.564857877242154194e-01,8.800847896098796415e-07
5.575812321882394063e-01,8.086350549093693561e-07
5.586766766522633931e-01,7.428188660133931191e-07
5.597721211162874910e-01,6.822055442092702905e-07
5.608675655803115889e-01,6.263970920529479074e-07
5.619630100443355758e-01,5.750246715694806057e-07
5.630584545083595627e-01,5.277463089095893995e-07
5.641538989723837716e-01,4.842462600047772103e-07
5.652493434364077585e-01,4.442316130236383894e-07
5.663447879004317453e-01,4.074316539624143496e-07
5.674402323644558432e-01,3.735959142642029813e-07
5.685356768284799411e-01,3.424931070904701459e-07
5.696311212925039280e-01,3.139087606166601406e-07
5.707265657565279149e-01,2.876455010368676352e-07
5.718220102205520128e-01,2.635199056318806422e-07
5.729174546845761107e-01,2.413636514357271363e-07
5.740128991486000976e-01,2.210202576437823448e-07
5.751083436126241955e-01,2.023460645753135638e-07
5.762037880766481823e-01,1.852078899876836359e-07
5.772992325406721692e-01,1.694829662608110716e-07
5.783946770046962671e-01,1.550583473134133336e-07
5.794901214687203650e-01,1.418295261236114301e-07
5.805855659327443519e-01,1.296999693511254878e-07
5.816810103967683387e-01,1.185811262256888735e-07
5.827764548607925477e-01,1.083909157494340957e-07
5.838718993248165345e-01,9.905420180888568953e-08
5.849673437888405214e-01,9.050121200125658559e-08
5.860627882528646193e-01,8.266825733848079989e-08
5.871582327168887172e-01,7.549633965288464657e-08
5.882536771809127041e-01,6.893091952426791360e-08
5.893491216449366910e-01,6.292224501916045560e-08
5.904445661089607889e-01,5.742450209198685802e-08
5.915400105729848867e-01,5.239528936008106759e-08
5.926354550370088736e-01,4.779575682101877372e-08
5.937308995010329715e-01,4.359020328781440090e-08
5.948263439650569584e-01,3.974574652148825735e-08
5.959217884290810563e-01,3.623217078887474962e-08
5.970172328931050432e-01,3.302174640767036779e-08
5.981126773571291411e-01,3.008902094418679786e-08
5.992081218211531279e-01,2.741058172433376475e-08
6.003035662851772258e-01,2.496502440427870095e-08
6.013990107492013237e-01,2.273234524430522515e-08
6.024944552132253106e-01,2.069484701326412093e-08
6.035898996772492975e-01,1.883563832735966338e-08
6.046853441412733954e-01,1.713961597784469518e-08
6.057807886052974933e-01,1.559290262045176746e-08
6.068762330693214802e-01,1.418238372440246079e-08
6.079716775333454670e-01,1.289666807663669192e-08
6.090671219973695649e-01,1.172485863010004737e-08
6.101625664613936628e-01,1.065714204993910348e-08
6.112580109254176497e-01,9.684426900755491836e-09
6.123534553894417476e-01,8.798484163874010982e-09
6.134488998534657345e-01,7.991875599670728925e-09
6.145443443174898324e-01,7.257506756093455236e-09
6.156397887815138192e-01,6.589193337559168746e-09
6.167352332455379171e-01,5.980998772038320294e-09
6.178306777095619040e-01,5.427774747876862316e-09
6.189261221735860019e-01,4.924602923865074941e-09
6.200215666376100998e-01,4.467067252340652625e-09
6.211170111016340867e-01,4.051096581828282428e-09
6.222124555656580736e-01,3.673103476815132808e-09
6.233079000296821714e-01,3.329690321676768809e-09
6.244033444937062693e-01,3.017460970283233693e-09
6.254987889577302562e-01,2.734028570305063752e-09
6.265942334217542431e-01,2.476715293198922095e-09
6.276896778857784520e-01,2.243069162456122754e-09
6.287851223498024389e-01,2.030975736117848236e-09
6.298805668138264258e-01,1.838524122261725958e-09
6.309760112778505237e-01,1.664008912266607258e-09
6.320714557418745105e-01,1.505711940306632878e-09
6.331669002058986084e-01,1.362095274389830039e-09
6.342623446699225953e-01,1.231858144229983805e-09
6.353577891339466932e-01,1.113856115571783098e-09
6.364532335979706801e-01,1.007019395100781407e-09
6.375486780619947780e-01,9.101869765988559632e-10
6.386441225260188759e-01,8.224396545070904337e-10
6.397395669900428627e-01,7.430186182679989192e-10
6.408350114540668496e-01,6.711036373783418015e-10
6.419304559180909475e-01,6.060921418364494679e-10
6.430259003821150454e-01,5.470690671904163714e-10
6.441213448461390323e-01,4.938141017501929299e-10
6.452167893101630192e-01,4.455431715579605639e-10
6.463122337741872281e-01,4.020577379854296063e-10
6.474076782382112150e-01,3.626219603781165408e-10
6.485031227022352018e-01,3.269467180712154668e-10
6.495985671662591887e-01,2.948256477808080199e-10
6.506940116302833976e-01,2.657390731287285153e-10
6.517894560943073845e-01,2.395043371662534444e-10
6.528849005583313714e-01,2.157952354441382572e-10
6.539803450223554693e-01,1.943402204291612532e-10
6.550757894863795672e-01,1.750370264959708515e-10
6.561712339504035540e-01,1.575539446646761895e-10
6.572666784144276519e-01,1.418146373601883603e-10
6.583621228784516388e-01,1.276561463473781301e-10
6.594575673424756257e-01,1.148568974769340173e-10
6.605530118064997236e-01,1.033088792692415595e-10
6.616484562705238215e-01,9.287448263920376729e-11
6.627439007345478084e-01,8.350175310943625981e-11
6.638393451985717952e-01,7.502266340031320022e-11
6.649347896625960042e-01,6.741287719192909195e-11
6.660302341266199910e-01,6.064786490666174797e-11
6.671256785906439779e-01,5.444130641655346040e-11
6.682211230546679648e-01,4.888344141428721173e-11
6.693165675186921737e-01,4.389011122511480864e-11
6.704120119827161606e-01,3.937657803898454999e-11
6.715074564467401474e-01,3.534530301909883352e-11
6.726029009107642453e-01,3.171082439743634483e-11
6.736983453747883432e-01,2.844581305060115763e-11
6.747937898388123301e-01,2.552274678369796512e-11
6.758892343028363170e-01,2.285500568939263802e-11
6.769846787668604149e-01,2.044389259723643231e-11
6.780801232308845128e-01,1.834980788102057242e-11
6.791755676949084997e-01,1.642635845215956967e-11
6.802710121589325976e-01,1.467441281313753520e-11
6.813664566229565844e-01,1.324330699055887747e-11
6.824619010869806823e-01,1.189669893113102127e-11
6.835573455510046692e-01,1.063502289788933488e-11
6.846527900150287671e-01,9.458713132390026724e-12
6.857482344790527540e-01,8.427976739626938976e-12
6.868436789430767409e-01,7.663275982960192625e-12
6.879391234071009498e-01,6.746152542601664032e-12
6.890345678711249366e-01,5.976194370306147766e-12
6.901300123351489235e-01,5.384204314885138223e-12
6.912254567991730214e-01,4.880667777389349540e-12
6.923209012631971193e-01,4.254788218902449094e-12
6.934163457272211062e-01,3.959347408075511279e-12
6.945117901912450931e-01,3.451036273633387440e-12
6.956072346552691910e-01,3.032046897317141483e-12
6.967026791192932889e-01,2.733182000918205837e-12
6.977981235833172757e-01,2.372518808301987501e-12
6.988935680473413736e-01,2.102093671831963365e-12
6.999890125113653605e-01,1.891827237825310231e-12
7.010844569753894584e-01,1.772570387533910983e-12
7.021799014394134453e-01,1.438659343488187315e-12
7.032753459034375432e-01,1.195661498139354585e-12
7.043707903674615300e-01,1.166835600390590190e-12
7.054662348314856279e-01,9.533867691311351726e-13
7.065616792955097258e-01,9.240786848851022346e-13
7.076571237595337127e-01,7.712708195639859836e-13
7.087525682235576996e-01,6.797789189995797771e-13
7.098480126875817975e-01,7.117867455375445514e-13
7.109434571516058954e-01,6.199091377670610344e-13
7.120389016156298823e-01,4.346112823605272172e-13
7.131343460796538691e-01,3.420105504645524759e-13
7.142297905436779670e-01,2.491205799125609653e-13
7.153252350077020649e-01,1.871296549594993753e-13
7.164206794717260518e-01,2.186553476961774837e-13
7.175161239357501497e-01,3.441314771611830886e-13
7.186115683997741366e-01,1.879972819863022988e-13
7.197070128637982345e-01,2.510486401220784269e-13
7.208024573278222213e-01,1.885756728004857482e-13
7.218979017918463192e-01,9.443243007298066439e-14
7.229933462558703061e-01,0.000000000000000000e+00
7.240887907198944040e-01,0.000000000000000000e+00
7.251842351839185019e-01,0.000000000000000000e+00
7.262796796479424888e-01,0.000000000000000000e+00
7.273751241119664757e-01,0.000000000000000000e+00
7.284705685759905736e-01,0.000000000000000000e+00
7.295660130400146715e-01,0.000000000000000000e+00
7.306614575040386583e-01,0.000000000000000000e+00
7.317569019680626452e-01,0.000000000000000000e+00
7.328523464320868541e-01,0.000000000000000000e+00
7.339477908961108410e-01,0.000000000000000000e+00
7.350432353601348279e-01,0.000000000000000000e+00
7.361386798241589258e-01,0.000000000000000000e+00
7.372341242881830237e-01,0.000000000000000000e+00
7.383295687522070105e-01,0.000000000000000000e+00
7.394250132162309974e-01,0.000000000000000000e+00
7.405204576802550953e-01,0.000000000000000000e+00
7.416159021442790822e-01,0.000000000000000000e+00
7.427113466083031801e-01,0.000000000000000000e+00
7.438067910723272780e-01,0.000000000000000000e+00
7.449022355363512649e-01,0.000000000000000000e+00
7.459976800003752517e-01,0.000000000000000000e+00
7.470931244643993496e-01,0.000000000000000000e+00
7.481885689284234475e-01,0.000000000000000000e+00
7.492840133924474344e-01,0.000000000000000000e+00
7.503794578564714213e-01,0.000000000000000000e+00
7.514749023204956302e-01,0.000000000000000000e+00
7.525703467845196171e-01,0.000000000000000000e+00
7.536657912485436039e-01,0.000000000000000000e+00
7.547612357125677018e-01,0.000000000000000000e+00
7.558566801765917997e-01,0.000000000000000000e+00
7.569521246406157866e-01,0.000000000000000000e+00
7.580475691046397735e-01,0.000000000000000000e+00
7.591430135686638714e-01,0.000000000000000000e+00
7.602384580326879693e-01,0.000000000000000000e+00
7.613339024967119562e-01,0.000000000000000000e+00
7.624293469607360541e-01,0.000000000000000000e+00
7.635247914247600409e-01,0.000000000000000000e+00
7.646202358887841388e-01,0.000000000000000000e+00
7.657156803528081257e-01,0.000000000000000000e+00
7.668111248168322236e-01,0.000000000000000000e+00
7.679065692808562105e-01,0.000000000000000000e+00
7.690020137448801973e-01,0.000000000000000000e+00
7.700974582089044063e-01,0.000000000000000000e+00
7.711929026729283931e-01,0.000000000000000000e+00
7.722883471369523800e-01,0.000000000000000000e+00
7.733837916009764779e-01,0.000000000000000000e+00
7.744792360650005758e-01,0.000000000000000000e+00
7.755746805290245627e-01,0.000000000000000000e+00
7.766701249930485496e-01,0.000000000000000000e+00
7.777655694570726475e-01,0.000000000000000000e+00
7.788610139210967453e-01,0.000000000000000000e+00
7.799564583851207322e-01,0.000000000000000000e+00
7.810519028491448301e-01,0.000000000000000000e+00
7.821473473131688170e-01,0.000000000000000000e+00
7.832427917771929149e-01,0.000000000000000000e+00
7.843382362412169018e-01,0.000000000000000000e+00
7.854336807052409997e-01,0.000000000000000000e+00
7.865291251692649865e-01,0.000000000000000000e+00
7.876245696332890844e-01,0.000000000000000000e+00
7.887200140973131823e-01,0.000000000000000000e+00
7.898154585613371692e-01,0.000000000000000000e+00
7.909109030253611561e-01,0.000000000000000000e+00
7.920063474893852540e-01,0.000000000000000000e+00
7.931017919534093519e-01,0.000000000000000000e+00
7.941972364174333388e-01,0.000000000000000000e+00
7.952926808814573256e-01,0.000000000000000000e+00
7.963881253454814235e-01,0.000000000000000000e+00
7.974835698095055214e-01,0.000000000000000000e+00
7.985790142735295083e-01,0.000000000000000000e+00
7.996744587375536062e-01,0.000000000000000000e+00
8.007699032015775931e-01,0.000000000000000000e+00
8.018653476656016910e-01,0.000000000000000000e+00
8.029607921296256778e-01,0.000000000000000000e+00
8.040562365936497757e-01,0.000000000000000000e+00
8.051516810576737626e-01,0.000000000000000000e+00
8.062471255216978605e-01,0.000000000000000000e+00
8.073425699857219584e-01,0.000000000000000000e+00
8.084380144497459453e-01,0.000000000000000000e+00
8.095334589137699322e-01,0.000000000000000000e+00
8.106289033777940300e-01,0.000000000000000000e+00
8.117243478418181279e-01,0.000000000000000000e+00
8.128197923058421148e-01,0.000000000000000000e+00
8.139152367698661017e-01,0.000000000000000000e+00
8.150106812338903106e-01,0.000000000000000000e+00
8.161061256979142975e-01,0.000000000000000000e+00
8.172015701619382844e-01,0.000000000000000000e+00
8.182970146259623823e-01,0.000000000000000000e+00
8.193924590899864802e-01,0.000000000000000000e+00
8.204879035540104670e-01,0.000000000000000000e+00
8.215833480180344539e-01,0.000000000000000000e+00
8.226787924820585518e-01,0.000000000000000000e+00
8.237742369460825387e-01,0.000000000000000000e+00
8.248696814101066366e-01,0.000000000000000000e+00
8.259651258741307345e-01,0.000000000000000000e+00
8.270605703381547213e-01,0.000000000000000000e+00
8.281560148021787082e-01,0.000000000000000000e+00
8.292514592662028061e-01,0.000000000000000000e+00
8.303469037302269040e-01,0.000000000000000000e+00
8.314423481942508909e-01,0.000000000000000000e+00
8.325377926582748778e-01,0.000000000000000000e+00
8.336332371222990867e-01,0.000000000000000000e+00
8.347286815863230736e-01,0.000000000000000000e+00
8.358241260503470604e-01,0.000000000000000000e+00
8.369195705143711583e-01,0.000000000000000000e+00
8.380150149783952562e-01,0.000000000000000000e+00
8.391104594424192431e-01,0.000000000000000000e+00
8.402059039064432300e-01,0.000000000000000000e+00
8.413013483704673279e-01,0.000000000000000000e+00
8.423967928344914258e-01,0.000000000000000000e+00
8.434922372985154126e-01,0.000000000000000000e+00
8.445876817625395105e-01,0.000000000000000000e+00
8.456831262265634974e-01,0.000000000000000000e+00
8.467785706905875953e-01,0.000000000000000000e+00
8.478740151546115822e-01,0.000000000000000000e+00
8.489694596186356801e-01,0.000000000000000000e+00
8.500649040826596670e-01,0.000000000000000000e+00
8.511603485466836538e-01,0.000000000000000000e+00
8.522557930107078628e-01,0.000000000000000000e+00
8.533512374747318496e-01,0.000000000000000000e+00
8.544466819387558365e-01,0.000000000000000000e+00
8.555421264027798234e-01,0.000000000000000000e+00
8.566375708668040323e-01,0.000000000000000000e+00
8.577330153308280192e-01,0.000000000000000000e+00
8.588284597948520060e-01,0.000000000000000000e+00
8.599239042588761039e-01,0.000000000000000000e+00
8.610193487229002018e-01,0.000000000000000000e+00
8.621147931869241887e-01,0.000000000000000000e+00
8.632102376509482866e-01,0.000000000000000000e+00
8.643056821149722735e-01,0.000000000000000000e+00
8.654011265789963714e-01,0.000000000000000000e+00
8.664965710430203583e-01,0.000000000000000000e+00
8.675920155070444562e-01,0.000000000000000000e+00
8.686874599710684430e-01,0.000000000000000000e+00
8.697829044350925409e-01,0.000000000000000000e+00
8.708783488991166388e-01,0.000000000000000000e+00
8.719737933631406257e-01,0.000000000000000000e+00
8.730692378271646126e-01,0.000000000000000000e+00
8.741646822911887105e-01,0.000000000000000000e+00
8.752601267552128084e-01,0.000000000000000000e+00
8.763555712192367952e-01,0.000000000000000000e+00
8.774510156832607821e-01,0.000000000000000000e+00
8.785464601472848800e-01,0.000000000000000000e+00
8.796419046113088669e-01,0.000000000000000000e+00
8.807373490753328538e-01,0.000000000000000000e+00
8.818327935393570627e-01,0.000000000000000000e+00
8.829282380033811606e-01,0.000000000000000000e+00
8.840236824674051475e-01,0.000000000000000000e+00
8.851191269314291343e-01,0.000000000000000000e+00
8.862145713954532322e-01,0.000000000000000000e+00
8.873100158594772191e-01,0.000000000000000000e+00
8.884054603235012060e-01,0.000000000000000000e+00
8.895009047875253039e-01,0.000000000000000000e+00
8.905963492515495128e-01,0.000000000000000000e+00
8.916917937155734997e-01,0.000000000000000000e+00
8.927872381795974865e-01,0.000000000000000000e+00
8.938826826436215844e-01,0.000000000000000000e+00
8.949781271076455713e-01,0.000000000000000000e+00
8.960735715716695582e-01,0.000000000000000000e+00
8.971690160356936561e-01,0.000000000000000000e+00
8.982644604997176430e-01,0.000000000000000000e+00
8.993599049637418519e-01,0.000000000000000000e+00
9.004553494277658388e-01,0.000000000000000000e+00
9.015507938917899367e-01,0.000000000000000000e+00
9.026462383558139235e-01,0.000000000000000000e+00
9.037416828198379104e-01,0.000000000000000000e+00
9.048371272838620083e-01,0.000000000000000000e+00
9.059325717478859952e-01,0.000000000000000000e+00
9.070280162119099820e-01,0.000000000000000000e+00
9.081234606759340799e-01,0.000000000000000000e+00
9.092189051399582889e-01,0.000000000000000000e+00
9.103143496039822757e-01,0.000000000000000000e+00
9.114097940680062626e-01,0.000000000000000000e+00
9.125052385320303605e-01,0.000000000000000000e+00
9.136006829960543474e-01,0.000000000000000000e+00
9.146961274600783343e-01,0.000000000000000000e+00
9.157915719241024322e-01,0.000000000000000000e+00
9.168870163881264190e-01,0.000000000000000000e+00
9.179824608521506280e-01,0.000000000000000000e+00
9.190779053161746148e-01,0.000000000000000000e+00
9.201733497801987127e-01,0.000000000000000000e+00
9.212687942442226996e-01,0.000000000000000000e+00
9.223642387082466865e-01,0.000000000000000000e+00
9.234596831722707844e-01,0.000000000000000000e+00
9.245551276362947712e-01,0.000000000000000000e+00
9.256505721003187581e-01,0.000000000000000000e+00
9.267460165643429670e-01,0.000000000000000000e+00
9.278414610283670649e-01,0.000000000000000000e+00
9.289369054923910518e-01,0.000000000000000000e+00
9.300323499564150387e-01,0.000000000000000000e+00
9.311277944204391366e-01,0.000000000000000000e+00
9.322232388844631235e-01,0.000000000000000000e+00
9.333186833484871103e-01,0.000000000000000000e+00
9.344141278125112082e-01,0.000000000000000000e+00
9.355095722765351951e-01,0.000000000000000000e+00
9.366050167405594040e-01,0.000000000000000000e+00
9.377004612045833909e-01,0.000000000000000000e+00
9.387959056686074888e-01,0.000000000000000000e+00
9.398913501326314757e-01,0.000000000000000000e+00
9.409867945966554625e-01,0.000000000000000000e+00
9.420822390606795604e-01,0.000000000000000000e+00
9.431776835247035473e-01,0.000000000000000000e+00
9.442731279887275342e-01,0.000000000000000000e+00
9.453685724527517431e-01,0.000000000000000000e+00
9.464640169167758410e-01,0.000000000000000000e+00
9.475594613807998279e-01,0.000000000000000000e+00
9.486549058448238148e-01,0.000000000000000000e+00
9.497503503088479127e-01,0.000000000000000000e+00
9.508457947728718995e-01,0.000000000000000000e+00
9.519412392368958864e-01,0.000000000000000000e+00
9.530366837009199843e-01,0.000000000000000000e+00
9.541321281649441932e-01,0.000000000000000000e+00
9.552275726289681801e-01,0.000000000000000000e+00
9.563230170929921670e-01,0.000000000000000000e+00
9.574184615570162649e-01,0.000000000000000000e+00
9.585139060210402517e-01,0.000000000000000000e+00
9.596093504850642386e-01,0.000000000000000000e+00
9.607047949490883365e-01,0.000000000000000000e+00
9.618002394131123234e-01,0.000000000000000000e+00
9.628956838771363103e-01,0.000000000000000000e+00
9.639911283411605192e-01,0.000000000000000000e+00
9.650865728051846171e-01,0.000000000000000000e+00
9.661820172692086039e-01,0.000000000000000000e+00
9.672774617332325908e-01,0.000000000000000000e+00
9.683729061972566887e-01,0.000000000000000000e+00
9.694683506612806756e-01,0.000000000000000000e+00
9.705637951253046625e-01,0.000000000000000000e+00
9.716592395893287604e-01,0.000000000000000000e+00
9.727546840533529693e-01,0.000000000000000000e+00
9.738501285173769562e-01,0.000000000000000000e+00
9.749455729814009430e-01,0.000000000000000000e+00
9.760410174454250409e-01,0.000000000000000000e+00
9.771364619094490278e-01,0.000000000000000000e+00
9.782319063734730147e-01,0.000000000000000000e+00
9.793273508374971126e-01,0.000000000000000000e+00
9.804227953015210995e-01,0.000000000000000000e+00
9.815182397655453084e-01,0.000000000000000000e+00
9.826136842295692952e-01,0.000000000000000000e+00
9.837091286935933931e-01,0.000000000000000000e+00
9.848045731576173800e-01,0.000000000000000000e+00
9.859000176216413669e-01,0.000000000000000000e+00
9.869954620856654648e-01,0.000000000000000000e+00
9.880909065496894517e-01,0.000000000000000000e+00
9.891863510137134385e-01,0.000000000000000000e+00
9.902817954777375364e-01,0.000000000000000000e+00
9.913772399417617454e-01,0.000000000000000000e+00
9.924726844057857322e-01,0.000000000000000000e+00
9.935681288698097191e-01,0.000000000000000000e+00
9.946635733338338170e-01,0.000000000000000000e+00
9.957590177978578039e-01,0.000000000000000000e+00
9.968544622618817908e-01,0.000000000000000000e+00
9.979499067259058886e-01,0.000000000000000000e+00
9.990453511899298755e-01,0.000000000000000000e+00
1.000140795653954084e+00,0.000000000000000000e+00
1.001236240117978182e+00,0.000000000000000000e+00
1.002331684582002058e+00,0.000000000000000000e+00
1.003427129046026156e+00,0.000000000000000000e+00
1.004522573510050254e+00,0.000000000000000000e+00
1.005618017974074130e+00,0.000000000000000000e+00
1.006713462438098228e+00,0.000000000000000000e+00
1.007808906902122326e+00,0.000000000000000000e+00
1.008904351366146424e+00,0.000000000000000000e+00
1.009999795830170521e+00,0.000000000000000000e+00
1.011095240294194397e+00,0.000000000000000000e+00
1.012190684758218495e+00,0.000000000000000000e+00
1.013286129222242593e+00,0.000000000000000000e+00
1.014381573686266469e+00,0.000000000000000000e+00
1.015477018150290567e+00,0.000000000000000000e+00
1.016572462614314665e+00,0.000000000000000000e+00
1.017667907078338541e+00,0.000000000000000000e+00
1.018763351542362861e+00,0.000000000000000000e+00
1.019858796006386958e+00,0.000000000000000000e+00
1.020954240470410834e+00,0.000000000000000000e+00
1.022049684934434932e+00,0.000000000000000000e+00
1.023145129398459030e+00,0.000000000000000000e+00
1.024240573862482906e+00,0.000000000000000000e+00
1.025336018326507004e+00,0.000000000000000000e+00
1.026431462790531102e+00,0.000000000000000000e+00
1.027526907254555200e+00,0.000000000000000000e+00
1.028622351718579297e+00,0.000000000000000000e+00
1.029717796182603173e+00,0.000000000000000000e+00
1.030813240646627271e+00,0.000000000000000000e+00
1.031908685110651369e+00,0.000000000000000000e+00
1.033004129574675245e+00,0.000000000000000000e+00
1.034099574038699343e+00,0.000000000000000000e+00
1.035195018502723441e+00,0.000000000000000000e+00
1.036290462966747539e+00,0.000000000000000000e+00
1.037385907430771637e+00,0.000000000000000000e+00
1.038481351894795734e+00,0.000000000000000000e+00
1.039576796358819610e+00,0.000000000000000000e+00
1.040672240822843708e+00,0.000000000000000000e+00
1.041767685286867806e+00,0.000000000000000000e+00
1.042863129750891682e+00,0.000000000000000000e+00
1.043958574214915780e+00,0.000000000000000000e+00
1.045054018678939878e+00,0.000000000000000000e+00
1.046149463142963976e+00,0.000000000000000000e+00
1.047244907606988074e+00,0.000000000000000000e+00
1.048340352071011949e+00,0.000000000000000000e+00
1.049435796535036047e+00,0.000000000000000000e+00
1.050531240999060145e+00,0.000000000000000000e+00
1.051626685463084021e+00,0.000000000000000000e+00
1.052722129927108119e+00,0.000000000000000000e+00
1.053817574391132217e+00,0.000000000000000000e+00
1.054913018855156315e+00,0.000000000000000000e+00
1.056008463319180413e+00,0.000000000000000000e+00
1.057103907783204511e+00,0.000000000000000000e+00
1.058199352247228386e+00,0.000000000000000000e+00
1.059294796711252484e+00,0.000000000000000000e+00
1.060390241175276582e+00,0.000000000000000000e+00
1.061485685639300458e+00,0.000000000000000000e+00
1.062581130103324556e+00,0.000000000000000000e+00
1.063676574567348654e+00,0.000000000000000000e+00
1.064772019031372752e+00,0.000000000000000000e+00
1.065867463495396850e+00,0.000000000000000000e+00
1.066962907959420725e+00,0.000000000000000000e+00
1.068058352423444823e+00,0.000000000000000000e+00
1.069153796887468921e+00,0.000000000000000000e+00
1.070249241351492797e+00,0.000000000000000000e+00
1.071344685815516895e+00,0.000000000000000000e+00
1.072440130279540993e+00,0.000000000000000000e+00
1.073535574743565091e+00,0.000000000000000000e+00
1.074631019207589189e+00,0.000000000000000000e+00
1.075726463671613287e+00,0.000000000000000000e+00
1.076821908135637162e+00,0.000000000000000000e+00
1.077917352599661260e+00,0.000000000000000000e+00
1.079012797063685358e+00,0.000000000000000000e+00
1.080108241527709234e+00,0.000000000000000000e+00
1.081203685991733332e+00,0.000000000000000000e+00
1.082299130455757430e+00,0.000000000000000000e+00
1.083394574919781528e+00,0.000000000000000000e+00
1.084490019383805626e+00,0.000000000000000000e+00
1.085585463847829502e+00,0.000000000000000000e+00
1.086680908311853599e+00,0.000000000000000000e+00
1.087776352775877697e+00,0.000000000000000000e+00
1.088871797239901573e+00,0.000000000000000000e+00
1.089967241703925671e+00,0.000000000000000000e+00
1.091062686167949991e+00,0.000000000000000000e+00
1.092158130631973867e+00,0.000000000000000000e+00
1.093253575095997965e+00,0.000000000000000000e+00
1.094349019560022063e+00,0.000000000000000000e+00
1.095444464024045939e+00,0.000000000000000000e+00
1.096539908488070036e+00,0.000000000000000000e+00
1.097635352952094134e+00,0.000000000000000000e+00
1.098730797416118010e+00,0.000000000000000000e+00
1.099826241880142108e+00,0.000000000000000000e+00
1.100921686344166206e+00,0.000000000000000000e+00
1.102017130808190304e+00,0.000000000000000000e+00
1.103112575272214402e+00,0.000000000000000000e+00
1.104208019736238278e+00,0.000000000000000000e+00
1.105303464200262376e+00,0.000000000000000000e+00
1.106398908664286473e+00,0.000000000000000000e+00
1.107494353128310349e+00,0.000000000000000000e+00
1.108589797592334447e+00,0.000000000000000000e+00
1.109685242056358767e+00,0.000000000000000000e+00
1.110780686520382643e+00,0.000000000000000000e+00
1.111876130984406741e+00,0.000000000000000000e+00
1.112971575448430839e+00,0.000000000000000000e+00
1.114067019912454715e+00,0.000000000000000000e+00
1.115162464376478813e+00,0.000000000000000000e+00
1.116257908840502910e+00,0.000000000000000000e+00
1.117353353304526786e+00,0.000000000000000000e+00
1.118448797768551106e+00,0.000000000000000000e+00
1.119544242232574982e+00,0.000000000000000000e+00
1.120639686696599080e+00,0.000000000000000000e+00
1.121735131160623178e+00,0.000000000000000000e+00
1.122830575624647054e+00,0.000000000000000000e+00
1.123926020088671152e+00,0.000000000000000000e+00
1.125021464552695249e+00,0.000000000000000000e+00
1.126116909016719125e+00,0.000000000000000000e+00
1.127212353480743223e+00,0.000000000000000000e+00
1.128307797944767543e+00,0.000000000000000000e+00
1.129403242408791419e+00,0.000000000000000000e+00
1.130498686872815517e+00,0.000000000000000000e+00
1.131594131336839615e+00,0.000000000000000000e+00
1.132689575800863491e+00,0.000000000000000000e+00
1.133785020264887589e+00,0.000000000000000000e+00
1.134880464728911686e+00,0.000000000000000000e+00
1.135975909192935562e+00,0.000000000000000000e+00
1.137071353656959882e+00,0.000000000000000000e+00
1.138166798120983758e+00,0.000000000000000000e+00
1.139262242585007856e+00,0.000000000000000000e+00
1.140357687049031954e+00,0.000000000000000000e+00
1.141453131513055830e+00,0.000000000000000000e+00
1.142548575977079928e+00,0.000000000000000000e+00
1.143644020441104026e+00,0.000000000000000000e+00
1.144739464905127901e+00,0.000000000000000000e+00
1.145834909369152221e+00,0.000000000000000000e+00
1.146930353833176319e+00,0.000000000000000000e+00
1.148025798297200195e+00,0.000000000000000000e+00
1.149121242761224293e+00,0.000000000000000000e+00
1.150216687225248391e+00,0.000000000000000000e+00
1.151312131689272267e+00,0.000000000000000000e+00
1.152407576153296365e+00,0.000000000000000000e+00
1.153503020617320463e+00,0.000000000000000000e+00
1.154598465081344338e+00,0.000000000000000000e+00
1.155693909545368658e+00,0.000000000000000000e+00
1.156789354009392534e+00,0.000000000000000000e+00
1.157884798473416632e+00,0.000000000000000000e+00
1.158980242937440730e+00,0.000000000000000000e+00
1.160075687401464606e+00,0.000000000000000000e+00
1.161171131865488704e+00,0.000000000000000000e+00
1.162266576329512802e+00,0.000000000000000000e+00
1.163362020793536677e+00,0.000000000000000000e+00
1.164457465257560997e+00,0.000000000000000000e+00
1.165552909721585095e+00,0.000000000000000000e+00
1.166648354185608971e+00,0.000000000000000000e+00
1.167743798649633069e+00,0.000000000000000000e+00
1.168839243113657167e+00,0.000000000000000000e+00
1.169934687577681043e+00,0.000000000000000000e+00
1.171030132041705141e+00,0.000000000000000000e+00
1.172125576505729239e+00,0.000000000000000000e+00
1.173221020969753337e+00,0.000000000000000000e+00
1.174316465433777434e+00,0.000000000000000000e+00
1.175411909897801310e+00,0.000000000000000000e+00
1.176507354361825408e+00,0.000000000000000000e+00
1.177602798825849506e+00,0.000000000000000000e+00
1.178698243289873382e+00,0.000000000000000000e+00
1.179793687753897480e+00,0.000000000000000000e+00
1.180889132217921578e+00,0.000000000000000000e+00
1.181984576681945454e+00,0.000000000000000000e+00
1.183080021145969773e+00,0.000000000000000000e+00
1.184175465609993871e+00,0.000000000000000000e+00
1.185270910074017747e+00,0.000000000000000000e+00
1.186366354538041845e+00,0.000000000000000000e+00
1.187461799002065943e+00,0.000000000000000000e+00
1.188557243466089819e+00,0.000000000000000000e+00
1.189652687930113917e+00,0.000000000000000000e+00
1.190748132394138015e+00,0.000000000000000000e+00
1.191843576858162113e+00,0.000000000000000000e+00
1.192939021322186210e+00,0.000000000000000000e+00
1.194034465786210086e+00,0.000000000000000000e+00
1.195129910250234184e+00,0.000000000000000000e+00
1.196225354714258282e+00,0.000000000000000000e+00
1.197320799178282158e+00,0.000000000000000000e+00
1.198416243642306256e+00,0.000000000000000000e+00
1.199511688106330354e+00,0.000000000000000000e+00
1.200607132570354452e+00,0.000000000000000000e+00
1.201702577034378550e+00,0.000000000000000000e+00
1.202798021498402647e+00,0.000000000000000000e+00
1.203893465962426523e+00,0.000000000000000000e+00
1.204988910426450621e+00,0.000000000000000000e+00
1.206084354890474719e+00,0.000000000000000000e+00
1.207179799354498595e+00,0.000000000000000000e+00
1.208275243818522693e+00,0.000000000000000000e+00
1.209370688282546791e+00,0.000000000000000000e+00
1.210466132746570889e+00,0.000000000000000000e+00
1.211561577210594987e+00,0.000000000000000000e+00
1.212657021674618862e+00,0.000000000000000000e+00
1.213752466138642960e+00,0.000000000000000000e+00
1.214847910602667058e+00,0.000000000000000000e+00
1.215943355066690934e+00,0.000000000000000000e+00
1.217038799530715032e+00,0.000000000000000000e+00
1.218134243994739130e+00,0.000000000000000000e+00
1.219229688458763228e+00,0.000000000000000000e+00
1.220325132922787326e+00,0.000000000000000000e+00
1.221420577386811424e+00,0.000000000000000000e+00
1.222516021850835299e+00,0.000000000000000000e+00
1.223611466314859397e+00,0.000000000000000000e+00
1.224706910778883495e+00,0.000000000000000000e+00
1.225802355242907371e+00,0.000000000000000000e+00
1.226897799706931469e+00,0.000000000000000000e+00
1.227993244170955567e+00,0.000000000000000000e+00
1.229088688634979665e+00,0.000000000000000000e+00
1.230184133099003763e+00,0.000000000000000000e+00
1.231279577563027638e+00,0.000000000000000000e+00
1.232375022027051736e+00,0.000000000000000000e+00
1.233470466491075834e+00,0.000000000000000000e+00
1.234565910955099710e+00,0.000000000000000000e+00
1.235661355419123808e+00,0.000000000000000000e+00
1.236756799883147906e+00,0.000000000000000000e+00
1.237852244347172004e+00,0.000000000000000000e+00
1.238947688811196102e+00,0.000000000000000000e+00
1.240043133275220200e+00,0.000000000000000000e+00
1.241138577739244075e+00,0.000000000000000000e+00
1.242234022203268173e+00,0.000000000000000000e+00
1.243329466667292271e+00,0.000000000000000000e+00
1.244424911131316147e+00,0.000000000000000000e+00
1.245520355595340245e+00,0.000000000000000000e+00
1.246615800059364343e+00,0.000000000000000000e+00
1.247711244523388441e+00,0.000000000000000000e+00
1.248806688987412539e+00,0.000000000000000000e+00
1.249902133451436415e+00,0.000000000000000000e+00
1.250997577915460512e+00,0.000000000000000000e+00
1.252093022379484610e+00,0.000000000000000000e+00
1.253188466843508486e+00,0.000000000000000000e+00
1.254283911307532584e+00,0.000000000000000000e+00
1.255379355771556904e+00,0.000000000000000000e+00
1.256474800235580780e+00,0.000000000000000000e+00
1.257570244699604878e+00,0.000000000000000000e+00
1.258665689163628976e+00,0.000000000000000000e+00
1.259761133627652852e+00,0.000000000000000000e+00
1.260856578091676949e+00,0.000000000000000000e+00
1.261952022555701047e+00,0.000000000000000000e+00
1.263047467019724923e+00,0.000000000000000000e+00
1.264142911483749021e+00,0.000000000000000000e+00
1.265238355947773119e+00,0.000000000000000000e+00
1.266333800411797217e+00,0.000000000000000000e+00
1.267429244875821315e+00,0.000000000000000000e+00
1.268524689339845191e+00,0.000000000000000000e+00
1.269620133803869289e+00,0.000000000000000000e+00
1.270715578267893386e+00,0.000000000000000000e+00
1.271811022731917262e+00,0.000000000000000000e+00
1.272906467195941360e+00,0.000000000000000000e+00
1.274001911659965680e+00,0.000000000000000000e+00
1.275097356123989556e+00,0.000000000000000000e+00
1.276192800588013654e+00,0.000000000000000000e+00
1.277288245052037752e+00,0.000000000000000000e+00
1.278383689516061628e+00,0.000000000000000000e+00
1.279479133980085725e+00,0.000000000000000000e+00
1.280574578444109823e+00,0.000000000000000000e+00
1.281670022908133699e+00,0.000000000000000000e+00
1.282765467372158019e+00,0.000000000000000000e+00
1.283860911836181895e+00,0.000000000000000000e+00
1.284956356300205993e+00,0.000000000000000000e+00
1.286051800764230091e+00,0.000000000000000000e+00
1.287147245228253967e+00,0.000000000000000000e+00
1.288242689692278065e+00,0.000000000000000000e+00
1.289338134156302162e+00,0.000000000000000000e+00
1.290433578620326038e+00,0.000000000000000000e+00
1.291529023084350136e+00,0.000000000000000000e+00
1.292624467548374456e+00,0.000000000000000000e+00
1.293719912012398332e+00,0.000000000000000000e+00
1.294815356476422430e+00,0.000000000000000000e+00
1.295910800940446528e+00,0.000000000000000000e+00
1.297006245404470404e+00,0.000000000000000000e+00
1.298101689868494502e+00,0.000000000000000000e+00
1.299197134332518377e+00,0.000000000000000000e+00
1.300292578796542475e+00,0.000000000000000000e+00
1.301388023260566795e+00,0.000000000000000000e+00
1.302483467724590671e+00,0.000000000000000000e+00
1.303578912188614769e+00,0.000000000000000000e+00
1.304674356652638867e+00,0.000000000000000000e+00
1.305769801116662743e+00,0.000000000000000000e+00
1.306865245580686841e+00,0.000000000000000000e+00
1.307960690044710939e+00,0.000000000000000000e+00
1.309056134508734814e+00,0.000000000000000000e+00
1.310151578972759134e+00,0.000000000000000000e+00
1.311247023436783232e+00,0.000000000000000000e+00
1.312342467900807108e+00,0.000000000000000000e+00
1.313437912364831206e+00,0.000000000000000000e+00
1.314533356828855304e+00,0.000000000000000000e+00
1.315628801292879180e+00,0.000000000000000000e+00
1.316724245756903278e+00,0.000000000000000000e+00
1.317819690220927153e+00,0.000000000000000000e+00
1.318915134684951251e+00,0.000000000000000000e+00
1.320010579148975571e+00,0.000000000000000000e+00
1.321106023612999447e+00,0.000000000000000000e+00
1.322201468077023545e+00,0.000000000000000000e+00
1.323296912541047643e+00,0.000000000000000000e+00
1.324392357005071519e+00,0.000000000000000000e+00
1.325487801469095617e+00,0.000000000000000000e+00
1.326583245933119715e+00,0.000000000000000000e+00
1.327678690397143590e+00,0.000000000000000000e+00
1.328774134861167910e+00,0.000000000000000000e+00
1.329869579325192008e+00,0.000000000000000000e+00
1.330965023789215884e+00,0.000000000000000000e+00
1.332060468253239982e+00,0.000000000000000000e+00
1.333155912717263858e+00,0.000000000000000000e+00
1.334251357181287956e+00,0.000000000000000000e+00
1.335346801645312054e+00,0.000000000000000000e+00
1.336442246109335930e+00,0.000000000000000000e+00
1.337537690573360250e+00,0.000000000000000000e+00
1.338633135037384347e+00,0.000000000000000000e+00
1.339728579501408223e+00,0.000000000000000000e+00
1.340824023965432321e+00,0.000000000000000000e+00
1.341919468429456419e+00,0.000000000000000000e+00
1.343014912893480295e+00,0.000000000000000000e+00
1.344110357357504393e+00,0.000000000000000000e+00
1.345205801821528491e+00,0.000000000000000000e+00
1.346301246285552367e+00,0.000000000000000000e+00
1.347396690749576686e+00,0.000000000000000000e+00
1.348492135213600562e+00,0.000000000000000000e+00
1.349587579677624660e+00,0.000000000000000000e+00
1.350683024141648758e+00,0.000000000000000000e+00
1.351778468605672634e+00,0.000000000000000000e+00
1.352873913069696732e+00,0.000000000000000000e+00
1.353969357533720830e+00,0.000000000000000000e+00
1.355064801997744706e+00,0.000000000000000000e+00
1.356160246461769026e+00,0.000000000000000000e+00
1.357255690925793123e+00,0.000000000000000000e+00
1.358351135389816999e+00,0.000000000000000000e+00
1.359446579853841097e+00,0.000000000000000000e+00
1.360542024317865195e+00,0.000000000000000000e+00
1.361637468781889071e+00,0.000000000000000000e+00
1.362732913245913169e+00,0.000000000000000000e+00
1.363828357709937267e+00,0.000000000000000000e+00
1.364923802173961365e+00,0.000000000000000000e+00
1.366019246637985463e+00,0.000000000000000000e+00
1.367114691102009338e+00,0.000000000000000000e+00
1.368210135566033436e+00,0.000000000000000000e+00
1.369305580030057534e+00,0.000000000000000000e+00
