# omega(Hartree), S(1/Hartree)
1.095444464024046072e-03,1.316390869902879679e+00
2.190888928048092144e-03,1.355419851306184587e+00
3.286333392072138000e-03,1.395118285930190272e+00
4.381777856096184288e-03,1.435477878730377688e+00
5.477222320120230144e-03,1.476489513676277454e+00
6.572666784144275999e-03,1.518143254760965233e+00
7.668111248168322722e-03,1.560428348729075987e+00
8.763555712192368577e-03,1.603333229526899606e+00
9.859000176216414432e-03,1.646845524470343491e+00
1.095444464024046029e-02,1.690952062121033661e+00
1.204988910426450614e-02,1.735638881853369675e+00
1.314533356828855200e-02,1.780891245090161945e+00
1.424077803231259785e-02,1.826693648177162732e+00
1.533622249633664544e-02,1.873029836861579867e+00
1.643166696036068783e-02,1.919882822333401240e+00
1.752711142438473715e-02,1.967234898783039920e+00
1.862255588840878301e-02,2.015067662423014827e+00
1.971800035243282886e-02,2.063362031916947892e+00
2.081344481645687472e-02,2.112098270154125323e+00
2.190888928048092057e-02,2.161256007303373750e+00
2.300433374450496643e-02,2.210814265076275653e+00
2.409977820852901229e-02,2.260751482126059919e+00
2.519522267255305814e-02,2.311045540505138440e+00
2.629066713657710400e-02,2.361673793101575214e+00
2.738611160060114985e-02,2.412613091972424684e+00
2.848155606462519571e-02,2.463839817489754669e+00
2.957700052864924503e-02,2.515329908213764121e+00
3.067244499267329089e-02,2.567058891406094112e+00
3.176788945669733327e-02,2.619001914095996586e+00
3.286333392072137566e-02,2.671133774611504474e+00
3.395877838474542498e-02,2.723428954487885356e+00
3.505422284876947431e-02,2.775861650666312741e+00
3.614966731279351669e-02,2.828405807896236634e+00
3.724511177681756602e-02,2.881035151256693627e+00
3.834055624084160840e-02,2.933723218712795067e+00
3.943600070486565773e-02,2.986443393625701770e+00
4.053144516888970011e-02,3.039168937137319393e+00
4.162688963291374944e-02,3.091873020351577406e+00
4.272233409693779183e-02,3.144528756239588496e+00
4.381777856096184115e-02,3.197109231196134438e+00
4.491322302498588354e-02,3.249587536179877834e+00
4.600866748900993286e-02,3.301936797373314025e+00
4.710411195303397525e-02,3.354130206299459793e+00
4.819955641705802457e-02,3.406141049339463933e+00
4.929500088108207390e-02,3.457942736596294253e+00
5.039044534510611628e-02,3.509508830054514750e+00
5.148588980913015867e-02,3.560813070990366480e+00
5.258133427315420799e-02,3.611829406589344593e+00
5.367677873717825038e-02,3.662532015733467983e+00
5.477222320120229970e-02,3.712895333923386332e+00
5.586766766522634903e-02,3.762894077305028340e+00
5.696311212925039141e-02,3.812503265774012551e+00
5.805855659327444074e-02,3.861698245135082974e+00
5.915400105729849006e-02,3.910454708297086412e+00
6.024944552132253245e-02,3.958748715488338288e+00
6.134488998534658177e-02,4.006556713479959342e+00
6.244033444937061722e-02,4.053855553808895174e+00
6.353577891339466654e-02,4.100622509994924059e+00
6.463122337741870893e-02,4.146835293749677298e+00
6.572666784144275132e-02,4.192472070178486554e+00
6.682211230546680758e-02,4.237511471978393729e+00
6.791755676949084997e-02,4.281932612639125502e+00
6.901300123351489235e-02,4.325715098655412483e+00
7.010844569753894862e-02,4.368839040762382275e+00
7.120389016156299100e-02,4.411285064207274509e+00
7.229933462558703339e-02,4.453034318072999653e+00
7.339477908961108965e-02,4.494068483671211922e+00
7.449022355363513204e-02,4.534369782023921935e+00
7.558566801765917442e-02,4.573920980454431628e+00
7.668111248168321681e-02,4.612705398310130711e+00
7.777655694570725919e-02,4.650706911840079449e+00
7.887200140973131546e-02,4.687909958252670428e+00
7.996744587375535784e-02,4.724299538978506519e+00
8.106289033777940023e-02,4.759861222165121752e+00
8.215833480180345649e-02,4.794581144430978270e+00
8.325377926582749888e-02,4.828446011906056157e+00
8.434922372985154126e-02,4.861443100587861998e+00
8.544466819387558365e-02,4.893560256040933254e+00
8.654011265789963991e-02,4.924785892469181192e+00
8.763555712192368230e-02,4.955108991189798751e+00
8.873100158594772469e-02,4.984519098537674608e+00
8.982644604997176707e-02,5.013006323229967975e+00
9.092189051399580946e-02,5.040561333218755991e+00
9.201733497801986572e-02,5.067175352061343396e+00
9.311277944204390811e-02,5.092840154836056676e+00
9.420822390606795049e-02,5.117548063631859989e+00
9.530366837009200676e-02,5.141291942639266033e+00
9.639911283411604914e-02,5.164065192869901288e+00
9.749455729814009153e-02,5.185861746531200467e+00
9.859000176216414779e-02,5.206676061082496254e+00
9.968544622618819018e-02,5.226503112998000411e+00
1.007808906902122326e-01,5.245338391261348931e+00
1.018763351542362888e-01,5.263177890616424826e+00
1.029717796182603173e-01,5.280018104597261619e+00
1.040672240822843597e-01,5.295856018360542095e+00
1.051626685463084160e-01,5.310689101342321194e+00
1.062581130103324584e-01,5.324515299760450127e+00
1.073535574743565008e-01,5.337333028983283434e+00
1.084490019383805570e-01,5.349141165784437213e+00
1.095444464024045994e-01,5.359939040502590402e+00
1.106398908664286418e-01,5.369726429124647815e+00
1.117353353304526981e-01,5.378503545309720302e+00
1.128307797944767404e-01,5.386271032370318679e+00
1.139262242585007828e-01,5.393029955227207850e+00
1.150216687225248391e-01,5.398781792352489006e+00
1.161171131865488815e-01,5.403528427715603932e+00
1.172125576505729239e-01,5.407272142745726207e+00
1.183080021145969801e-01,5.410015608323368141e+00
1.194034465786210225e-01,5.411761876813351968e+00
1.204988910426450649e-01,5.412514374150596552e+00
1.215943355066691212e-01,5.412276891988973659e+00
1.226897799706931635e-01,5.411053579923817303e+00
1.237852244347171921e-01,5.408848937796665979e+00
1.248806688987412344e-01,5.405667808091339843e+00
1.259761133627652907e-01,5.401515368428687403e+00
1.270715578267893331e-01,5.396397124168005988e+00
1.281670022908133755e-01,5.390318901120708439e+00
1.292624467548374179e-01,5.383286838383420481e+00
1.303578912188614602e-01,5.375307381293308318e+00
1.314533356828855026e-01,5.366387274520683093e+00
1.325487801469095728e-01,5.356533555274444858e+00
1.336442246109336152e-01,5.345753546671117462e+00
1.347396690749576575e-01,5.334054851223451799e+00
1.358351135389816999e-01,5.321445344479339035e+00
1.369305580030057423e-01,5.307933168803471879e+00
1.380260024670297847e-01,5.293526727304885604e+00
1.391214469310538548e-01,5.278234677910984551e+00
1.402168913950778972e-01,5.262065927588521319e+00
1.413123358591019396e-01,5.245029626712024218e+00
1.424077803231259820e-01,5.227135163578226162e+00
1.435032247871500244e-01,5.208392159066620231e+00
1.445986692511740668e-01,5.188810461443806865e+00
1.456941137151981369e-01,5.168400141310383944e+00
1.467895581792221793e-01,5.147171486687831532e+00
1.478850026432462217e-01,5.125134998242868001e+00
1.489804471072702641e-01,5.102301384646021454e+00
1.500758915712943065e-01,5.078681558060798018e+00
1.511713360353183488e-01,5.054286629760107452e+00
1.522667804993423912e-01,5.029127905864909209e+00
1.533622249633664336e-01,5.003216883200997778e+00
1.544576694273904760e-01,4.976565245268685267e+00
1.555531138914145184e-01,4.949184858319771507e+00
1.566485583554385608e-01,4.921087767536750590e+00
1.577440028194626309e-01,4.892286193307341158e+00
1.588394472834866733e-01,4.862792527588525537e+00
1.599348917475107157e-01,4.832619330353037590e+00
1.610303362115347581e-01,4.801779326111678792e+00
1.621257806755588005e-01,4.770285400503330386e+00
1.632212251395828428e-01,4.738150596945995829e+00
1.643166696036069130e-01,4.705388113340167600e+00
1.654121140676309554e-01,4.672011298816489244e+00
1.665075585316549978e-01,4.638033650519664874e+00
1.676030029956790401e-01,4.603468810419234281e+00
1.686984474597030825e-01,4.568330562138764428e+00
1.697938919237271249e-01,4.532632827794004449e+00
1.708893363877511673e-01,4.496389664830573452e+00
1.719847808517752374e-01,4.459615262852027584e+00
1.730802253157992798e-01,4.422323940427797417e+00
1.741756697798233222e-01,4.384530141871815445e+00
1.752711142438473646e-01,4.346248433981293680e+00
1.763665587078714070e-01,4.307493502725584733e+00
1.774620031718954494e-01,4.268280149875164575e+00
1.785574476359194918e-01,4.228623289559702236e+00
1.796528920999435341e-01,4.188537944745702291e+00
1.807483365639675765e-01,4.148039243622759109e+00
1.818437810279916189e-01,4.107142415887947706e+00
1.829392254920156613e-01,4.065862788918561677e+00
1.840346699560397314e-01,4.024215783822548964e+00
1.851301144200637738e-01,3.982216911356362132e+00
1.862255588840878162e-01,3.939881767700735171e+00
1.873210033481118586e-01,3.897226030084220305e+00
1.884164478121359010e-01,3.854265452244464374e+00
1.895118922761599434e-01,3.811015859719920407e+00
1.906073367401840135e-01,3.767493144958791174e+00
1.917027812042080559e-01,3.723713262242508648e+00
1.927982256682320983e-01,3.679692222409726821e+00
1.938936701322561407e-01,3.635446087376986046e+00
1.949891145962801831e-01,3.590990964446796774e+00
1.960845590603042254e-01,3.546343000397043088e+00
1.971800035243282956e-01,3.501518375345820999e+00
1.982754479883523380e-01,3.456533296385687404e+00
1.993708924523763804e-01,3.411403990982642132e+00
2.004663369164004227e-01,3.366146700136622094e+00
2.015617813804244651e-01,3.320777671298891232e+00
2.026572258444485075e-01,3.275313151045470494e+00
2.037526703084725777e-01,3.229769377503949102e+00
2.048481147724966200e-01,3.184162572533903557e+00
2.059435592365206347e-01,3.138508933661598554e+00
2.070390037005446771e-01,3.092824625769685198e+00
2.081344481645687194e-01,3.047125772545602906e+00
2.092298926285927896e-01,3.001428447691739443e+00
2.103253370926168320e-01,2.955748665902886430e+00
2.114207815566408744e-01,2.910102373616802574e+00
2.125162260206649167e-01,2.864505439545276033e+00
2.136116704846889591e-01,2.818973644995047767e+00
2.147071149487130015e-01,2.773522673987497189e+00
2.158025594127370717e-01,2.728168103189440252e+00
2.168980038767611140e-01,2.682925391666451720e+00
2.179934483407851564e-01,2.637809870474037588e+00
2.190888928048091988e-01,2.592836732100067376e+00
2.201843372688332134e-01,2.548021019776594898e+00
2.212797817328572836e-01,2.503377616677318063e+00
2.223752261968813260e-01,2.458921235020596452e+00
2.234706706609053961e-01,2.414666405098054192e+00
2.245661151249294107e-01,2.370627464249033700e+00
2.256615595889534809e-01,2.326818545805059646e+00
2.267570040529774955e-01,2.283253568025868763e+00
2.278524485170015657e-01,2.239946223052888818e+00
2.289478929810256080e-01,2.196909965904394024e+00
2.300433374450496782e-01,2.154158003539429878e+00
2.311387819090736928e-01,2.111703284016122506e+00
2.322342263730977630e-01,2.069558485773244971e+00
2.333296708371217776e-01,2.027736007061483381e+00
2.344251153011458477e-01,1.986247955554337530e+00
2.355205597651698901e-01,1.945106138165604293e+00
2.366160042291939603e-01,1.904322051103894742e+00
2.377114486932179749e-01,1.863906870191532228e+00
2.388068931572420450e-01,1.823871441477676880e+00
2.399023376212660597e-01,1.784226272173250027e+00
2.409977820852901298e-01,1.744981521936378233e+00
2.420932265493141722e-01,1.706146994535334027e+00
2.431886710133382423e-01,1.667732129916240202e+00
2.442841154773622570e-01,1.629745996701555066e+00
2.453795599413863271e-01,1.592197285143834184e+00
2.464750044054103417e-01,1.555094300559969778e+00
2.475704488694343841e-01,1.518444957267073292e+00
2.486658933334584543e-01,1.482256773043332698e+00
2.497613377974824689e-01,1.446536864131859668e+00
2.508567822615065390e-01,1.411291940807436474e+00
2.519522267255305814e-01,1.376528303522308816e+00
2.530476711895546238e-01,1.342251839645282718e+00
2.541431156535786662e-01,1.308468020808521315e+00
2.552385601176027086e-01,1.275181900871623863e+00
2.563340045816267510e-01,1.242398114513126650e+00
2.574294490456507933e-01,1.210120876455532235e+00
2.585248935096748357e-01,1.178353981329304467e+00
2.596203379736989336e-01,1.147100804177798583e+00
2.607157824377229205e-01,1.116364301604512610e+00
2.618112269017470184e-01,1.086147013559369379e+00
2.629066713657710053e-01,1.056451065761753627e+00
2.640021158297951032e-01,1.027278172753046004e+00
2.650975602938191455e-01,9.986296415706619189e-01
2.661930047578431879e-01,9.705063760332990341e-01
2.672884492218672303e-01,9.429088816249011629e-01
2.683838936858912727e-01,9.158372709627458086e-01
2.694793381499153151e-01,8.892912698337596122e-01
2.705747826139393575e-01,8.632702237800390366e-01
2.716702270779633999e-01,8.377731052151816682e-01
2.727656715419874978e-01,8.127985210482059353e-01
2.738611160060114846e-01,7.883447207930537326e-01
2.749565604700355270e-01,7.644096051396145342e-01
2.760520049340595694e-01,7.409907349597375514e-01
2.771474493980836118e-01,7.180853407217562268e-01
2.782428938621077097e-01,6.956903322863937644e-01
2.793383383261316966e-01,6.738023090545249838e-01
2.804337827901557945e-01,6.524175704382910723e-01
2.815292272541797813e-01,6.315321266250312204e-01
2.826246717182038792e-01,6.111417096040447916e-01
2.837201161822279216e-01,5.912417844259314492e-01
2.848155606462519640e-01,5.718275606628496766e-01
2.859110051102760064e-01,5.528940040395990962e-01
2.870064495743000488e-01,5.344358482051227988e-01
2.881018940383240912e-01,5.164476066134416898e-01
2.891973385023481335e-01,4.989235844837330847e-01
2.902927829663721759e-01,4.818578908113096415e-01
2.913882274303962738e-01,4.652444503990453284e-01
2.924836718944202607e-01,4.490770158820311386e-01
2.935791163584443586e-01,4.333491797171775683e-01
2.946745608224683455e-01,4.180543861122952287e-01
2.957700052864924434e-01,4.031859428676646817e-01
2.968654497505164858e-01,3.887370331063698670e-01
2.979608942145405281e-01,3.747007268699271143e-01
2.990563386785645705e-01,3.610699925566048796e-01
3.001517831425886129e-01,3.478377081812402682e-01
3.012472276066126553e-01,3.349966724367535176e-01
3.023426720706366977e-01,3.225396155390681252e-01
3.034381165346607401e-01,3.104592098377967901e-01
3.045335609986847825e-01,2.987480801765332594e-01
3.056290054627088248e-01,2.873988139884643966e-01
3.067244499267328672e-01,2.764039711141152988e-01
3.078198943907569096e-01,2.657560933285866289e-01
3.089153388547809520e-01,2.554477135677670763e-01
3.100107833188050499e-01,2.454713648459824760e-01
3.111062277828290368e-01,2.358195888522233719e-01
3.122016722468531347e-01,2.264849442240565169e-01
3.132971167108771215e-01,2.174600144896421949e-01
3.143925611749012194e-01,2.087374156742896614e-01
3.154880056389252618e-01,2.003098035690450696e-01
3.165834501029493042e-01,1.921698806577091523e-01
3.176788945669733466e-01,1.843104027029985048e-01
3.187743390309973890e-01,1.767241849898368300e-01
3.198697834950214314e-01,1.694041082278556765e-01
3.209652279590454738e-01,1.623431241144727699e-01
3.220606724230695161e-01,1.555342605612616835e-01
3.231561168870936140e-01,1.489706265864532420e-01
3.242515613511176009e-01,1.426454168789723365e-01
3.253470058151416988e-01,1.365519160372916097e-01
3.264424502791656857e-01,1.306835024902971987e-01
3.275378947431897836e-01,1.250336521047781813e-01
3.286333392072138260e-01,1.195959414873010995e-01
3.297287836712378128e-01,1.143640509867339394e-01
3.308242281352619107e-01,1.093317674059395561e-01
3.319196725992858976e-01,1.044929864297800409e-01
3.330151170633099955e-01,9.984171477795063254e-02
3.341105615273339824e-01,9.537207209178516498e-02
3.352060059913580803e-01,9.107829256318568378e-02
3.363014504553821227e-01,8.695472631481704351e-02
3.373968949194061651e-01,8.299584054139688694e-02
3.384923393834302074e-01,7.919622042115340155e-02
3.395877838474542498e-01,7.555056980595777072e-02
3.406832283114782922e-01,7.205371170131891212e-02
3.417786727755023346e-01,6.870058854451860375e-02
3.428741172395263770e-01,6.548626229103503282e-02
3.439695617035504749e-01,6.240591431803369643e-02
3.450650061675744618e-01,5.945484515507242634e-02
3.461604506315985597e-01,5.662847405131059969e-02
3.472558950956225465e-01,5.392233838776182286e-02
3.483513395596466444e-01,5.133209294398195788e-02
3.494467840236706868e-01,4.885350902911275717e-02
3.505422284876947292e-01,4.648247348386343181e-02
3.516376729517187716e-01,4.421498756455626705e-02
3.527331174157428140e-01,4.204716571506714878e-02
3.538285618797668564e-01,3.997523423748170629e-02
3.549240063437908987e-01,3.799552986688953249e-02
3.560194508078149411e-01,3.610449825941022817e-02
3.571148952718389835e-01,3.429869240140562964e-02
3.582103397358630259e-01,3.257477094519139332e-02
3.593057841998870683e-01,3.092949648039754543e-02
3.604012286639111107e-01,2.935973374595384280e-02
3.614966731279351531e-01,2.786244779052998721e-02
3.625921175919592510e-01,2.643470208669312926e-02
3.636875620559832378e-01,2.507365660474280070e-02
3.647830065200073357e-01,2.377656585312538928e-02
3.658784509840313226e-01,2.254077688888065506e-02
3.669738954480554205e-01,2.136372730532767189e-02
3.680693399120794629e-01,2.024294320007249612e-02
3.691647843761035053e-01,1.917603712969592408e-02
3.702602288401275477e-01,1.816070605423268647e-02
3.713556733041515900e-01,1.719472927618029279e-02
3.724511177681756324e-01,1.627596637800238916e-02
3.735465622321996748e-01,1.540235516200246131e-02
3.746420066962237172e-01,1.457190959519657700e-02
3.757374511602478151e-01,1.378271776365710098e-02
3.768328956242718020e-01,1.303293983839457978e-02
3.779283400882958999e-01,1.232080605621973558e-02
3.790237845523198867e-01,1.164461471753885750e-02
3.801192290163439846e-01,1.100273020460288721e-02
3.812146734803680270e-01,1.039358102129960860e-02
3.823101179443920694e-01,9.815657857131515271e-03
3.834055624084161118e-01,9.267511677150900434e-03
3.845010068724400987e-01,8.747751839878198030e-03
3.855964513364641966e-01,8.255044244127335978e-03
3.866918958004882390e-01,7.788109506527867050e-03
3.877873402645122813e-01,7.345721171052040088e-03
3.888827847285363237e-01,6.926703951289804075e-03
3.899782291925603661e-01,6.529932006978833754e-03
3.910736736565844085e-01,6.154327255237048745e-03
3.921691181206084509e-01,5.798857716729321002e-03
3.932645625846324933e-01,5.462535899045171776e-03
3.943600070486565912e-01,5.144417215509149675e-03
3.954554515126805780e-01,4.843598441792346804e-03
3.965508959767046759e-01,4.559216209104245687e-03
3.976463404407286628e-01,4.290445535504611510e-03
3.987417849047527607e-01,4.036498394405642169e-03
3.998372293687768031e-01,3.796622320304877170e-03
4.009326738328008455e-01,3.570099052968545104e-03
4.020281182968248879e-01,3.356243217986158277e-03
4.031235627608489303e-01,3.154401045704096577e-03
4.042190072248729726e-01,2.963949125687806527e-03
4.053144516888970150e-01,2.784293199283453639e-03
4.064098961529210574e-01,2.614866987905063722e-03
4.075053406169451553e-01,2.455131056713137812e-03
4.086007850809691422e-01,2.304571714924569248e-03
4.096962295449932401e-01,2.162699950413334536e-03
4.107916740090172270e-01,2.029050398641136718e-03
4.118871184730412693e-01,1.903180345796250334e-03
4.129825629370653672e-01,1.784668765779365372e-03
4.140780074010893541e-01,1.673115389000113997e-03
4.151734518651134520e-01,1.568139803744411816e-03
4.162688963291374389e-01,1.469380589291471471e-03
4.173643407931615368e-01,1.376494479497378243e-03
4.184597852571855792e-01,1.289155556308293647e-03
4.195552297212096216e-01,1.207054473489511210e-03
4.206506741852336639e-01,1.129897708274939065e-03
4.217461186492577063e-01,1.057406841754829786e-03
4.228415631132817487e-01,9.893178656987567949e-04
4.239370075773057911e-01,9.253805172991004264e-04
4.250324520413298335e-01,8.653576384769312395e-04
4.261278965053539314e-01,8.090245613052492266e-04
4.272233409693779183e-01,7.561685174635821710e-04
4.283187854334020161e-01,7.065880715647496419e-04
4.294142298974260030e-01,6.600925777835821903e-04
4.305096743614501009e-01,6.165016582482430070e-04
4.316051188254741433e-01,5.756447036313859511e-04
4.327005632894981857e-01,5.373603945994763226e-04
4.337960077535222281e-01,5.014962434475101274e-04
4.348914522175462705e-01,4.679081553179789709e-04
4.359868966815703129e-01,4.364600087549816085e-04
4.370823411455943552e-01,4.070232540724170859e-04
4.381777856096183976e-01,3.794765295490851479e-04
4.392732300736424400e-01,3.537052951525726323e-04
4.403686745376664269e-01,3.296014819919160558e-04
4.414641190016905803e-01,3.070631583678977861e-04
4.425595634657145672e-01,2.859942101918668141e-04
4.436550079297386096e-01,2.663040370886066849e-04
4.447504523937626519e-01,2.479072616853038075e-04
4.458458968577867498e-01,2.307234536350257360e-04
4.469413413218107922e-01,2.146768651582406102e-04
4.480367857858347791e-01,1.996961807577344575e-04
4.491322302498588215e-01,1.857142778289517843e-04
4.502276747138829194e-01,1.726679993520070094e-04
4.513231191779069618e-01,1.604979371935285172e-04
4.524185636419310041e-01,1.491482270281716145e-04
4.535140081059549910e-01,1.385663521392318240e-04
4.546094525699791444e-01,1.287029579426226210e-04
4.557048970340031313e-01,1.195116750148454666e-04
4.568003414980271737e-01,1.109489524410864710e-04
4.578957859620512161e-01,1.029738978573140962e-04
4.589912304260753140e-01,9.554812680880886975e-05
4.600866748900993564e-01,8.863562002248792204e-05
4.611821193541233432e-01,8.220258730583574250e-05
4.622775638181473856e-01,7.621733903481816977e-05
4.633730082821714835e-01,7.065016451669790896e-05
4.644684527461955259e-01,6.547321670824070923e-05
4.655638972102195683e-01,6.066040282025590978e-05
4.666593416742435552e-01,5.618728092384371961e-05
4.677547861382675976e-01,5.203096256640998293e-05
4.688502306022916954e-01,4.817002037544933522e-05
4.699456750663157378e-01,4.458440007785413167e-05
4.710411195303397802e-01,4.125533867217600080e-05
4.721365639943637671e-01,3.816528614575216477e-05
4.732320084583879205e-01,3.529783187991413358e-05
4.743274529224119074e-01,3.263763500024664560e-05
4.754228973864359498e-01,3.017035932416732824e-05
4.765183418504599921e-01,2.788261060865745598e-05
4.776137863144840900e-01,2.576187929710217712e-05
4.787092307785081324e-01,2.379648476319424396e-05
4.798046752425321193e-01,2.197552385517857122e-05
4.809001197065561617e-01,2.028882195966228000e-05
4.819955641705802596e-01,1.872688725771367359e-05
4.830910086346043020e-01,1.728086715781744967e-05
4.841864530986283444e-01,1.594250797189235053e-05
4.852818975626523312e-01,1.470411654665442448e-05
4.863773420266764846e-01,1.355852371556093362e-05
4.874727864907004715e-01,1.249905172787059848e-05
4.885682309547245139e-01,1.151948088362286716e-05
4.896636754187485563e-01,1.061402112258587544e-05
4.907591198827726542e-01,9.777282621591727824e-06
4.918545643467966966e-01,9.004251125332267278e-06
4.929500088108206834e-01,8.290261356377163506e-06
4.940454532748447258e-01,7.630975256133535909e-06
4.951408977388687682e-01,7.022359775648285323e-06
4.962363422028928661e-01,6.460666324927337660e-06
4.973317866669169085e-01,5.942411890091709731e-06
4.984272311309408954e-01,5.464361166353606282e-06
4.995226755949649378e-01,5.023509910458352404e-06
5.006181200589890912e-01,4.617068918268519956e-06
5.017135645230130780e-01,4.242449215164797611e-06
5.028090089870370649e-01,3.897249057166977413e-06
5.039044534510611628e-01,3.579240769755299224e-06
5.049998979150852607e-01,3.286357979522546618e-06
5.060953423791092476e-01,3.016685655475194388e-06
5.071907868431332345e-01,2.768448853913886835e-06
5.082862313071573324e-01,2.540002474470214361e-06
5.093816757711814303e-01,2.329823490340278964e-06
5.104771202352054171e-01,2.136501139407963046e-06
5.115725646992295150e-01,1.958729563938191235e-06
5.126680091632535019e-01,1.795300241277929208e-06
5.137634536272775998e-01,1.645094815340529551e-06
5.148588980913015867e-01,1.507078878612971035e-06
5.159543425553256846e-01,1.380296177831199090e-06
5.170497870193496714e-01,1.263862612414950206e-06
5.181452314833737693e-01,1.156960830074813019e-06
5.192406759473978672e-01,1.058836071575795645e-06
5.203361204114218541e-01,9.687908557758111475e-07
5.214315648754458410e-01,8.861813999483314745e-07
5.225270093394699389e-01,8.104129805836780946e-07
5.236224538034940368e-01,7.409373113459658453e-07
5.247178982675180237e-01,6.772481265037710829e-07
5.258133427315420105e-01,6.188784818430338822e-07
5.269087871955661084e-01,5.653979664404025525e-07
5.280042316595902063e-01,5.164096795680944133e-07
5.290996761236141932e-01,4.715477692094986878e-07
5.301951205876382911e-01,4.304753955000277407e-07
5.312905650516622780e-01,3.928820556310728958e-07
5.323860095156863759e-01,3.584820650610669373e-07
5.334814539797103627e-01,3.270120630397716715e-07
5.345768984437344606e-01,2.982301720781800090e-07
5.356723429077584475e-01,2.719133039272790173e-07
5.367677873717825454e-01,2.478566654790641230e-07
5.378632318358066433e-01,2.258719010447459555e-07
5.389586762998306302e-01,2.057856531230044032e-07
5.400541207638546171e-01,1.874386470301460929e-07
5.411495652278787150e-01,1.706847124466143311e-07
5.422450096919028129e-01,1.553892693040211805e-07
5.433404541559267997e-01,1.414291618495403406e-07
5.444358986199507866e-01,1.286909678458506052e-07
5.455313430839749955e-01,1.170708596383687312e-07
5.466267875479989824e-01,1.064731851397066226e-07
5.477222320120229693e-01,9.681078642696811676e-08
5.488176764760470672e-01,8.800310864599111185e-08
5.499131209400710540e-01,7.997672835916803714e-08
5.510085654040951519e-01,7.266412035709021090e-08
5.521040098681191388e-01,6.600379972389222258e-08
5.531994543321432367e-01,5.993886804845012827e-08
5.542948987961672236e-01,5.441744598603667516e-08
5.553903432601913215e-01,4.939249966386670471e-08
5.564857877242154194e-01,4.482021090845722335e-08
5.575812321882394063e-01,4.066100995621678670e-08
5.586766766522633931e-01,3.687852085573194393e-08
5.597721211162874910e-01,3.343959671359226738e-08
5.608675655803115889e-01,3.031376377702762289e-08
5.619630100443355758e-01,2.747319929565046554e-08
5.630584545083595627e-01,2.489263135248256497e-08
5.641538989723837716e-01,2.254884932652569260e-08
5.652493434364077585e-01,2.042057092254393596e-08
5.663447879004317453e-01,1.848848906418371004e-08
5.674402323644558432e-01,1.673513702971469794e-08
5.685356768284799411e-01,1.514420449769036001e-08
5.696311212925039280e-01,1.370112474607503854e-08
5.707265657565279149e-01,1.239238666412513406e-08
5.718220102205520128e-01,1.120588700291740971e-08
5.729174546845761107e-01,1.013036737760572277e-08
5.740128991486000976e-01,9.155897117985407598e-09
5.751083436126241955e-01,8.273016983576490560e-09
5.762037880766481823e-01,7.473484187537641283e-09
5.772992325406721692e-01,6.749570274209818322e-09
5.783946770046962671e-01,6.094119771222225997e-09
5.794901214687203650e-01,5.500954854611982323e-09
5.805855659327443519e-01,4.964273026400251748e-09
5.816810103967683387e-01,4.479024596626752835e-09
5.827764548607925477e-01,4.040011775330570466e-09
5.838718993248165345e-01,3.643253094668858137e-09
5.849673437888405214e-01,3.284385935799529882e-09
5.860627882528646193e-01,2.960356357237885342e-09
5.871582327168887172e-01,2.667520081483802220e-09
5.882536771809127041e-01,2.403174842518969421e-09
5.893491216449366910e-01,2.164299241738956973e-09
5.904445661089607889e-01,1.948849740680722522e-09
5.915400105729848867e-01,1.754250811246756507e-09
5.926354550370088736e-01,1.578830685867207332e-09
5.937308995010329715e-01,1.420468427404211278e-09
5.948263439650569584e-01,1.277817581305684551e-09
5.959217884290810563e-01,1.149110878989979764e-09
5.970172328931050432e-01,1.033142267274104658e-09
5.981126773571291411e-01,9.285314963247709434e-10
5.992081218211531279e-01,8.344647298412816277e-10
6.003035662851772258e-01,7.497360817012993300e-10
6.013990107492013237e-01,6.733509968815496301e-10
6.024944552132253106e-01,6.045282896285317083e-10
6.035898996772492975e-01,5.428129425975759180e-10
6.046853441412733954e-01,4.871082201577642471e-10
6.057807886052974933e-01,4.371427963857592852e-10
6.068762330693214802e-01,3.920305544240474579e-10
6.079716775333454670e-01,3.516317912798011946e-10
6.090671219973695649e-01,3.153025712449416765e-10
6.101625664613936628e-01,2.826740268683352801e-10
6.112580109254176497e-01,2.532342038693339858e-10
6.123534553894417476e-01,2.269168397090699947e-10
6.134488998534657345e-01,2.031765335669849006e-10
6.145443443174898324e-01,1.819996009732652519e-10
6.156397887815138192e-01,1.628918957575940510e-10
6.167352332455379171e-01,1.458084264944026672e-10
6.178306777095619040e-01,1.305053280827907123e-10
6.189261221735860019e-01,1.167369020433735618e-10
6.200215666376100998e-01,1.043978868914266100e-10
6.211170111016340867e-01,9.335370118378315987e-11
6.222124555656580736e-01,8.346874493003194852e-11
6.233079000296821714e-01,7.460639967741503605e-11
6.244033444937062693e-01,6.665768624117390485e-11
6.254987889577302562e-01,5.954151927104188353e-11
6.265942334217542431e-01,5.314744291587489411e-11
6.276896778857784520e-01,4.745061773474711699e-11
6.287851223498024389e-01,4.231055557098153283e-11
6.298805668138264258e-01,3.781704714195623871e-11
6.309760112778505237e-01,3.377086360010872034e-11
6.320714557418745105e-01,3.008740659829589665e-11
6.331669002058986084e-01,2.682679090012408512e-11
6.342623446699225953e-01,2.390395990938655580e-11
6.353577891339466932e-01,2.132074593457115548e-11
6.364532335979706801e-01,1.899132888858227272e-11
6.375486780619947780e-01,1.691708293966219653e-11
6.386441225260188759e-01,1.498210542097192693e-11
6.397395669900428627e-01,1.348086047257730092e-11
6.408350114540668496e-01,1.185663990368718080e-11
6.419304559180909475e-01,1.063932615380101635e-11
6.430259003821150454e-01,9.358693089259687152e-12
6.441213448461390323e-01,8.398891976334141252e-12
6.452167893101630192e-01,7.406108525254829982e-12
6.463122337741872281e-01,6.676943299867085958e-12
6.474076782382112150e-01,5.974960505297043816e-12
6.485031227022352018e-01,5.240758767169000035e-12
6.495985671662591887e-01,4.593497202013467234e-12
6.506940116302833976e-01,4.123269991630648014e-12
6.517894560943073845e-01,3.591555707660533827e-12
6.528849005583313714e-01,3.237893183921771637e-12
6.539803450223554693e-01,2.943072564969260714e-12
6.550757894863795672e-01,2.436659146570585268e-12
6.561712339504035540e-01,2.199714066144847824e-12
6.572666784144276519e-01,1.992139106225902024e-12
6.583621228784516388e-01,1.814086863152437299e-12
6.594575673424756257e-01,1.544567385487446202e-12
6.605530118064997236e-01,1.456151411102107596e-12
6.616484562705238215e-01,1.185106229814212802e-12
6.627439007345478084e-01,1.156651201071113883e-12
6.638393451985717952e-01,1.158583465545782288e-12
6.649347896625960042e-01,7.940370471644237805e-13
6.660302341266199910e-01,7.953590605231342814e-13
6.671256785906439779e-01,5.515484144004165592e-13
6.682211230546679648e-01,6.445408804690479006e-13
6.693165675186921737e-01,5.841220541863896670e-13
6.704120119827161606e-01,5.542939435762448241e-13
6.715074564467401474e-01,4.935191805922398844e-13
6.726029009107642453e-01,4.943326151840603989e-13
6.736983453747883432e-01,2.166263887891509292e-13
6.747937898388123301e-01,3.099746435702636552e-13
6.758892343028363170e-01,2.483864049421308801e-13
6.769846787668604149e-01,1.554956787967604719e-13
6.780801232308845128e-01,2.180497885228012981e-13
6.791755676949084997e-01,1.560040135687416212e-13
6.802710121589325976e-01,9.375490362222510719e-14
6.813664566229565844e-01,2.504197222155856075e-13
6.824619010869806823e-01,2.508263594344145004e-13
6.835573455510046692e-01,1.256164940186993977e-13
6.846527900150287671e-01,2.201846570691510575e-13
6.857482344790527540e-01,1.260231098066582299e-13
6.868436789430767409e-01,1.262264113468957185e-13
6.879391234071009498e-01,1.264297086867581960e-13
6.890345678711249366e-01,1.266330018525436345e-13
6.901300123351489235e-01,1.585453635879000148e-13
6.912254567991730214e-01,0.000000000000000000e+00
6.923209012631971193e-01,0.000000000000000000e+00
6.934163457272211062e-01,0.000000000000000000e+00
6.945117901912450931e-01,0.000000000000000000e+00
6.956072346552691910e-01,0.000000000000000000e+00
6.967026791192932889e-01,0.000000000000000000e+00
6.977981235833172757e-01,0.000000000000000000e+00
6.988935680473413736e-01,0.000000000000000000e+00
6.999890125113653605e-01,0.000000000000000000e+00
7.010844569753894584e-01,0.000000000000000000e+00
7.021799014394134453e-01,0.000000000000000000e+00
7.032753459034375432e-01,0.000000000000000000e+00
7.043707903674615300e-01,0.000000000000000000e+00
7.054662348314856279e-01,0.000000000000000000e+00
7.065616792955097258e-01,0.000000000000000000e+00
7.076571237595337127e-01,0.000000000000000000e+00
7.087525682235576996e-01,0.000000000000000000e+00
7.098480126875817975e-01,0.000000000000000000e+00
7.109434571516058954e-01,0.000000000000000000e+00
7.120389016156298823e-01,0.000000000000000000e+00
7.131343460796538691e-01,0.000000000000000000e+00
7.142297905436779670e-01,0.000000000000000000e+00
7.153252350077020649e-01,0.000000000000000000e+00
7.164206794717260518e-01,0.000000000000000000e+00
7.175161239357501497e-01,0.000000000000000000e+00
7.186115683997741366e-01,0.000000000000000000e+00
7.197070128637982345e-01,0.000000000000000000e+00
7.208024573278222213e-01,0.000000000000000000e+00
7.218979017918463192e-01,0.000000000000000000e+00
7.229933462558703061e-01,0.000000000000000000e+00
7.240887907198944040e-01,0.000000000000000000e+00
7.251842351839185019e-01,0.000000000000000000e+00
7.262796796479424888e-01,0.000000000000000000e+00
7.273751241119664757e-01,0.000000000000000000e+00
7.284705685759905736e-01,0.000000000000000000e+00
7.295660130400146715e-01,0.000000000000000000e+00
7.306614575040386583e-01,0.000000000000000000e+00
7.317569019680626452e-01,0.000000000000000000e+00
7.328523464320868541e-01,0.000000000000000000e+00
7.339477908961108410e-01,0.000000000000000000e+00
7.350432353601348279e-01,0.000000000000000000e+00
7.361386798241589258e-01,0.000000000000000000e+00
7.372341242881830237e-01,0.000000000000000000e+00
7.383295687522070105e-01,0.000000000000000000e+00
7.394250132162309974e-01,0.000000000000000000e+00
7.405204576802550953e-01,0.000000000000000000e+00
7.416159021442790822e-01,0.000000000000000000e+00
7.427113466083031801e-01,0.000000000000000000e+00
7.438067910723272780e-01,0.000000000000000000e+00
7.449022355363512649e-01,0.000000000000000000e+00
7.459976800003752517e-01,0.000000000000000000e+00
7.470931244643993496e-01,0.000000000000000000e+00
7.481885689284234475e-01,0.000000000000000000e+00
7.492840133924474344e-01,0.000000000000000000e+00
7.503794578564714213e-01,0.000000000000000000e+00
7.514749023204956302e-01,0.000000000000000000e+00
7.525703467845196171e-01,0.000000000000000000e+00
7.536657912485436039e-01,0.000000000000000000e+00
7.547612357125677018e-01,0.000000000000000000e+00
7.558566801765917997e-01,0.000000000000000000e+00
7.569521246406157866e-01,0.000000000000000000e+00
7.580475691046397735e-01,0.000000000000000000e+00
7.591430135686638714e-01,0.000000000000000000e+00
7.602384580326879693e-01,0.000000000000000000e+00
7.613339024967119562e-01,0.000000000000000000e+00
7.624293469607360541e-01,0.000000000000000000e+00
7.635247914247600409e-01,0.000000000000000000e+00
7.646202358887841388e-01,0.000000000000000000e+00
7.657156803528081257e-01,0.000000000000000000e+00
7.668111248168322236e-01,0.000000000000000000e+00
7.679065692808562105e-01,0.000000000000000000e+00
7.690020137448801973e-01,0.000000000000000000e+00
7.700974582089044063e-01,0.000000000000000000e+00
7.711929026729283931e-01,0.000000000000000000e+00
7.722883471369523800e-01,0.000000000000000000e+00
7.733837916009764779e-01,0.000000000000000000e+00
7.744792360650005758e-01,0.000000000000000000e+00
7.755746805290245627e-01,0.000000000000000000e+00
7.766701249930485496e-01,0.000000000000000000e+00
7.777655694570726475e-01,0.000000000000000000e+00
7.788610139210967453e-01,0.000000000000000000e+00
7.799564583851207322e-01,0.000000000000000000e+00
7.810519028491448301e-01,0.000000000000000000e+00
7.821473473131688170e-01,0.000000000000000000e+00
7.832427917771929149e-01,0.000000000000000000e+00
7.843382362412169018e-01,0.000000000000000000e+00
7.854336807052409997e-01,0.000000000000000000e+00
7.865291251692649865e-01,0.000000000000000000e+00
7.876245696332890844e-01,0.000000000000000000e+00
7.887200140973131823e-01,0.000000000000000000e+00
7.898154585613371692e-01,0.000000000000000000e+00
7.909109030253611561e-01,0.000000000000000000e+00
7.920063474893852540e-01,0.000000000000000000e+00
7.931017919534093519e-01,0.000000000000000000e+00
7.941972364174333388e-01,0.000000000000000000e+00
7.952926808814573256e-01,0.000000000000000000e+00
7.963881253454814235e-01,0.000000000000000000e+00
7.974835698095055214e-01,0.000000000000000000e+00
7.985790142735295083e-01,0.000000000000000000e+00
7.996744587375536062e-01,0.000000000000000000e+00
8.007699032015775931e-01,0.000000000000000000e+00
8.018653476656016910e-01,0.000000000000000000e+00
8.029607921296256778e-01,0.000000000000000000e+00
8.040562365936497757e-01,0.000000000000000000e+00
8.051516810576737626e-01,0.000000000000000000e+00
8.062471255216978605e-01,0.000000000000000000e+00
8.073425699857219584e-01,0.000000000000000000e+00
8.084380144497459453e-01,0.000000000000000000e+00
8.095334589137699322e-01,0.000000000000000000e+00
8.106289033777940300e-01,0.000000000000000000e+00
8.117243478418181279e-01,0.000000000000000000e+00
8.128197923058421148e-01,0.000000000000000000e+00
8.139152367698661017e-01,0.000000000000000000e+00
8.150106812338903106e-01,0.000000000000000000e+00
8.161061256979142975e-01,0.000000000000000000e+00
8.172015701619382844e-01,0.000000000000000000e+00
8.182970146259623823e-01,0.000000000000000000e+00
8.193924590899864802e-01,0.000000000000000000e+00
8.204879035540104670e-01,0.000000000000000000e+00
8.215833480180344539e-01,0.000000000000000000e+00
8.226787924820585518e-01,0.000000000000000000e+00
8.237742369460825387e-01,0.000000000000000000e+00
8.248696814101066366e-01,0.000000000000000000e+00
8.259651258741307345e-01,0.000000000000000000e+00
8.270605703381547213e-01,0.000000000000000000e+00
8.281560148021787082e-01,0.000000000000000000e+00
8.292514592662028061e-01,0.000000000000000000e+00
8.303469037302269040e-01,0.000000000000000000e+00
8.314423481942508909e-01,0.000000000000000000e+00
8.325377926582748778e-01,0.000000000000000000e+00
8.336332371222990867e-01,0.000000000000000000e+00
8.347286815863230736e-01,0.000000000000000000e+00
8.358241260503470604e-01,0.000000000000000000e+00
8.369195705143711583e-01,0.000000000000000000e+00
8.380150149783952562e-01,0.000000000000000000e+00
8.391104594424192431e-01,0.000000000000000000e+00
8.402059039064432300e-01,0.000000000000000000e+00
8.413013483704673279e-01,0.000000000000000000e+00
8.423967928344914258e-01,0.000000000000000000e+00
8.434922372985154126e-01,0.000000000000000000e+00
8.445876817625395105e-01,0.000000000000000000e+00
8.456831262265634974e-01,0.000000000000000000e+00
8.467785706905875953e-01,0.000000000000000000e+00
8.478740151546115822e-01,0.000000000000000000e+00
8.489694596186356801e-01,0.000000000000000000e+00
8.500649040826596670e-01,0.000000000000000000e+00
8.511603485466836538e-01,0.000000000000000000e+00
8.522557930107078628e-01,0.000000000000000000e+00
8.533512374747318496e-01,0.000000000000000000e+00
8.544466819387558365e-01,0.000000000000000000e+00
8.555421264027798234e-01,0.000000000000000000e+00
8.566375708668040323e-01,0.000000000000000000e+00
8.577330153308280192e-01,0.000000000000000000e+00
8.588284597948520060e-01,0.000000000000000000e+00
8.599239042588761039e-01,0.000000000000000000e+00
8.610193487229002018e-01,0.000000000000000000e+00
8.621147931869241887e-01,0.000000000000000000e+00
8.632102376509482866e-01,0.000000000000000000e+00
8.643056821149722735e-01,0.000000000000000000e+00
8.654011265789963714e-01,0.000000000000000000e+00
8.664965710430203583e-01,0.000000000000000000e+00
8.675920155070444562e-01,0.000000000000000000e+00
8.686874599710684430e-01,0.000000000000000000e+00
8.697829044350925409e-01,0.000000000000000000e+00
8.708783488991166388e-01,0.000000000000000000e+00
8.719737933631406257e-01,0.000000000000000000e+00
8.730692378271646126e-01,0.000000000000000000e+00
8.741646822911887105e-01,0.000000000000000000e+00
8.752601267552128084e-01,0.000000000000000000e+00
8.763555712192367952e-01,0.000000000000000000e+00
8.774510156832607821e-01,0.000000000000000000e+00
8.785464601472848800e-01,0.000000000000000000e+00
8.796419046113088669e-01,0.000000000000000000e+00
8.807373490753328538e-01,0.000000000000000000e+00
8.818327935393570627e-01,0.000000000000000000e+00
8.829282380033811606e-01,0.000000000000000000e+00
8.840236824674051475e-01,0.000000000000000000e+00
8.851191269314291343e-01,0.000000000000000000e+00
8.862145713954532322e-01,0.000000000000000000e+00
8.873100158594772191e-01,0.000000000000000000e+00
8.884054603235012060e-01,0.000000000000000000e+00
8.895009047875253039e-01,0.000000000000000000e+00
8.905963492515495128e-01,0.000000000000000000e+00
8.916917937155734997e-01,0.000000000000000000e+00
8.927872381795974865e-01,0.000000000000000000e+00
8.938826826436215844e-01,0.000000000000000000e+00
8.949781271076455713e-01,0.000000000000000000e+00
8.960735715716695582e-01,0.000000000000000000e+00
8.971690160356936561e-01,0.000000000000000000e+00
8.982644604997176430e-01,0.000000000000000000e+00
8.993599049637418519e-01,0.000000000000000000e+00
9.004553494277658388e-01,0.000000000000000000e+00
9.015507938917899367e-01,0.000000000000000000e+00
9.026462383558139235e-01,0.000000000000000000e+00
9.037416828198379104e-01,0.000000000000000000e+00
9.048371272838620083e-01,0.000000000000000000e+00
9.059325717478859952e-01,0.000000000000000000e+00
9.070280162119099820e-01,0.000000000000000000e+00
9.081234606759340799e-01,0.000000000000000000e+00
9.092189051399582889e-01,0.000000000000000000e+00
9.103143496039822757e-01,0.000000000000000000e+00
9.114097940680062626e-01,0.000000000000000000e+00
9.125052385320303605e-01,0.000000000000000000e+00
9.136006829960543474e-01,0.000000000000000000e+00
9.146961274600783343e-01,0.000000000000000000e+00
9.157915719241024322e-01,0.000000000000000000e+00
9.168870163881264190e-01,0.000000000000000000e+00
9.179824608521506280e-01,0.000000000000000000e+00
9.190779053161746148e-01,0.000000000000000000e+00
9.201733497801987127e-01,0.000000000000000000e+00
9.212687942442226996e-01,0.000000000000000000e+00
9.223642387082466865e-01,0.000000000000000000e+00
9.234596831722707844e-01,0.000000000000000000e+00
9.245551276362947712e-01,0.000000000000000000e+00
9.256505721003187581e-01,0.000000000000000000e+00
9.267460165643429670e-01,0.000000000000000000e+00
9.278414610283670649e-01,0.000000000000000000e+00
9.289369054923910518e-01,0.000000000000000000e+00
9.300323499564150387e-01,0.000000000000000000e+00
9.311277944204391366e-01,0.000000000000000000e+00
9.322232388844631235e-01,0.000000000000000000e+00
9.333186833484871103e-01,0.000000000000000000e+00
9.344141278125112082e-01,0.000000000000000000e+00
9.355095722765351951e-01,0.000000000000000000e+00
9.366050167405594040e-01,0.000000000000000000e+00
9.377004612045833909e-01,0.000000000000000000e+00
9.387959056686074888e-01,0.000000000000000000e+00
9.398913501326314757e-01,0.000000000000000000e+00
9.409867945966554625e-01,0.000000000000000000e+00
9.420822390606795604e-01,0.000000000000000000e+00
9.431776835247035473e-01,0.000000000000000000e+00
9.442731279887275342e-01,0.000000000000000000e+00
9.453685724527517431e-01,0.000000000000000000e+00
9.464640169167758410e-01,0.000000000000000000e+00
9.475594613807998279e-01,0.000000000000000000e+00
9.486549058448238148e-01,0.000000000000000000e+00
9.497503503088479127e-01,0.000000000000000000e+00
9.508457947728718995e-01,0.000000000000000000e+00
9.519412392368958864e-01,0.000000000000000000e+00
9.530366837009199843e-01,0.000000000000000000e+00
9.541321281649441932e-01,0.000000000000000000e+00
9.552275726289681801e-01,0.000000000000000000e+00
9.563230170929921670e-01,0.000000000000000000e+00
9.574184615570162649e-01,0.000000000000000000e+00
9.585139060210402517e-01,0.000000000000000000e+00
9.596093504850642386e-01,0.000000000000000000e+00
9.607047949490883365e-01,0.000000000000000000e+00
9.618002394131123234e-01,0.000000000000000000e+00
9.628956838771363103e-01,0.000000000000000000e+00
9.639911283411605192e-01,0.000000000000000000e+00
9.650865728051846171e-01,0.000000000000000000e+00
9.661820172692086039e-01,0.000000000000000000e+00
9.672774617332325908e-01,0.000000000000000000e+00
9.683729061972566887e-01,0.000000000000000000e+00
9.694683506612806756e-01,0.000000000000000000e+00
9.705637951253046625e-01,0.000000000000000000e+00
9.716592395893287604e-01,0.000000000000000000e+00
9.727546840533529693e-01,0.000000000000000000e+00
9.738501285173769562e-01,0.000000000000000000e+00
9.749455729814009430e-01,0.000000000000000000e+00
9.760410174454250409e-01,0.000000000000000000e+00
9.771364619094490278e-01,0.000000000000000000e+00
9.782319063734730147e-01,0.000000000000000000e+00
9.793273508374971126e-01,0.000000000000000000e+00
9.804227953015210995e-01,0.000000000000000000e+00
9.815182397655453084e-01,0.000000000000000000e+00
9.826136842295692952e-01,0.000000000000000000e+00
9.837091286935933931e-01,0.000000000000000000e+00
9.848045731576173800e-01,0.000000000000000000e+00
9.859000176216413669e-01,0.000000000000000000e+00
9.869954620856654648e-01,0.000000000000000000e+00
9.880909065496894517e-01,0.000000000000000000e+00
9.891863510137134385e-01,0.000000000000000000e+00
9.902817954777375364e-01,0.000000000000000000e+00
9.913772399417617454e-01,0.000000000000000000e+00
9.924726844057857322e-01,0.000000000000000000e+00
9.935681288698097191e-01,0.000000000000000000e+00
9.946635733338338170e-01,0.000000000000000000e+00
9.957590177978578039e-01,0.000000000000000000e+00
9.968544622618817908e-01,0.000000000000000000e+00
9.979499067259058886e-01,0.000000000000000000e+00
9.990453511899298755e-01,0.000000000000000000e+00
1.000140795653954084e+00,0.000000000000000000e+00
1.001236240117978182e+00,0.000000000000000000e+00
1.002331684582002058e+00,0.000000000000000000e+00
1.003427129046026156e+00,0.000000000000000000e+00
1.004522573510050254e+00,0.000000000000000000e+00
1.005618017974074130e+00,0.000000000000000000e+00
1.006713462438098228e+00,0.000000000000000000e+00
1.007808906902122326e+00,0.000000000000000000e+00
1.008904351366146424e+00,0.000000000000000000e+00
1.009999795830170521e+00,0.000000000000000000e+00
1.011095240294194397e+00,0.000000000000000000e+00
1.012190684758218495e+00,0.000000000000000000e+00
1.013286129222242593e+00,0.000000000000000000e+00
1.014381573686266469e+00,0.000000000000000000e+00
1.015477018150290567e+00,0.000000000000000000e+00
1.016572462614314665e+00,0.000000000000000000e+00
1.017667907078338541e+00,0.000000000000000000e+00
1.018763351542362861e+00,0.000000000000000000e+00
1.019858796006386958e+00,0.000000000000000000e+00
1.020954240470410834e+00,0.000000000000000000e+00
1.022049684934434932e+00,0.000000000000000000e+00
1.023145129398459030e+00,0.000000000000000000e+00
1.024240573862482906e+00,0.000000000000000000e+00
1.025336018326507004e+00,0.000000000000000000e+00
1.026431462790531102e+00,0.000000000000000000e+00
1.027526907254555200e+00,0.000000000000000000e+00
1.028622351718579297e+00,0.000000000000000000e+00
1.029717796182603173e+00,0.000000000000000000e+00
1.030813240646627271e+00,0.000000000000000000e+00
1.031908685110651369e+00,0.000000000000000000e+00
1.033004129574675245e+00,0.000000000000000000e+00
1.034099574038699343e+00,0.000000000000000000e+00
1.035195018502723441e+00,0.000000000000000000e+00
1.036290462966747539e+00,0.000000000000000000e+00
1.037385907430771637e+00,0.000000000000000000e+00
1.038481351894795734e+00,0.000000000000000000e+00
1.039576796358819610e+00,0.000000000000000000e+00
1.040672240822843708e+00,0.000000000000000000e+00
1.041767685286867806e+00,0.000000000000000000e+00
1.042863129750891682e+00,0.000000000000000000e+00
1.043958574214915780e+00,0.000000000000000000e+00
1.045054018678939878e+00,0.000000000000000000e+00
1.046149463142963976e+00,0.000000000000000000e+00
1.047244907606988074e+00,0.000000000000000000e+00
1.048340352071011949e+00,0.000000000000000000e+00
1.049435796535036047e+00,0.000000000000000000e+00
1.050531240999060145e+00,0.000000000000000000e+00
1.051626685463084021e+00,0.000000000000000000e+00
1.052722129927108119e+00,0.000000000000000000e+00
1.053817574391132217e+00,0.000000000000000000e+00
1.054913018855156315e+00,0.000000000000000000e+00
1.056008463319180413e+00,0.000000000000000000e+00
1.057103907783204511e+00,0.000000000000000000e+00
1.058199352247228386e+00,0.000000000000000000e+00
1.059294796711252484e+00,0.000000000000000000e+00
1.060390241175276582e+00,0.000000000000000000e+00
1.061485685639300458e+00,0.000000000000000000e+00
1.062581130103324556e+00,0.000000000000000000e+00
1.063676574567348654e+00,0.000000000000000000e+00
1.064772019031372752e+00,0.000000000000000000e+00
1.065867463495396850e+00,0.000000000000000000e+00
1.066962907959420725e+00,0.000000000000000000e+00
1.068058352423444823e+00,0.000000000000000000e+00
1.069153796887468921e+00,0.000000000000000000e+00
1.070249241351492797e+00,0.000000000000000000e+00
1.071344685815516895e+00,0.000000000000000000e+00
1.072440130279540993e+00,0.000000000000000000e+00
1.073535574743565091e+00,0.000000000000000000e+00
1.074631019207589189e+00,0.000000000000000000e+00
1.075726463671613287e+00,0.000000000000000000e+00
1.076821908135637162e+00,0.000000000000000000e+00
1.077917352599661260e+00,0.000000000000000000e+00
1.079012797063685358e+00,0.000000000000000000e+00
1.080108241527709234e+00,0.000000000000000000e+00
1.081203685991733332e+00,0.000000000000000000e+00
1.082299130455757430e+00,0.000000000000000000e+00
1.083394574919781528e+00,0.000000000000000000e+00
1.084490019383805626e+00,0.000000000000000000e+00
1.085585463847829502e+00,0.000000000000000000e+00
1.086680908311853599e+00,0.000000000000000000e+00
1.087776352775877697e+00,0.000000000000000000e+00
1.088871797239901573e+00,0.000000000000000000e+00
1.089967241703925671e+00,0.000000000000000000e+00
1.091062686167949991e+00,0.000000000000000000e+00
1.092158130631973867e+00,0.000000000000000000e+00
1.093253575095997965e+00,0.000000000000000000e+00
1.094349019560022063e+00,0.000000000000000000e+00
1.095444464024045939e+00,0.000000000000000000e+00
1.096539908488070036e+00,0.000000000000000000e+00
1.097635352952094134e+00,0.000000000000000000e+00
1.098730797416118010e+00,0.000000000000000000e+00
1.099826241880142108e+00,0.000000000000000000e+00
1.100921686344166206e+00,0.000000000000000000e+00
1.102017130808190304e+00,0.000000000000000000e+00
1.103112575272214402e+00,0.000000000000000000e+00
1.104208019736238278e+00,0.000000000000000000e+00
1.105303464200262376e+00,0.000000000000000000e+00
1.106398908664286473e+00,0.000000000000000000e+00
1.107494353128310349e+00,0.000000000000000000e+00
1.108589797592334447e+00,0.000000000000000000e+00
1.109685242056358767e+00,0.000000000000000000e+00
1.110780686520382643e+00,0.000000000000000000e+00
1.111876130984406741e+00,0.000000000000000000e+00
1.112971575448430839e+00,0.000000000000000000e+00
1.114067019912454715e+00,0.000000000000000000e+00
1.115162464376478813e+00,0.000000000000000000e+00
1.116257908840502910e+00,0.000000000000000000e+00
1.117353353304526786e+00,0.000000000000000000e+00
1.118448797768551106e+00,0.000000000000000000e+00
1.119544242232574982e+00,0.000000000000000000e+00
1.120639686696599080e+00,0.000000000000000000e+00
1.121735131160623178e+00,0.000000000000000000e+00
1.122830575624647054e+00,0.000000000000000000e+00
1.123926020088671152e+00,0.000000000000000000e+00
1.125021464552695249e+00,0.000000000000000000e+00
1.126116909016719125e+00,0.000000000000000000e+00
1.127212353480743223e+00,0.000000000000000000e+00
1.128307797944767543e+00,0.000000000000000000e+00
1.129403242408791419e+00,0.000000000000000000e+00
1.130498686872815517e+00,0.000000000000000000e+00
1.131594131336839615e+00,0.000000000000000000e+00
1.132689575800863491e+00,0.000000000000000000e+00
1.133785020264887589e+00,0.000000000000000000e+00
1.134880464728911686e+00,0.000000000000000000e+00
1.135975909192935562e+00,0.000000000000000000e+00
1.137071353656959882e+00,0.000000000000000000e+00
1.138166798120983758e+00,0.000000000000000000e+00
1.139262242585007856e+00,0.000000000000000000e+00
1.140357687049031954e+00,0.000000000000000000e+00
1.141453131513055830e+00,0.000000000000000000e+00
1.142548575977079928e+00,0.000000000000000000e+00
1.143644020441104026e+00,0.000000000000000000e+00
1.144739464905127901e+00,0.000000000000000000e+00
1.145834909369152221e+00,0.000000000000000000e+00
1.146930353833176319e+00,0.000000000000000000e+00
1.148025798297200195e+00,0.000000000000000000e+00
1.149121242761224293e+00,0.000000000000000000e+00
1.150216687225248391e+00,0.000000000000000000e+00
1.151312131689272267e+00,0.000000000000000000e+00
1.152407576153296365e+00,0.000000000000000000e+00
1.153503020617320463e+00,0.000000000000000000e+00
1.154598465081344338e+00,0.000000000000000000e+00
1.155693909545368658e+00,0.000000000000000000e+00
1.156789354009392534e+00,0.000000000000000000e+00
1.157884798473416632e+00,0.000000000000000000e+00
1.158980242937440730e+00,0.000000000000000000e+00
1.160075687401464606e+00,0.000000000000000000e+00
1.161171131865488704e+00,0.000000000000000000e+00
1.162266576329512802e+00,0.000000000000000000e+00
1.163362020793536677e+00,0.000000000000000000e+00
1.164457465257560997e+00,0.000000000000000000e+00
1.165552909721585095e+00,0.000000000000000000e+00
1.166648354185608971e+00,0.000000000000000000e+00
1.167743798649633069e+00,0.000000000000000000e+00
1.168839243113657167e+00,0.000000000000000000e+00
1.169934687577681043e+00,0.000000000000000000e+00
1.171030132041705141e+00,0.000000000000000000e+00
1.172125576505729239e+00,0.000000000000000000e+00
1.173221020969753337e+00,0.000000000000000000e+00
1.174316465433777434e+00,0.000000000000000000e+00
1.175411909897801310e+00,0.000000000000000000e+00
1.176507354361825408e+00,0.000000000000000000e+00
1.177602798825849506e+00,0.000000000000000000e+00
1.178698243289873382e+00,0.000000000000000000e+00
1.179793687753897480e+00,0.000000000000000000e+00
1.180889132217921578e+00,0.000000000000000000e+00
1.181984576681945454e+00,0.000000000000000000e+00
1.183080021145969773e+00,0.000000000000000000e+00
1.184175465609993871e+00,0.000000000000000000e+00
1.185270910074017747e+00,0.000000000000000000e+00
1.186366354538041845e+00,0.000000000000000000e+00
1.187461799002065943e+00,0.000000000000000000e+00
1.188557243466089819e+00,0.000000000000000000e+00
1.189652687930113917e+00,0.000000000000000000e+00
1.190748132394138015e+00,0.000000000000000000e+00
1.191843576858162113e+00,0.000000000000000000e+00
1.192939021322186210e+00,0.000000000000000000e+00
1.194034465786210086e+00,0.000000000000000000e+00
1.195129910250234184e+00,0.000000000000000000e+00
1.196225354714258282e+00,0.000000000000000000e+00
1.197320799178282158e+00,0.000000000000000000e+00
1.198416243642306256e+00,0.000000000000000000e+00
1.199511688106330354e+00,0.000000000000000000e+00
1.200607132570354452e+00,0.000000000000000000e+00
1.201702577034378550e+00,0.000000000000000000e+00
1.202798021498402647e+00,0.000000000000000000e+00
1.203893465962426523e+00,0.000000000000000000e+00
1.204988910426450621e+00,0.000000000000000000e+00
1.206084354890474719e+00,0.000000000000000000e+00
1.207179799354498595e+00,0.000000000000000000e+00
1.208275243818522693e+00,0.000000000000000000e+00
1.209370688282546791e+00,0.000000000000000000e+00
1.210466132746570889e+00,0.000000000000000000e+00
1.211561577210594987e+00,0.000000000000000000e+00
1.212657021674618862e+00,0.000000000000000000e+00
1.213752466138642960e+00,0.000000000000000000e+00
1.214847910602667058e+00,0.000000000000000000e+00
1.215943355066690934e+00,0.000000000000000000e+00
1.217038799530715032e+00,0.000000000000000000e+00
1.218134243994739130e+00,0.000000000000000000e+00
1.219229688458763228e+00,0.000000000000000000e+00
1.220325132922787326e+00,0.000000000000000000e+00
1.221420577386811424e+00,0.000000000000000000e+00
1.222516021850835299e+00,0.000000000000000000e+00
1.223611466314859397e+00,0.000000000000000000e+00
1.224706910778883495e+00,0.000000000000000000e+00
1.225802355242907371e+00,0.000000000000000000e+00
1.226897799706931469e+00,0.000000000000000000e+00
1.227993244170955567e+00,0.000000000000000000e+00
1.229088688634979665e+00,0.000000000000000000e+00
1.230184133099003763e+00,0.000000000000000000e+00
1.231279577563027638e+00,0.000000000000000000e+00
1.232375022027051736e+00,0.000000000000000000e+00
1.233470466491075834e+00,0.000000000000000000e+00
1.234565910955099710e+00,0.000000000000000000e+00
1.235661355419123808e+00,0.000000000000000000e+00
1.236756799883147906e+00,0.000000000000000000e+00
1.237852244347172004e+00,0.000000000000000000e+00
1.238947688811196102e+00,0.000000000000000000e+00
1.240043133275220200e+00,0.000000000000000000e+00
1.241138577739244075e+00,0.000000000000000000e+00
1.242234022203268173e+00,0.000000000000000000e+00
1.243329466667292271e+00,0.000000000000000000e+00
1.244424911131316147e+00,0.000000000000000000e+00
1.245520355595340245e+00,0.000000000000000000e+00
1.246615800059364343e+00,0.000000000000000000e+00
1.247711244523388441e+00,0.000000000000000000e+00
1.248806688987412539e+00,0.000000000000000000e+00
1.249902133451436415e+00,0.000000000000000000e+00
1.250997577915460512e+00,0.000000000000000000e+00
1.252093022379484610e+00,0.000000000000000000e+00
1.253188466843508486e+00,0.000000000000000000e+00
1.254283911307532584e+00,0.000000000000000000e+00
1.255379355771556904e+00,0.000000000000000000e+00
1.256474800235580780e+00,0.000000000000000000e+00
1.257570244699604878e+00,0.000000000000000000e+00
1.258665689163628976e+00,0.000000000000000000e+00
1.259761133627652852e+00,0.000000000000000000e+00
1.260856578091676949e+00,0.000000000000000000e+00
1.261952022555701047e+00,0.000000000000000000e+00
1.263047467019724923e+00,0.000000000000000000e+00
1.264142911483749021e+00,0.000000000000000000e+00
1.265238355947773119e+00,0.000000000000000000e+00
1.266333800411797217e+00,0.000000000000000000e+00
1.267429244875821315e+00,0.000000000000000000e+00
1.268524689339845191e+00,0.000000000000000000e+00
1.269620133803869289e+00,0.000000000000000000e+00
1.270715578267893386e+00,0.000000000000000000e+00
1.271811022731917262e+00,0.000000000000000000e+00
1.272906467195941360e+00,0.000000000000000000e+00
1.274001911659965680e+00,0.000000000000000000e+00
1.275097356123989556e+00,0.000000000000000000e+00
1.276192800588013654e+00,0.000000000000000000e+00
1.277288245052037752e+00,0.000000000000000000e+00
1.278383689516061628e+00,0.000000000000000000e+00
1.279479133980085725e+00,0.000000000000000000e+00
1.280574578444109823e+00,0.000000000000000000e+00
1.281670022908133699e+00,0.000000000000000000e+00
1.282765467372158019e+00,0.000000000000000000e+00
1.283860911836181895e+00,0.000000000000000000e+00
1.284956356300205993e+00,0.000000000000000000e+00
1.286051800764230091e+00,0.000000000000000000e+00
1.287147245228253967e+00,0.000000000000000000e+00
1.288242689692278065e+00,0.000000000000000000e+00
1.289338134156302162e+00,0.000000000000000000e+00
1.290433578620326038e+00,0.000000000000000000e+00
1.291529023084350136e+00,0.000000000000000000e+00
1.292624467548374456e+00,0.000000000000000000e+00
1.293719912012398332e+00,0.000000000000000000e+00
1.294815356476422430e+00,0.000000000000000000e+00
1.295910800940446528e+00,0.000000000000000000e+00
1.297006245404470404e+00,0.000000000000000000e+00
1.298101689868494502e+00,0.000000000000000000e+00
1.299197134332518377e+00,0.000000000000000000e+00
1.300292578796542475e+00,0.000000000000000000e+00
1.301388023260566795e+00,0.000000000000000000e+00
1.302483467724590671e+00,0.000000000000000000e+00
1.303578912188614769e+00,0.000000000000000000e+00
1.304674356652638867e+00,0.000000000000000000e+00
1.305769801116662743e+00,0.000000000000000000e+00
1.306865245580686841e+00,0.000000000000000000e+00
1.307960690044710939e+00,0.000000000000000000e+00
1.309056134508734814e+00,0.000000000000000000e+00
1.310151578972759134e+00,0.000000000000000000e+00
1.311247023436783232e+00,0.000000000000000000e+00
1.312342467900807108e+00,0.000000000000000000e+00
1.313437912364831206e+00,0.000000000000000000e+00
1.314533356828855304e+00,0.000000000000000000e+00
1.315628801292879180e+00,0.000000000000000000e+00
1.316724245756903278e+00,0.000000000000000000e+00
1.317819690220927153e+00,0.000000000000000000e+00
1.318915134684951251e+00,0.000000000000000000e+00
1.320010579148975571e+00,0.000000000000000000e+00
1.321106023612999447e+00,0.000000000000000000e+00
1.322201468077023545e+00,0.000000000000000000e+00
1.323296912541047643e+00,0.000000000000000000e+00
1.324392357005071519e+00,0.000000000000000000e+00
1.325487801469095617e+00,0.000000000000000000e+00
1.326583245933119715e+00,0.000000000000000000e+00
1.327678690397143590e+00,0.000000000000000000e+00
1.328774134861167910e+00,0.000000000000000000e+00
1.329869579325192008e+00,0.000000000000000000e+00
1.330965023789215884e+00,0.000000000000000000e+00
1.332060468253239982e+00,0.000000000000000000e+00
1.333155912717263858e+00,0.000000000000000000e+00
1.334251357181287956e+00,0.000000000000000000e+00
1.335346801645312054e+00,0.000000000000000000e+00
1.336442246109335930e+00,0.000000000000000000e+00
1.337537690573360250e+00,0.000000000000000000e+00
1.338633135037384347e+00,0.000000000000000000e+00
1.339728579501408223e+00,0.000000000000000000e+00
1.340824023965432321e+00,0.000000000000000000e+00
1.341919468429456419e+00,0.000000000000000000e+00
1.343014912893480295e+00,0.000000000000000000e+00
1.344110357357504393e+00,0.000000000000000000e+00
1.345205801821528491e+00,0.000000000000000000e+00
1.346301246285552367e+00,0.000000000000000000e+00
1.347396690749576686e+00,0.000000000000000000e+00
1.348492135213600562e+00,0.000000000000000000e+00
1.349587579677624660e+00,0.000000000000000000e+00
1.350683024141648758e+00,0.000000000000000000e+00
1.351778468605672634e+00,0.000000000000000000e+00
1.352873913069696732e+00,0.000000000000000000e+00
1.353969357533720830e+00,0.000000000000000000e+00
1.355064801997744706e+00,0.000000000000000000e+00
1.356160246461769026e+00,0.000000000000000000e+00
1.357255690925793123e+00,0.000000000000000000e+00
1.358351135389816999e+00,0.000000000000000000e+00
1.359446579853841097e+00,0.000000000000000000e+00
1.360542024317865195e+00,0.000000000000000000e+00
1.361637468781889071e+00,0.000000000000000000e+00
1.362732913245913169e+00,0.000000000000000000e+00
1.363828357709937267e+00,0.000000000000000000e+00
1.364923802173961365e+00,0.000000000000000000e+00
1.366019246637985463e+00,0.000000000000000000e+00
1.367114691102009338e+00,0.000000000000000000e+00
1.368210135566033436e+00,0.000000000000000000e+00
1.369305580030057534e+00,0.000000000000000000e+00
