# omega(Hartree), S(1/Hartree)
1.095444464024046072e-03,5.570470979237347464e-01
2.190888928048092144e-03,5.736635992339919055e-01
3.286333392072138000e-03,5.906385234769642167e-01
4.381777856096184288e-03,6.079744926825637608e-01
5.477222320120230144e-03,6.256739606543476606e-01
6.572666784144275999e-03,6.437392067462227585e-01
7.668111248168322722e-03,6.621723297197099622e-01
8.763555712192368577e-03,6.809752416926641017e-01
9.859000176216414432e-03,7.001496621935558995e-01
1.095444464024046029e-02,7.196971123326696418e-01
1.204988910426450614e-02,7.396189091033540386e-01
1.314533356828855200e-02,7.599161598252124339e-01
1.424077803231259785e-02,7.805897567425627015e-01
1.533622249633664544e-02,8.016403717901665615e-01
1.643166696036068783e-02,8.230684515383416278e-01
1.752711142438473715e-02,8.448742123301388185e-01
1.862255588840878301e-02,8.670576356223504977e-01
1.971800035243282886e-02,8.896184635420411047e-01
2.081344481645687472e-02,9.125561946701182814e-01
2.190888928048092057e-02,9.358700800633779071e-01
2.300433374450496643e-02,9.595591195254322692e-01
2.409977820852901229e-02,9.836220581374176541e-01
2.519522267255305814e-02,1.008057383058058365e+00
2.629066713657710400e-02,1.032863320602934065e+00
2.738611160060114985e-02,1.058037833611819467e+00
2.848155606462519571e-02,1.083578619112730568e+00
2.957700052864924503e-02,1.109483106290217069e+00
3.067244499267329089e-02,1.135748454765654891e+00
3.176788945669733327e-02,1.162371553195955753e+00
3.286333392072137566e-02,1.189349018196421470e+00
3.395877838474542498e-02,1.216677193593491912e+00
3.505422284876947431e-02,1.244352150011610814e+00
3.614966731279351669e-02,1.272369684797939327e+00
3.724511177681756602e-02,1.300725322288217134e+00
3.834055624084160840e-02,1.329414314415800380e+00
3.943600070486565773e-02,1.358431641665376333e+00
4.053144516888970011e-02,1.387772014372020690e+00
4.162688963291374944e-02,1.417429874365472964e+00
4.272233409693779183e-02,1.447399396958476636e+00
4.381777856096184115e-02,1.477674493277605805e+00
4.491322302498588354e-02,1.508248812933896232e+00
4.600866748900993286e-02,1.539115747029699000e+00
4.710411195303397525e-02,1.570268431497793715e+00
4.819955641705802457e-02,1.601699750767729746e+00
4.929500088108207390e-02,1.633402341753342091e+00
5.039044534510611628e-02,1.665368598155450242e+00
5.148588980913015867e-02,1.697590675071976030e+00
5.258133427315420799e-02,1.730060493907951580e+00
5.367677873717825038e-02,1.762769747576613533e+00
5.477222320120229970e-02,1.795709905982288745e+00
5.586766766522634903e-02,1.828872221775456941e+00
5.696311212925039141e-02,1.862247736369192941e+00
5.805855659327444074e-02,1.895827286206342999e+00
5.915400105729849006e-02,1.929601509265838288e+00
6.024944552132253245e-02,1.963560851796015028e+00
6.134488998534658177e-02,1.997695575262996126e+00
6.244033444937061722e-02,2.031995763500831220e+00
6.353577891339466654e-02,2.066451330050937063e+00
6.463122337741870893e-02,2.101052025676970914e+00
6.572666784144275132e-02,2.135787446041771176e+00
6.682211230546680758e-02,2.170647039532441536e+00
6.791755676949084997e-02,2.205620115219719679e+00
6.901300123351489235e-02,2.240695850937428624e+00
7.010844569753894862e-02,2.275863301467858868e+00
7.120389016156299100e-02,2.311111406818958880e+00
7.229933462558703339e-02,2.346429000579125290e+00
7.339477908961108965e-02,2.381804818335417018e+00
7.449022355363513204e-02,2.417227506141316429e+00
7.558566801765917442e-02,2.452685629020041169e+00
7.668111248168321681e-02,2.488167679489745154e+00
7.777655694570725919e-02,2.523662086097079538e+00
7.887200140973131546e-02,2.559157221945932648e+00
7.996744587375535784e-02,2.594641413208292224e+00
8.106289033777940023e-02,2.630102947604618269e+00
8.215833480180345649e-02,2.665530082841387927e+00
8.325377926582749888e-02,2.700911054993825555e+00
8.434922372985154126e-02,2.736234086822312062e+00
8.544466819387558365e-02,2.771487396011090176e+00
8.654011265789963991e-02,2.806659203318889961e+00
8.763555712192368230e-02,2.841737740630719156e+00
8.873100158594772469e-02,2.876711258901444523e+00
8.982644604997176707e-02,2.911568035981516811e+00
9.092189051399580946e-02,2.946296384316029915e+00
9.201733497801986572e-02,2.980884658508723639e+00
9.311277944204390811e-02,3.015321262743271280e+00
9.420822390606795049e-02,3.049594658054195495e+00
9.530366837009200676e-02,3.083693369440676069e+00
9.639911283411604914e-02,3.117605992817167770e+00
9.749455729814009153e-02,3.151321201794472504e+00
9.859000176216414779e-02,3.184827754286647661e+00
9.968544622618819018e-02,3.218114498938292822e+00
1.007808906902122326e-01,3.251170381368485351e+00
1.018763351542362888e-01,3.283984450227149132e+00
1.029717796182603173e-01,3.316545863060854415e+00
1.040672240822843597e-01,3.348843891984945031e+00
1.051626685463084160e-01,3.380867929160018992e+00
1.062581130103324584e-01,3.412607492070367954e+00
1.073535574743565008e-01,3.444052228603448285e+00
1.084490019383805570e-01,3.475191921928922234e+00
1.095444464024045994e-01,3.506016495176930370e+00
1.106398908664286418e-01,3.536516015915299516e+00
1.117353353304526981e-01,3.566680700425913564e+00
1.128307797944767404e-01,3.596500917780731221e+00
1.139262242585007828e-01,3.625967193718444115e+00
1.150216687225248391e-01,3.655070214322965860e+00
1.161171131865488815e-01,3.683800829505460950e+00
1.172125576505729239e-01,3.712150056291581013e+00
1.183080021145969801e-01,3.740109081916165756e+00
1.194034465786210225e-01,3.767669266728010946e+00
1.204988910426450649e-01,3.794822146907045113e+00
1.215943355066691212e-01,3.821559436997297610e+00
1.226897799706931635e-01,3.847873032258315451e+00
1.237852244347171921e-01,3.873755010838806356e+00
1.248806688987412344e-01,3.899197635775754289e+00
1.259761133627652907e-01,3.924193356822839540e+00
1.270715578267893331e-01,3.948734812112075332e+00
1.281670022908133755e-01,3.972814829652515645e+00
1.292624467548374179e-01,3.996426428670388997e+00
1.303578912188614602e-01,4.019562820794587488e+00
1.314533356828855026e-01,4.042217411092087431e+00
1.325487801469095728e-01,4.064383798957690530e+00
1.336442246109336152e-01,4.086055778862532684e+00
1.347396690749576575e-01,4.107227340965781792e+00
1.358351135389816999e-01,4.127892671594318053e+00
1.369305580030057423e-01,4.148046153595059238e+00
1.380260024670297847e-01,4.167682366564009477e+00
1.391214469310538548e-01,4.186796086957679464e+00
1.402168913950778972e-01,4.205382288090506293e+00
1.413123358591019396e-01,4.223436140023615337e+00
1.424077803231259820e-01,4.240953009349196279e+00
1.435032247871500244e-01,4.257928458875258393e+00
1.445986692511740668e-01,4.274358247215278794e+00
1.456941137151981369e-01,4.290238328287188097e+00
1.467895581792221793e-01,4.305564850726264936e+00
1.478850026432462217e-01,4.320334157216414894e+00
1.489804471072702641e-01,4.334542783743984273e+00
1.500758915712943065e-01,4.348187458778586034e+00
1.511713360353183488e-01,4.361265102385058157e+00
1.522667804993423912e-01,4.373772825270677345e+00
1.533622249633664336e-01,4.385707927771756331e+00
1.544576694273904760e-01,4.397067898783589612e+00
1.555531138914145184e-01,4.407850414637547232e+00
1.566485583554385608e-01,4.418053337929005231e+00
1.577440028194626309e-01,4.427674716300340485e+00
1.588394472834866733e-01,4.436712781181583409e+00
1.599348917475107157e-01,4.445165946493384368e+00
1.610303362115347581e-01,4.453032807314652786e+00
1.621257806755588005e-01,4.460312138518873759e+00
1.632212251395828428e-01,4.467002893381825324e+00
1.643166696036069130e-01,4.473104202164050136e+00
1.654121140676309554e-01,4.478615370670644857e+00
1.665075585316549978e-01,4.483535878791829354e+00
1.676030029956790401e-01,4.487865379026362511e+00
1.686984474597030825e-01,4.491603694990692119e+00
1.697938919237271249e-01,4.494750819916787599e+00
1.708893363877511673e-01,4.497306915139897221e+00
1.719847808517752374e-01,4.499272308579971735e+00
1.730802253157992798e-01,4.500647493217614148e+00
1.741756697798233222e-01,4.501433125567522175e+00
1.752711142438473646e-01,4.501630024150845344e+00
1.763665587078714070e-01,4.501239167968327237e+00
1.774620031718954494e-01,4.500261694976476434e+00
1.785574476359194918e-01,4.498698900567409176e+00
1.796528920999435341e-01,4.496552236054789375e+00
1.807483365639675765e-01,4.493823307166646686e+00
1.818437810279916189e-01,4.490513872547354346e+00
1.829392254920156613e-01,4.486625842266492192e+00
1.840346699560397314e-01,4.482161276342734979e+00
1.851301144200637738e-01,4.477122383274954487e+00
1.862255588840878162e-01,4.471511518588048517e+00
1.873210033481118586e-01,4.465331183391147540e+00
1.884164478121359010e-01,4.458584022949756864e+00
1.895118922761599434e-01,4.451272825271913369e+00
1.906073367401840135e-01,4.443400519709102880e+00
1.917027812042080559e-01,4.434970175572240159e+00
1.927982256682320983e-01,4.425985000762589827e+00
1.938936701322561407e-01,4.416448340418215324e+00
1.949891145962801831e-01,4.406363675575581063e+00
1.960845590603042254e-01,4.395734621846368206e+00
1.971800035243282956e-01,4.384564928109472959e+00
1.982754479883523380e-01,4.372858475217499041e+00
1.993708924523763804e-01,4.360619274717828731e+00
2.004663369164004227e-01,4.347851467587283025e+00
2.015617813804244651e-01,4.334559322980530816e+00
2.026572258444485075e-01,4.320747236990578166e+00
2.037526703084725777e-01,4.306419731421651242e+00
2.048481147724966200e-01,4.291581452572582833e+00
2.059435592365206347e-01,4.276237170030719348e+00
2.070390037005446771e-01,4.260391775474561271e+00
2.081344481645687194e-01,4.244050281484374132e+00
2.092298926285927896e-01,4.227217820359548739e+00
2.103253370926168320e-01,4.209899642941268283e+00
2.114207815566408744e-01,4.192101117439238855e+00
2.125162260206649167e-01,4.173827728260817160e+00
2.136116704846889591e-01,4.155085074841343484e+00
2.147071149487130015e-01,4.135878870473448821e+00
2.158025594127370717e-01,4.116214941134368033e+00
2.168980038767611140e-01,4.096099224308940911e+00
2.179934483407851564e-01,4.075537767806268086e+00
2.190888928048091988e-01,4.054536728569003046e+00
2.201843372688332134e-01,4.033102371472010006e+00
2.212797817328572836e-01,4.011241068109406172e+00
2.223752261968813260e-01,3.988959295567090724e+00
2.234706706609053961e-01,3.966263635179056557e+00
2.245661151249294107e-01,3.943160771264732745e+00
2.256615595889534809e-01,3.919657489845570275e+00
2.267570040529774955e-01,3.895760677338012457e+00
2.278524485170015657e-01,3.871477319220480329e+00
2.289478929810256080e-01,3.846814498672527005e+00
2.300433374450496782e-01,3.821779395182330230e+00
2.311387819090736928e-01,3.796379283121643855e+00
2.322342263730977630e-01,3.770621530283933875e+00
2.333296708371217776e-01,3.744513596384404064e+00
2.344251153011458477e-01,3.718063031518426431e+00
2.355205597651698901e-01,3.691277474576208917e+00
2.366160042291939603e-01,3.664164651610636092e+00
2.377114486932179749e-01,3.636732374156055769e+00
2.388068931572420450e-01,3.608988537494742577e+00
2.399023376212660597e-01,3.580941118868981476e+00
2.409977820852901298e-01,3.552598175635738098e+00
2.420932265493141722e-01,3.523967843361317964e+00
2.431886710133382423e-01,3.495058333853581889e+00
2.442841154773622570e-01,3.465877933129094757e+00
2.453795599413863271e-01,3.436434999312386385e+00
2.464750044054103417e-01,3.406737960465532122e+00
2.475704488694343841e-01,3.376795312344881506e+00
2.486658933334584543e-01,3.346615616083393974e+00
2.497613377974824689e-01,3.316207495795570726e+00
2.508567822615065390e-01,3.285579636103754364e+00
2.519522267255305814e-01,3.254740779582580235e+00
2.530476711895546238e-01,3.223699724121023902e+00
2.541431156535786662e-01,3.192465320199231460e+00
2.552385601176027086e-01,3.161046468078896332e+00
2.563340045816267510e-01,3.129452114905721061e+00
2.574294490456507933e-01,3.097691251722352046e+00
2.585248935096748357e-01,3.065772910391266759e+00
2.596203379736989336e-01,3.033706160425340137e+00
2.607157824377229205e-01,3.001500105727248791e+00
2.618112269017470184e-01,2.969163881234913482e+00
2.629066713657710053e-01,2.936706649474693620e+00
2.640021158297951032e-01,2.904137597020375328e+00
2.650975602938191455e-01,2.871465930859511406e+00
2.661930047578431879e-01,2.838700874666551410e+00
2.672884492218672303e-01,2.805851664983721960e+00
2.683838936858912727e-01,2.772927547310476193e+00
2.694793381499153151e-01,2.739937772102523983e+00
2.705747826139393575e-01,2.706891590682265036e+00
2.716702270779633999e-01,2.673798251061836329e+00
2.727656715419874978e-01,2.640666993681122676e+00
2.738611160060114846e-01,2.607507047062998407e+00
2.749565604700355270e-01,2.574327623388440678e+00
2.760520049340595694e-01,2.541137913994597763e+00
2.771474493980836118e-01,2.507947084798711757e+00
2.782428938621077097e-01,2.474764271651968439e+00
2.793383383261316966e-01,2.441598575627221379e+00
2.804337827901557945e-01,2.408459058244115436e+00
2.815292272541797813e-01,2.375354736637268704e+00
2.826246717182038792e-01,2.342294578671678895e+00
2.837201161822279216e-01,2.309287498010804462e+00
2.848155606462519640e-01,2.276342349143062549e+00
2.859110051102760064e-01,2.243467922372306411e+00
2.870064495743000488e-01,2.210672938778509788e+00
2.881018940383240912e-01,2.177966045155574015e+00
2.891973385023481335e-01,2.145355808932259301e+00
2.902927829663721759e-01,2.112850713083747944e+00
2.913882274303962738e-01,2.080459151041319732e+00
2.924836718944202607e-01,2.048189421606983807e+00
2.935791163584443586e-01,2.016049723881356837e+00
2.946745608224683455e-01,1.984048152212907201e+00
2.957700052864924434e-01,1.952192691175942851e+00
2.968654497505164858e-01,1.920491210586463104e+00
2.979608942145405281e-01,1.888951460564110896e+00
2.990563386785645705e-01,1.857581066648654744e+00
3.001517831425886129e-01,1.826387524979736998e+00
3.012472276066126553e-01,1.795378197549073462e+00
3.023426720706366977e-01,1.764560307533278305e+00
3.034381165346607401e-01,1.733940934716616811e+00
3.045335609986847825e-01,1.703527011012483383e+00
3.056290054627088248e-01,1.673325316092367565e+00
3.067244499267328672e-01,1.643342473130697146e+00
3.078198943907569096e-01,1.613584944675138244e+00
3.089153388547809520e-01,1.584059028649533740e+00
3.100107833188050499e-01,1.554770854498862542e+00
3.111062277828290368e-01,1.525726379484403150e+00
3.122016722468531347e-01,1.496931385135949588e+00
3.132971167108771215e-01,1.468391473870550801e+00
3.143925611749012194e-01,1.440112065782987338e+00
3.154880056389252618e-01,1.412098395617616964e+00
3.165834501029493042e-01,1.384355509925920824e+00
3.176788945669733466e-01,1.356888264417902334e+00
3.187743390309973890e-01,1.329701321512964496e+00
3.198697834950214314e-01,1.302799148094931247e+00
3.209652279590454738e-01,1.276186013477780046e+00
3.220606724230695161e-01,1.249865987586151972e+00
3.231561168870936140e-01,1.223842939354389703e+00
3.242515613511176009e-01,1.198120535349096016e+00
3.253470058151416988e-01,1.172702238616879500e+00
3.264424502791656857e-01,1.147591307761737456e+00
3.275378947431897836e-01,1.122790796250846990e+00
3.286333392072138260e-01,1.098303551961518743e+00
3.297287836712378128e-01,1.074132216945228979e+00
3.308242281352619107e-01,1.050279227442108887e+00
3.319196725992858976e-01,1.026746814121225038e+00
3.330151170633099955e-01,1.003537002555739077e+00
3.341105615273339824e-01,9.806516139304760626e-01
3.352060059913580803e-01,9.580922659796662355e-01
3.363014504553821227e-01,9.358603741527464770e-01
3.373968949194061651e-01,9.139571530054874104e-01
3.384923393834302074e-01,8.923836178130336583e-01
3.395877838474542498e-01,8.711405864005750121e-01
3.406832283114782922e-01,8.502286811878567718e-01
3.417786727755023346e-01,8.296483314416462918e-01
3.428741172395263770e-01,8.093997757322817233e-01
3.439695617035504749e-01,7.894830645867466634e-01
3.450650061675744618e-01,7.698980633332915824e-01
3.461604506315985597e-01,7.506444551303088630e-01
3.472558950956225465e-01,7.317217441724788163e-01
3.483513395596466444e-01,7.131292590673226073e-01
3.494467840236706868e-01,6.948661563734800373e-01
3.505422284876947292e-01,6.769314242935720038e-01
3.516376729517187716e-01,6.593238865129413817e-01
3.527331174157428140e-01,6.420422061758488397e-01
3.538285618797668564e-01,6.250848899904770661e-01
3.549240063437908987e-01,6.084502924534876955e-01
3.560194508078149411e-01,5.921366201857886091e-01
3.571148952718389835e-01,5.761419363695781115e-01
3.582103397358630259e-01,5.604641652779672745e-01
3.593057841998870683e-01,5.451010968875610319e-01
3.604012286639111107e-01,5.300503915650941478e-01
3.614966731279351531e-01,5.153095848182241978e-01
3.625921175919592510e-01,5.008760921017583190e-01
3.636875620559832378e-01,4.867472136696524565e-01
3.647830065200073357e-01,4.729201394640927258e-01
3.658784509840313226e-01,4.593919540323235795e-01
3.669738954480554205e-01,4.461596414626378126e-01
3.680693399120794629e-01,4.332200903298798478e-01
3.691647843761035053e-01,4.205700986442080236e-01
3.702602288401275477e-01,4.082063787913611796e-01
3.713556733041515900e-01,3.961255624599931413e-01
3.724511177681756324e-01,3.843242055451677741e-01
3.735465622321996748e-01,3.727987930226143720e-01
3.746420066962237172e-01,3.615457437849886602e-01
3.757374511602478151e-01,3.505614154338397848e-01
3.768328956242718020e-01,3.398421090200701711e-01
3.779283400882958999e-01,3.293840737270598562e-01
3.790237845523198867e-01,3.191835114897569325e-01
3.801192290163439846e-01,3.092365815440384358e-01
3.812146734803680270e-01,2.995394049012298221e-01
3.823101179443920694e-01,2.900880687423100790e-01
3.834055624084161118e-01,2.808786307265563886e-01
3.845010068724400987e-01,2.719071232116834214e-01
3.855964513364641966e-01,2.631695573794892162e-01
3.866918958004882390e-01,2.546619272643022569e-01
3.877873402645122813e-01,2.463802136808021792e-01
3.888827847285363237e-01,2.383203880476051917e-01
3.899782291925603661e-01,2.304784161039453716e-01
3.910736736565844085e-01,2.228502615173227341e-01
3.921691181206084509e-01,2.154318893795523493e-01
3.932645625846324933e-01,2.082192695899245938e-01
3.943600070486565912e-01,2.012083801228737034e-01
3.954554515126805780e-01,1.943952101802836896e-01
3.965508959767046759e-01,1.877757632264227261e-01
3.976463404407286628e-01,1.813460599052881816e-01
3.987417849047527607e-01,1.751021408399092427e-01
3.998372293687768031e-01,1.690400693133242704e-01
4.009326738328008455e-01,1.631559338314082785e-01
4.020281182968248879e-01,1.574458505680114973e-01
4.031235627608489303e-01,1.519059656925339785e-01
4.042190072248729726e-01,1.465324575813985453e-01
4.053144516888970150e-01,1.413215389135244193e-01
4.064098961529210574e-01,1.362694586516854656e-01
4.075053406169451553e-01,1.313725039106799219e-01
4.086007850809691422e-01,1.266270017142497040e-01
4.096962295449932401e-01,1.220293206414665571e-01
4.107916740090172270e-01,1.175758723657335941e-01
4.118871184730412693e-01,1.132631130870014463e-01
4.129825629370653672e-01,1.090875448603288167e-01
4.140780074010893541e-01,1.050457168223863091e-01
4.151734518651134520e-01,1.011342263179881434e-01
4.162688963291374389e-01,9.734971992982328903e-02
4.173643407931615368e-01,9.368889441256095241e-02
4.184597852571855792e-01,9.014849753599930848e-02
4.195552297212096216e-01,8.672532883608835563e-02
4.206506741852336639e-01,8.341624028174980665e-02
4.217461186492577063e-01,8.021813685435319474e-02
4.228415631132817487e-01,7.712797704736761017e-02
4.239370075773057911e-01,7.414277328607735140e-02
4.250324520413298335e-01,7.125959227121300699e-02
4.261278965053539314e-01,6.847555524889456513e-02
4.272233409693779183e-01,6.578783820983510888e-02
4.283187854334020161e-01,6.319367202115015736e-02
4.294142298974260030e-01,6.069034249142969684e-02
4.305096743614501009e-01,5.827519037509012317e-02
4.316051188254741433e-01,5.594561131559400158e-02
4.327005632894981857e-01,5.369905573235623369e-02
4.337960077535222281e-01,5.153302865282128470e-02
4.348914522175462705e-01,4.944508949321946983e-02
4.359868966815703129e-01,4.743285179005976571e-02
4.370823411455943552e-01,4.549398288473784080e-02
4.381777856096183976e-01,4.362620356433342256e-02
4.392732300736424400e-01,4.182728766117913000e-02
4.403686745376664269e-01,4.009506161293605736e-02
4.414641190016905803e-01,3.842740398573028793e-02
4.425595634657145672e-01,3.682224496360381877e-02
4.436550079297386096e-01,3.527756580504372297e-02
4.447504523937626519e-01,3.379139827014538550e-02
4.458458968577867498e-01,3.236182401944791981e-02
4.469413413218107922e-01,3.098697398775408438e-02
4.480367857858347791e-01,2.966502773365608039e-02
4.491322302498588215e-01,2.839421276797257643e-02
4.502276747138829194e-01,2.717280386164107331e-02
4.513231191779069618e-01,2.599912233651904478e-02
4.524185636419310041e-01,2.487153533933220834e-02
4.535140081059549910e-01,2.378845510178380362e-02
4.546094525699791444e-01,2.274833818722835424e-02
4.557048970340031313e-01,2.174968472682285367e-02
4.568003414980271737e-01,2.079103764519294947e-02
4.578957859620512161e-01,1.987098187920923256e-02
4.589912304260753140e-01,1.898814358833631963e-02
4.600866748900993564e-01,1.814118936044600144e-02
4.611821193541233432e-01,1.732882541406233906e-02
4.622775638181473856e-01,1.654979679605238230e-02
4.633730082821714835e-01,1.580288657893340679e-02
4.644684527461955259e-01,1.508691505674143382e-02
4.655638972102195683e-01,1.440073894180209958e-02
4.666593416742435552e-01,1.374325056248992642e-02
4.677547861382675976e-01,1.311337706316127033e-02
4.688502306022916954e-01,1.251007960835100012e-02
4.699456750663157378e-01,1.193235258915326460e-02
4.710411195303397802e-01,1.137922283647889443e-02
4.721365639943637671e-01,1.084974883841469812e-02
4.732320084583879205e-01,1.034301996471156775e-02
4.743274529224119074e-01,9.858155697345211479e-03
4.754228973864359498e-01,9.394304870225521006e-03
4.765183418504599921e-01,8.950644914204027372e-03
4.776137863144840900e-01,8.526381114028563912e-03
4.787092307785081324e-01,8.120745872199540416e-03
4.798046752425321193e-01,7.732997982365247443e-03
4.809001197065561617e-01,7.362421913798327874e-03
4.819955641705802596e-01,7.008327105378079486e-03
4.830910086346043020e-01,6.670047270422108446e-03
4.841864530986283444e-01,6.346939712207144181e-03
4.852818975626523312e-01,6.038384651003867939e-03
4.863773420266764846e-01,5.743784562759447591e-03
4.874727864907004715e-01,5.462563528232544652e-03
4.885682309547245139e-01,5.194166595767121461e-03
4.896636754187485563e-01,4.938059154032498413e-03
4.907591198827726542e-01,4.693726318971196305e-03
4.918545643467966966e-01,4.460672330932725395e-03
4.929500088108206834e-01,4.238419965591501068e-03
4.940454532748447258e-01,4.026509956232397248e-03
4.951408977388687682e-01,3.824500429005431214e-03
4.962363422028928661e-01,3.631966350578654575e-03
4.973317866669169085e-01,3.448498987252774251e-03
4.984272311309408954e-01,3.273705377882101929e-03
4.995226755949649378e-01,3.107207818176469568e-03
5.006181200589890912e-01,2.948643357557942813e-03
5.017135645230130780e-01,2.797663307833594699e-03
5.028090089870370649e-01,2.653932764914769017e-03
5.039044534510611628e-01,2.517130142013325814e-03
5.049998979150852607e-01,2.386946714316970190e-03
5.060953423791092476e-01,2.263086176690739821e-03
5.071907868431332345e-01,2.145264211997328137e-03
5.082862313071573324e-01,2.033208071642891596e-03
5.093816757711814303e-01,1.926656166992614296e-03
5.104771202352054171e-01,1.825357673063650711e-03
5.115725646992295150e-01,1.729072142248989832e-03
5.126680091632535019e-01,1.637569129541287163e-03
5.137634536272775998e-01,1.550627828452870709e-03
5.148588980913015867e-01,1.468036718227590937e-03
5.159543425553256846e-01,1.389593219800767162e-03
5.170497870193496714e-01,1.315103363915879828e-03
5.181452314833737693e-01,1.244381468303335479e-03
5.192406759473978672e-01,1.177249825001442166e-03
5.203361204114218541e-01,1.113538397075508179e-03
5.214315648754458410e-01,1.053084525633926280e-03
5.225270093394699389e-01,9.957326448453227962e-04
5.236224538034940368e-01,9.413340074363536671e-04
5.247178982675180237e-01,8.897464183588812449e-04
5.258133427315420105e-01,8.408339770896584549e-04
5.269087871955661084e-01,7.944668288253067465e-04
5.280042316595902063e-01,7.505209237697506525e-04
5.290996761236141932e-01,7.088777845571836607e-04
5.301951205876382911e-01,6.694242815626765550e-04
5.312905650516622780e-01,6.320524159275880786e-04
5.323860095156863759e-01,5.966591103483536449e-04
5.334814539797103627e-01,5.631460066801154910e-04
5.345768984437344606e-01,5.314192712777322542e-04
5.356723429077584475e-01,5.013894065951181225e-04
5.367677873717825454e-01,4.729710704561294107e-04
5.378632318358066433e-01,4.460829006275181361e-04
5.389586762998306302e-01,4.206473471201700775e-04
5.400541207638546171e-01,3.965905096041597022e-04
5.411495652278787150e-01,3.738419815252518367e-04
5.422450096919028129e-01,3.523346999426380747e-04
5.433404541559267997e-01,3.320048004903897957e-04
5.444358986199507866e-01,3.127914781863030350e-04
5.455313430839749955e-01,2.946368543977148798e-04
5.466267875479989824e-01,2.774858474085056207e-04
5.477222320120229693e-01,2.612860489696886067e-04
5.488176764760470672e-01,2.459876056479391639e-04
5.499131209400710540e-01,2.315431044919924670e-04
5.510085654040951519e-01,2.179074635984342041e-04
5.521040098681191388e-01,2.050378264491752988e-04
5.531994543321432367e-01,1.928934614754895739e-04
5.542948987961672236e-01,1.814356651791729192e-04
5.553903432601913215e-01,1.706276681925862409e-04
5.564857877242154194e-01,1.604345474348303389e-04
5.575812321882394063e-01,1.508231397222292453e-04
5.586766766522633931e-01,1.417619603706381443e-04
5.597721211162874910e-01,1.332211245273042031e-04
5.608675655803115889e-01,1.251722719424631773e-04
5.619630100443355758e-01,1.175884950051825817e-04
5.630584545083595627e-01,1.104442699078969376e-04
5.641538989723837716e-01,1.037153907131591383e-04
5.652493434364077585e-01,9.737890609158411615e-05
5.663447879004317453e-01,9.141305902410278516e-05
5.674402323644558432e-01,8.579722921363368813e-05
5.685356768284799411e-01,8.051187759255839962e-05
5.696311212925039280e-01,7.553849372008810867e-05
5.707265657565279149e-01,7.085954538786245593e-05
5.718220102205520128e-01,6.645843060820896787e-05
5.729174546845761107e-01,6.231943113628739435e-05
5.740128991486000976e-01,5.842766914226889881e-05
5.751083436126241955e-01,5.476906493766971320e-05
5.762037880766481823e-01,5.133029694457327824e-05
5.772992325406721692e-01,4.809876381170787843e-05
5.783946770046962671e-01,4.506254752151554239e-05
5.794901214687203650e-01,4.221037969620856066e-05
5.805855659327443519e-01,3.953160690580352448e-05
5.816810103967683387e-01,3.701616060741941229e-05
5.827764548607925477e-01,3.465452663656145118e-05
5.838718993248165345e-01,3.243771595434633351e-05
5.849673437888405214e-01,3.035723844889659474e-05
5.860627882528646193e-01,2.840507605095759816e-05
5.871582327168887172e-01,2.657365867873224519e-05
5.882536771809127041e-01,2.485584044448002698e-05
5.893491216449366910e-01,2.324487723188863760e-05
5.904445661089607889e-01,2.173440541394748498e-05
5.915400105729848867e-01,2.031842216797252743e-05
5.926354550370088736e-01,1.899126552114882490e-05
5.937308995010329715e-01,1.774759620667392665e-05
5.948263439650569584e-01,1.658238064005789969e-05
5.959217884290810563e-01,1.549087449997613530e-05
5.970172328931050432e-01,1.446860643658450684e-05
5.981126773571291411e-01,1.351136370478921657e-05
5.992081218211531279e-01,1.261517788419376786e-05
6.003035662851772258e-01,1.177631181120786102e-05
6.013990107492013237e-01,1.099124596207149929e-05
6.024944552132253106e-01,1.025666747219004385e-05
6.035898996772492975e-01,9.569458091572246292e-06
6.046853441412733954e-01,8.926683395439944280e-06
6.057807886052974933e-01,8.325582654951495332e-06
6.068762330693214802e-01,7.763559260216731703e-06
6.079716775333454670e-01,7.238170804819293439e-06
6.090671219973695649e-01,6.747121105969431710e-06
6.101625664613936628e-01,6.288251525523923570e-06
6.112580109254176497e-01,5.859533321974372952e-06
6.123534553894417476e-01,5.459060213328550051e-06
6.134488998534657345e-01,5.085041130952698118e-06
6.145443443174898324e-01,4.735793838154263682e-06
6.156397887815138192e-01,4.409738394650819926e-06
6.167352332455379171e-01,4.105391691032012912e-06
6.178306777095619040e-01,3.821361335238900970e-06
6.189261221735860019e-01,3.556340619445653054e-06
6.200215666376100998e-01,3.309103036333436856e-06
6.211170111016340867e-01,3.078498783367581141e-06
6.222124555656580736e-01,2.863448942622302250e-06
6.233079000296821714e-01,2.662941410858459025e-06
6.244033444937062693e-01,2.476027775606817950e-06
6.254987889577302562e-01,2.301818834962090150e-06
6.265942334217542431e-01,2.139481405294518655e-06
6.276896778857784520e-01,1.988234746353802189e-06
6.287851223498024389e-01,1.847347138428363384e-06
6.298805668138264258e-01,1.716133620055272451e-06
6.309760112778505237e-01,1.593952713362285518e-06
6.320714557418745105e-01,1.480203774800179702e-06
6.331669002058986084e-01,1.374324461413761642e-06
6.342623446699225953e-01,1.275788907537530943e-06
6.353577891339466932e-01,1.184104888195889251e-06
6.364532335979706801e-01,1.098811568950751921e-06
6.375486780619947780e-01,1.019478197531793905e-06
6.386441225260188759e-01,9.457024053184775526e-07
6.397395669900428627e-01,8.771073912561290611e-07
6.408350114540668496e-01,8.133411960693325584e-07
6.419304559180909475e-01,7.540749657960471089e-07
6.430259003821150454e-01,6.990013702130158614e-07
6.441213448461390323e-01,6.478333790709053662e-07
6.452167893101630192e-01,6.003026212429685161e-07
6.463122337741872281e-01,5.561590346158703651e-07
6.474076782382112150e-01,5.151686939984166843e-07
6.485031227022352018e-01,4.771134598106038233e-07
6.495985671662591887e-01,4.417898114662452525e-07
6.506940116302833976e-01,4.090077433410617862e-07
6.517894560943073845e-01,3.785899274522199888e-07
6.528849005583313714e-01,3.503709935040545721e-07
6.539803450223554693e-01,3.241971317207557137e-07
6.550757894863795672e-01,2.999244649636102988e-07
6.561712339504035540e-01,2.774192701848107348e-07
6.572666784144276519e-01,2.565564079030923987e-07
6.583621228784516388e-01,2.372196594217826863e-07
6.594575673424756257e-01,2.193010384527110176e-07
6.605530118064997236e-01,2.026993225336859305e-07
6.616484562705238215e-01,1.873206063635980913e-07
6.627439007345478084e-01,1.730773100182979182e-07
6.638393451985717952e-01,1.598884703929716910e-07
6.649347896625960042e-01,1.476779613515364060e-07
6.660302341266199910e-01,1.363753697103514397e-07
6.671256785906439779e-01,1.259151630722231727e-07
6.682211230546679648e-01,1.162363437945531511e-07
6.693165675186921737e-01,1.072820990684426271e-07
6.704120119827161606e-01,9.899981301359404140e-08
6.715074564467401474e-01,9.134063346425091268e-08
6.726029009107642453e-01,8.425874564473423055e-08
6.736983453747883432e-01,7.771189907629799377e-08
6.747937898388123301e-01,7.166070289427258342e-08
6.758892343028363170e-01,6.606894163266785266e-08
6.769846787668604149e-01,6.090252131677725512e-08
6.780801232308845128e-01,5.612999122422140760e-08
6.791755676949084997e-01,5.172217020056050041e-08
6.802710121589325976e-01,4.765174256500567037e-08
6.813664566229565844e-01,4.389396570898889875e-08
6.824619010869806823e-01,4.042517573675151329e-08
6.835573455510046692e-01,3.722362388526310957e-08
6.846527900150287671e-01,3.426962684772074632e-08
6.857482344790527540e-01,3.154432790224987640e-08
6.868436789430767409e-01,2.903066888454656782e-08
6.879391234071009498e-01,2.671233267149538893e-08
6.890345678711249366e-01,2.457463678640172319e-08
6.901300123351489235e-01,2.260417064908276332e-08
6.912254567991730214e-01,2.078778226185853885e-08
6.923209012631971193e-01,1.911398496492036224e-08
6.934163457272211062e-01,1.757180865162888026e-08
6.945117901912450931e-01,1.615110245586024433e-08
6.956072346552691910e-01,1.484248761714719411e-08
6.967026791192932889e-01,1.363758154241965984e-08
6.977981235833172757e-01,1.252832585540986896e-08
6.988935680473413736e-01,1.150712570811499132e-08
6.999890125113653605e-01,1.056709958928128104e-08
7.010844569753894584e-01,9.702413493371212053e-09
7.021799014394134453e-01,8.906536773268463591e-09
7.032753459034375432e-01,8.174815410514467597e-09
7.043707903674615300e-01,7.501547461322514839e-09
7.054662348314856279e-01,6.882616663712056927e-09
7.065616792955097258e-01,6.313741345765114615e-09
7.076571237595337127e-01,5.790694171178319768e-09
7.087525682235576996e-01,5.310104517498255898e-09
7.098480126875817975e-01,4.868413195995213678e-09
7.109434571516058954e-01,4.462786318401930274e-09
7.120389016156298823e-01,4.090260087761936382e-09
7.131343460796538691e-01,3.747851210521296926e-09
7.142297905436779670e-01,3.433810662343587755e-09
7.153252350077020649e-01,3.145428930417187667e-09
7.164206794717260518e-01,2.880565806438351629e-09
7.175161239357501497e-01,2.637682905207085856e-09
7.186115683997741366e-01,2.414867221593161832e-09
7.197070128637982345e-01,2.210502176920661723e-09
7.208024573278222213e-01,2.022932549393532836e-09
7.218979017918463192e-01,1.851140176381391347e-09
7.229933462558703061e-01,1.693536040402586390e-09
7.240887907198944040e-01,1.549142434997337801e-09
7.251842351839185019e-01,1.416692345696727404e-09
7.262796796479424888e-01,1.295392357525468082e-09
7.273751241119664757e-01,1.184216850579079058e-09
7.284705685759905736e-01,1.082474713228583722e-09
7.295660130400146715e-01,9.892426295116754960e-10
7.306614575040386583e-01,9.037624681106610935e-10
7.317569019680626452e-01,8.255282291718164477e-10
7.328523464320868541e-01,7.541450127726596045e-10
7.339477908961108410e-01,6.886425844575240449e-10
7.350432353601348279e-01,6.287043252079217149e-10
7.361386798241589258e-01,5.740689933218731872e-10
7.372341242881830237e-01,5.239270557756022631e-10
7.383295687522070105e-01,4.779537451507674426e-10
7.394250132162309974e-01,4.360819002335426001e-10
7.405204576802550953e-01,3.978970906454618057e-10
7.416159021442790822e-01,3.630112386778556154e-10
7.427113466083031801e-01,3.308599599948913953e-10
7.438067910723272780e-01,3.017752040889782815e-10
7.449022355363512649e-01,2.750443568149397564e-10
7.459976800003752517e-01,2.506491680595053502e-10
7.470931244643993496e-01,2.283962879945132177e-10
7.481885689284234475e-01,2.079451719904789909e-10
7.492840133924474344e-01,1.895380201988398920e-10
7.503794578564714213e-01,1.724813310425322905e-10
7.514749023204956302e-01,1.571625594962778270e-10
7.525703467845196171e-01,1.432077825987400959e-10
7.536657912485436039e-01,1.302702496741386683e-10
7.547612357125677018e-01,1.185902637786213666e-10
7.558566801765917997e-01,1.080555162707023091e-10
7.569521246406157866e-01,9.819850174936455430e-11
7.580475691046397735e-01,8.937734718535026888e-11
7.591430135686638714e-01,8.109302280242100390e-11
7.602384580326879693e-01,7.370404306968457939e-11
7.613339024967119562e-01,6.715498590269313978e-11
7.624293469607360541e-01,6.118178071504463117e-11
7.635247914247600409e-01,5.548900518886832809e-11
7.646202358887841388e-01,5.031670277611476264e-11
7.657156803528081257e-01,4.584652155332014031e-11
7.668111248168322236e-01,4.157275364333935089e-11
7.679065692808562105e-01,3.779603461450951038e-11
7.690020137448801973e-01,3.424841636708068825e-11
7.700974582089044063e-01,3.117140669217726416e-11
7.711929026729283931e-01,2.814564134634932923e-11
7.722883471369523800e-01,2.544268725905550819e-11
7.733837916009764779e-01,2.333566198492348979e-11
7.744792360650005758e-01,2.113182533254639313e-11
7.755746805290245627e-01,1.907298644919629252e-11
7.766701249930485496e-01,1.758423868999710504e-11
7.777655694570726475e-01,1.572685478533697048e-11
7.788610139210967453e-01,1.407695639018688555e-11
7.799564583851207322e-01,1.293991670875287443e-11
7.810519028491448301e-01,1.152519413043638613e-11
7.821473473131688170e-01,1.080868187847320398e-11
7.832427917771929149e-01,9.753765415092694764e-12
7.843382362412169018e-01,8.695834053566882400e-12
7.854336807052409997e-01,8.002834262327454261e-12
7.865291251692649865e-01,7.062211151868100487e-12
7.876245696332890844e-01,6.518646153276812278e-12
7.887200140973131823e-01,5.850365115427495431e-12
7.898154585613371692e-01,5.396030356367007670e-12
7.909109030253611561e-01,4.724260930236179328e-12
7.920063474893852540e-01,4.297961324680780129e-12
7.931017919534093519e-01,3.932383185775942421e-12
7.941972364174333388e-01,3.689798324662537504e-12
7.952926808814573256e-01,3.229176028892869792e-12
7.963881253454814235e-01,2.922726003962310366e-12
7.974835698095055214e-01,2.553142945260715381e-12
7.985790142735295083e-01,2.587852746481358353e-12
7.996744587375536062e-01,2.247984530062680247e-12
8.007699032015775931e-01,2.094759382281721717e-12
8.018653476656016910e-01,1.847179250606924168e-12
8.029607921296256778e-01,1.442154271653074481e-12
8.040562365936497757e-01,1.475529100980560981e-12
8.051516810576737626e-01,1.163179804458365150e-12
8.062471255216978605e-01,1.164772849567600547e-12
8.073425699857219584e-01,8.511318543738635853e-13
8.084380144497459453e-01,9.154272298050690366e-13
8.095334589137699322e-01,8.218472560388735671e-13
8.106289033777940300e-01,7.596615110231861272e-13
8.117243478418181279e-01,5.388254641482469782e-13
8.128197923058421148e-01,6.665120193297222505e-13
8.139152367698661017e-01,4.131623484202600405e-13
8.150106812338903106e-01,5.728458619337642374e-13
8.161061256979142975e-01,4.142816675995939504e-13
8.172015701619382844e-01,4.148413170667905797e-13
8.182970146259623823e-01,3.195391998734428932e-13
8.193924590899864802e-01,1.599848445933225344e-13
8.204879035540104670e-01,3.524401907442151538e-13
8.215833480180344539e-01,1.604153262765089324e-13
8.226787924820585518e-01,4.176394646606021903e-13
8.237742369460825387e-01,9.650747872751025550e-14
8.248696814101066366e-01,4.187586778303355054e-13
8.259651258741307345e-01,3.225525190225286113e-13
8.270605703381547213e-01,6.459659464888859901e-14
8.281560148021787082e-01,2.910720803057840649e-13
8.292514592662028061e-01,3.562282537018632475e-13
8.303469037302269040e-01,1.297097226359692581e-13
8.314423481942508909e-01,1.298818965411266578e-13
8.325377926582748778e-01,2.275946199214262669e-13
8.336332371222990867e-01,6.511311930123930975e-14
8.347286815863230736e-01,6.519920338959927983e-14
8.358241260503470604e-01,9.792792980012728365e-14
8.369195705143711583e-01,1.961141062131952408e-13
8.380150149783952562e-01,0.000000000000000000e+00
8.391104594424192431e-01,0.000000000000000000e+00
8.402059039064432300e-01,0.000000000000000000e+00
8.413013483704673279e-01,0.000000000000000000e+00
8.423967928344914258e-01,0.000000000000000000e+00
8.434922372985154126e-01,0.000000000000000000e+00
8.445876817625395105e-01,0.000000000000000000e+00
8.456831262265634974e-01,0.000000000000000000e+00
8.467785706905875953e-01,0.000000000000000000e+00
8.478740151546115822e-01,0.000000000000000000e+00
8.489694596186356801e-01,0.000000000000000000e+00
8.500649040826596670e-01,0.000000000000000000e+00
8.511603485466836538e-01,0.000000000000000000e+00
8.522557930107078628e-01,0.000000000000000000e+00
8.533512374747318496e-01,0.000000000000000000e+00
8.544466819387558365e-01,0.000000000000000000e+00
8.555421264027798234e-01,0.000000000000000000e+00
8.566375708668040323e-01,0.000000000000000000e+00
8.577330153308280192e-01,0.000000000000000000e+00
8.588284597948520060e-01,0.000000000000000000e+00
8.599239042588761039e-01,0.000000000000000000e+00
8.610193487229002018e-01,0.000000000000000000e+00
8.621147931869241887e-01,0.000000000000000000e+00
8.632102376509482866e-01,0.000000000000000000e+00
8.643056821149722735e-01,0.000000000000000000e+00
8.654011265789963714e-01,0.000000000000000000e+00
8.664965710430203583e-01,0.000000000000000000e+00
8.675920155070444562e-01,0.000000000000000000e+00
8.686874599710684430e-01,0.000000000000000000e+00
8.697829044350925409e-01,0.000000000000000000e+00
8.708783488991166388e-01,0.000000000000000000e+00
8.719737933631406257e-01,0.000000000000000000e+00
8.730692378271646126e-01,0.000000000000000000e+00
8.741646822911887105e-01,0.000000000000000000e+00
8.752601267552128084e-01,0.000000000000000000e+00
8.763555712192367952e-01,0.000000000000000000e+00
8.774510156832607821e-01,0.000000000000000000e+00
8.785464601472848800e-01,0.000000000000000000e+00
8.796419046113088669e-01,0.000000000000000000e+00
8.807373490753328538e-01,0.000000000000000000e+00
8.818327935393570627e-01,0.000000000000000000e+00
8.829282380033811606e-01,0.000000000000000000e+00
8.840236824674051475e-01,0.000000000000000000e+00
8.851191269314291343e-01,0.000000000000000000e+00
8.862145713954532322e-01,0.000000000000000000e+00
8.873100158594772191e-01,0.000000000000000000e+00
8.884054603235012060e-01,0.000000000000000000e+00
8.895009047875253039e-01,0.000000000000000000e+00
8.905963492515495128e-01,0.000000000000000000e+00
8.916917937155734997e-01,0.000000000000000000e+00
8.927872381795974865e-01,0.000000000000000000e+00
8.938826826436215844e-01,0.000000000000000000e+00
8.949781271076455713e-01,0.000000000000000000e+00
8.960735715716695582e-01,0.000000000000000000e+00
8.971690160356936561e-01,0.000000000000000000e+00
8.982644604997176430e-01,0.000000000000000000e+00
8.993599049637418519e-01,0.000000000000000000e+00
9.004553494277658388e-01,0.000000000000000000e+00
9.015507938917899367e-01,0.000000000000000000e+00
9.026462383558139235e-01,0.000000000000000000e+00
9.037416828198379104e-01,0.000000000000000000e+00
9.048371272838620083e-01,0.000000000000000000e+00
9.059325717478859952e-01,0.000000000000000000e+00
9.070280162119099820e-01,0.000000000000000000e+00
9.081234606759340799e-01,0.000000000000000000e+00
9.092189051399582889e-01,0.000000000000000000e+00
9.103143496039822757e-01,0.000000000000000000e+00
9.114097940680062626e-01,0.000000000000000000e+00
9.125052385320303605e-01,0.000000000000000000e+00
9.136006829960543474e-01,0.000000000000000000e+00
9.146961274600783343e-01,0.000000000000000000e+00
9.157915719241024322e-01,0.000000000000000000e+00
9.168870163881264190e-01,0.000000000000000000e+00
9.179824608521506280e-01,0.000000000000000000e+00
9.190779053161746148e-01,0.000000000000000000e+00
9.201733497801987127e-01,0.000000000000000000e+00
9.212687942442226996e-01,0.000000000000000000e+00
9.223642387082466865e-01,0.000000000000000000e+00
9.234596831722707844e-01,0.000000000000000000e+00
9.245551276362947712e-01,0.000000000000000000e+00
9.256505721003187581e-01,0.000000000000000000e+00
9.267460165643429670e-01,0.000000000000000000e+00
9.278414610283670649e-01,0.000000000000000000e+00
9.289369054923910518e-01,0.000000000000000000e+00
9.300323499564150387e-01,0.000000000000000000e+00
9.311277944204391366e-01,0.000000000000000000e+00
9.322232388844631235e-01,0.000000000000000000e+00
9.333186833484871103e-01,0.000000000000000000e+00
9.344141278125112082e-01,0.000000000000000000e+00
9.355095722765351951e-01,0.000000000000000000e+00
9.366050167405594040e-01,0.000000000000000000e+00
9.377004612045833909e-01,0.000000000000000000e+00
9.387959056686074888e-01,0.000000000000000000e+00
9.398913501326314757e-01,0.000000000000000000e+00
9.409867945966554625e-01,0.000000000000000000e+00
9.420822390606795604e-01,0.000000000000000000e+00
9.431776835247035473e-01,0.000000000000000000e+00
9.442731279887275342e-01,0.000000000000000000e+00
9.453685724527517431e-01,0.000000000000000000e+00
9.464640169167758410e-01,0.000000000000000000e+00
9.475594613807998279e-01,0.000000000000000000e+00
9.486549058448238148e-01,0.000000000000000000e+00
9.497503503088479127e-01,0.000000000000000000e+00
9.508457947728718995e-01,0.000000000000000000e+00
9.519412392368958864e-01,0.000000000000000000e+00
9.530366837009199843e-01,0.000000000000000000e+00
9.541321281649441932e-01,0.000000000000000000e+00
9.552275726289681801e-01,0.000000000000000000e+00
9.563230170929921670e-01,0.000000000000000000e+00
9.574184615570162649e-01,0.000000000000000000e+00
9.585139060210402517e-01,0.000000000000000000e+00
9.596093504850642386e-01,0.000000000000000000e+00
9.607047949490883365e-01,0.000000000000000000e+00
9.618002394131123234e-01,0.000000000000000000e+00
9.628956838771363103e-01,0.000000000000000000e+00
9.639911283411605192e-01,0.000000000000000000e+00
9.650865728051846171e-01,0.000000000000000000e+00
9.661820172692086039e-01,0.000000000000000000e+00
9.672774617332325908e-01,0.000000000000000000e+00
9.683729061972566887e-01,0.000000000000000000e+00
9.694683506612806756e-01,0.000000000000000000e+00
9.705637951253046625e-01,0.000000000000000000e+00
9.716592395893287604e-01,0.000000000000000000e+00
9.727546840533529693e-01,0.000000000000000000e+00
9.738501285173769562e-01,0.000000000000000000e+00
9.749455729814009430e-01,0.000000000000000000e+00
9.760410174454250409e-01,0.000000000000000000e+00
9.771364619094490278e-01,0.000000000000000000e+00
9.782319063734730147e-01,0.000000000000000000e+00
9.793273508374971126e-01,0.000000000000000000e+00
9.804227953015210995e-01,0.000000000000000000e+00
9.815182397655453084e-01,0.000000000000000000e+00
9.826136842295692952e-01,0.000000000000000000e+00
9.837091286935933931e-01,0.000000000000000000e+00
9.848045731576173800e-01,0.000000000000000000e+00
9.859000176216413669e-01,0.000000000000000000e+00
9.869954620856654648e-01,0.000000000000000000e+00
9.880909065496894517e-01,0.000000000000000000e+00
9.891863510137134385e-01,0.000000000000000000e+00
9.902817954777375364e-01,0.000000000000000000e+00
9.913772399417617454e-01,0.000000000000000000e+00
9.924726844057857322e-01,0.000000000000000000e+00
9.935681288698097191e-01,0.000000000000000000e+00
9.946635733338338170e-01,0.000000000000000000e+00
9.957590177978578039e-01,0.000000000000000000e+00
9.968544622618817908e-01,0.000000000000000000e+00
9.979499067259058886e-01,0.000000000000000000e+00
9.990453511899298755e-01,0.000000000000000000e+00
1.000140795653954084e+00,0.000000000000000000e+00
1.001236240117978182e+00,0.000000000000000000e+00
1.002331684582002058e+00,0.000000000000000000e+00
1.003427129046026156e+00,0.000000000000000000e+00
1.004522573510050254e+00,0.000000000000000000e+00
1.005618017974074130e+00,0.000000000000000000e+00
1.006713462438098228e+00,0.000000000000000000e+00
1.007808906902122326e+00,0.000000000000000000e+00
1.008904351366146424e+00,0.000000000000000000e+00
1.009999795830170521e+00,0.000000000000000000e+00
1.011095240294194397e+00,0.000000000000000000e+00
1.012190684758218495e+00,0.000000000000000000e+00
1.013286129222242593e+00,0.000000000000000000e+00
1.014381573686266469e+00,0.000000000000000000e+00
1.015477018150290567e+00,0.000000000000000000e+00
1.016572462614314665e+00,0.000000000000000000e+00
1.017667907078338541e+00,0.000000000000000000e+00
1.018763351542362861e+00,0.000000000000000000e+00
1.019858796006386958e+00,0.000000000000000000e+00
1.020954240470410834e+00,0.000000000000000000e+00
1.022049684934434932e+00,0.000000000000000000e+00
1.023145129398459030e+00,0.000000000000000000e+00
1.024240573862482906e+00,0.000000000000000000e+00
1.025336018326507004e+00,0.000000000000000000e+00
1.026431462790531102e+00,0.000000000000000000e+00
1.027526907254555200e+00,0.000000000000000000e+00
1.028622351718579297e+00,0.000000000000000000e+00
1.029717796182603173e+00,0.000000000000000000e+00
1.030813240646627271e+00,0.000000000000000000e+00
1.031908685110651369e+00,0.000000000000000000e+00
1.033004129574675245e+00,0.000000000000000000e+00
1.034099574038699343e+00,0.000000000000000000e+00
1.035195018502723441e+00,0.000000000000000000e+00
1.036290462966747539e+00,0.000000000000000000e+00
1.037385907430771637e+00,0.000000000000000000e+00
1.038481351894795734e+00,0.000000000000000000e+00
1.039576796358819610e+00,0.000000000000000000e+00
1.040672240822843708e+00,0.000000000000000000e+00
1.041767685286867806e+00,0.000000000000000000e+00
1.042863129750891682e+00,0.000000000000000000e+00
1.043958574214915780e+00,0.000000000000000000e+00
1.045054018678939878e+00,0.000000000000000000e+00
1.046149463142963976e+00,0.000000000000000000e+00
1.047244907606988074e+00,0.000000000000000000e+00
1.048340352071011949e+00,0.000000000000000000e+00
1.049435796535036047e+00,0.000000000000000000e+00
1.050531240999060145e+00,0.000000000000000000e+00
1.051626685463084021e+00,0.000000000000000000e+00
1.052722129927108119e+00,0.000000000000000000e+00
1.053817574391132217e+00,0.000000000000000000e+00
1.054913018855156315e+00,0.000000000000000000e+00
1.056008463319180413e+00,0.000000000000000000e+00
1.057103907783204511e+00,0.000000000000000000e+00
1.058199352247228386e+00,0.000000000000000000e+00
1.059294796711252484e+00,0.000000000000000000e+00
1.060390241175276582e+00,0.000000000000000000e+00
1.061485685639300458e+00,0.000000000000000000e+00
1.062581130103324556e+00,0.000000000000000000e+00
1.063676574567348654e+00,0.000000000000000000e+00
1.064772019031372752e+00,0.000000000000000000e+00
1.065867463495396850e+00,0.000000000000000000e+00
1.066962907959420725e+00,0.000000000000000000e+00
1.068058352423444823e+00,0.000000000000000000e+00
1.069153796887468921e+00,0.000000000000000000e+00
1.070249241351492797e+00,0.000000000000000000e+00
1.071344685815516895e+00,0.000000000000000000e+00
1.072440130279540993e+00,0.000000000000000000e+00
1.073535574743565091e+00,0.000000000000000000e+00
1.074631019207589189e+00,0.000000000000000000e+00
1.075726463671613287e+00,0.000000000000000000e+00
1.076821908135637162e+00,0.000000000000000000e+00
1.077917352599661260e+00,0.000000000000000000e+00
1.079012797063685358e+00,0.000000000000000000e+00
1.080108241527709234e+00,0.000000000000000000e+00
1.081203685991733332e+00,0.000000000000000000e+00
1.082299130455757430e+00,0.000000000000000000e+00
1.083394574919781528e+00,0.000000000000000000e+00
1.084490019383805626e+00,0.000000000000000000e+00
1.085585463847829502e+00,0.000000000000000000e+00
1.086680908311853599e+00,0.000000000000000000e+00
1.087776352775877697e+00,0.000000000000000000e+00
1.088871797239901573e+00,0.000000000000000000e+00
1.089967241703925671e+00,0.000000000000000000e+00
1.091062686167949991e+00,0.000000000000000000e+00
1.092158130631973867e+00,0.000000000000000000e+00
1.093253575095997965e+00,0.000000000000000000e+00
1.094349019560022063e+00,0.000000000000000000e+00
1.095444464024045939e+00,0.000000000000000000e+00
1.096539908488070036e+00,0.000000000000000000e+00
1.097635352952094134e+00,0.000000000000000000e+00
1.098730797416118010e+00,0.000000000000000000e+00
1.099826241880142108e+00,0.000000000000000000e+00
1.100921686344166206e+00,0.000000000000000000e+00
1.102017130808190304e+00,0.000000000000000000e+00
1.103112575272214402e+00,0.000000000000000000e+00
1.104208019736238278e+00,0.000000000000000000e+00
1.105303464200262376e+00,0.000000000000000000e+00
1.106398908664286473e+00,0.000000000000000000e+00
1.107494353128310349e+00,0.000000000000000000e+00
1.108589797592334447e+00,0.000000000000000000e+00
1.109685242056358767e+00,0.000000000000000000e+00
1.110780686520382643e+00,0.000000000000000000e+00
1.111876130984406741e+00,0.000000000000000000e+00
1.112971575448430839e+00,0.000000000000000000e+00
1.114067019912454715e+00,0.000000000000000000e+00
1.115162464376478813e+00,0.000000000000000000e+00
1.116257908840502910e+00,0.000000000000000000e+00
1.117353353304526786e+00,0.000000000000000000e+00
1.118448797768551106e+00,0.000000000000000000e+00
1.119544242232574982e+00,0.000000000000000000e+00
1.120639686696599080e+00,0.000000000000000000e+00
1.121735131160623178e+00,0.000000000000000000e+00
1.122830575624647054e+00,0.000000000000000000e+00
1.123926020088671152e+00,0.000000000000000000e+00
1.125021464552695249e+00,0.000000000000000000e+00
1.126116909016719125e+00,0.000000000000000000e+00
1.127212353480743223e+00,0.000000000000000000e+00
1.128307797944767543e+00,0.000000000000000000e+00
1.129403242408791419e+00,0.000000000000000000e+00
1.130498686872815517e+00,0.000000000000000000e+00
1.131594131336839615e+00,0.000000000000000000e+00
1.132689575800863491e+00,0.000000000000000000e+00
1.133785020264887589e+00,0.000000000000000000e+00
1.134880464728911686e+00,0.000000000000000000e+00
1.135975909192935562e+00,0.000000000000000000e+00
1.137071353656959882e+00,0.000000000000000000e+00
1.138166798120983758e+00,0.000000000000000000e+00
1.139262242585007856e+00,0.000000000000000000e+00
1.140357687049031954e+00,0.000000000000000000e+00
1.141453131513055830e+00,0.000000000000000000e+00
1.142548575977079928e+00,0.000000000000000000e+00
1.143644020441104026e+00,0.000000000000000000e+00
1.144739464905127901e+00,0.000000000000000000e+00
1.145834909369152221e+00,0.000000000000000000e+00
1.146930353833176319e+00,0.000000000000000000e+00
1.148025798297200195e+00,0.000000000000000000e+00
1.149121242761224293e+00,0.000000000000000000e+00
1.150216687225248391e+00,0.000000000000000000e+00
1.151312131689272267e+00,0.000000000000000000e+00
1.152407576153296365e+00,0.000000000000000000e+00
1.153503020617320463e+00,0.000000000000000000e+00
1.154598465081344338e+00,0.000000000000000000e+00
1.155693909545368658e+00,0.000000000000000000e+00
1.156789354009392534e+00,0.000000000000000000e+00
1.157884798473416632e+00,0.000000000000000000e+00
1.158980242937440730e+00,0.000000000000000000e+00
1.160075687401464606e+00,0.000000000000000000e+00
1.161171131865488704e+00,0.000000000000000000e+00
1.162266576329512802e+00,0.000000000000000000e+00
1.163362020793536677e+00,0.000000000000000000e+00
1.164457465257560997e+00,0.000000000000000000e+00
1.165552909721585095e+00,0.000000000000000000e+00
1.166648354185608971e+00,0.000000000000000000e+00
1.167743798649633069e+00,0.000000000000000000e+00
1.168839243113657167e+00,0.000000000000000000e+00
1.169934687577681043e+00,0.000000000000000000e+00
1.171030132041705141e+00,0.000000000000000000e+00
1.172125576505729239e+00,0.000000000000000000e+00
1.173221020969753337e+00,0.000000000000000000e+00
1.174316465433777434e+00,0.000000000000000000e+00
1.175411909897801310e+00,0.000000000000000000e+00
1.176507354361825408e+00,0.000000000000000000e+00
1.177602798825849506e+00,0.000000000000000000e+00
1.178698243289873382e+00,0.000000000000000000e+00
1.179793687753897480e+00,0.000000000000000000e+00
1.180889132217921578e+00,0.000000000000000000e+00
1.181984576681945454e+00,0.000000000000000000e+00
1.183080021145969773e+00,0.000000000000000000e+00
1.184175465609993871e+00,0.000000000000000000e+00
1.185270910074017747e+00,0.000000000000000000e+00
1.186366354538041845e+00,0.000000000000000000e+00
1.187461799002065943e+00,0.000000000000000000e+00
1.188557243466089819e+00,0.000000000000000000e+00
1.189652687930113917e+00,0.000000000000000000e+00
1.190748132394138015e+00,0.000000000000000000e+00
1.191843576858162113e+00,0.000000000000000000e+00
1.192939021322186210e+00,0.000000000000000000e+00
1.194034465786210086e+00,0.000000000000000000e+00
1.195129910250234184e+00,0.000000000000000000e+00
1.196225354714258282e+00,0.000000000000000000e+00
1.197320799178282158e+00,0.000000000000000000e+00
1.198416243642306256e+00,0.000000000000000000e+00
1.199511688106330354e+00,0.000000000000000000e+00
1.200607132570354452e+00,0.000000000000000000e+00
1.201702577034378550e+00,0.000000000000000000e+00
1.202798021498402647e+00,0.000000000000000000e+00
1.203893465962426523e+00,0.000000000000000000e+00
1.204988910426450621e+00,0.000000000000000000e+00
1.206084354890474719e+00,0.000000000000000000e+00
1.207179799354498595e+00,0.000000000000000000e+00
1.208275243818522693e+00,0.000000000000000000e+00
1.209370688282546791e+00,0.000000000000000000e+00
1.210466132746570889e+00,0.000000000000000000e+00
1.211561577210594987e+00,0.000000000000000000e+00
1.212657021674618862e+00,0.000000000000000000e+00
1.213752466138642960e+00,0.000000000000000000e+00
1.214847910602667058e+00,0.000000000000000000e+00
1.215943355066690934e+00,0.000000000000000000e+00
1.217038799530715032e+00,0.000000000000000000e+00
1.218134243994739130e+00,0.000000000000000000e+00
1.219229688458763228e+00,0.000000000000000000e+00
1.220325132922787326e+00,0.000000000000000000e+00
1.221420577386811424e+00,0.000000000000000000e+00
1.222516021850835299e+00,0.000000000000000000e+00
1.223611466314859397e+00,0.000000000000000000e+00
1.224706910778883495e+00,0.000000000000000000e+00
1.225802355242907371e+00,0.000000000000000000e+00
1.226897799706931469e+00,0.000000000000000000e+00
1.227993244170955567e+00,0.000000000000000000e+00
1.229088688634979665e+00,0.000000000000000000e+00
1.230184133099003763e+00,0.000000000000000000e+00
1.231279577563027638e+00,0.000000000000000000e+00
1.232375022027051736e+00,0.000000000000000000e+00
1.233470466491075834e+00,0.000000000000000000e+00
1.234565910955099710e+00,0.000000000000000000e+00
1.235661355419123808e+00,0.000000000000000000e+00
1.236756799883147906e+00,0.000000000000000000e+00
1.237852244347172004e+00,0.000000000000000000e+00
1.238947688811196102e+00,0.000000000000000000e+00
1.240043133275220200e+00,0.000000000000000000e+00
1.241138577739244075e+00,0.000000000000000000e+00
1.242234022203268173e+00,0.000000000000000000e+00
1.243329466667292271e+00,0.000000000000000000e+00
1.244424911131316147e+00,0.000000000000000000e+00
1.245520355595340245e+00,0.000000000000000000e+00
1.246615800059364343e+00,0.000000000000000000e+00
1.247711244523388441e+00,0.000000000000000000e+00
1.248806688987412539e+00,0.000000000000000000e+00
1.249902133451436415e+00,0.000000000000000000e+00
1.250997577915460512e+00,0.000000000000000000e+00
1.252093022379484610e+00,0.000000000000000000e+00
1.253188466843508486e+00,0.000000000000000000e+00
1.254283911307532584e+00,0.000000000000000000e+00
1.255379355771556904e+00,0.000000000000000000e+00
1.256474800235580780e+00,0.000000000000000000e+00
1.257570244699604878e+00,0.000000000000000000e+00
1.258665689163628976e+00,0.000000000000000000e+00
1.259761133627652852e+00,0.000000000000000000e+00
1.260856578091676949e+00,0.000000000000000000e+00
1.261952022555701047e+00,0.000000000000000000e+00
1.263047467019724923e+00,0.000000000000000000e+00
1.264142911483749021e+00,0.000000000000000000e+00
1.265238355947773119e+00,0.000000000000000000e+00
1.266333800411797217e+00,0.000000000000000000e+00
1.267429244875821315e+00,0.000000000000000000e+00
1.268524689339845191e+00,0.000000000000000000e+00
1.269620133803869289e+00,0.000000000000000000e+00
1.270715578267893386e+00,0.000000000000000000e+00
1.271811022731917262e+00,0.000000000000000000e+00
1.272906467195941360e+00,0.000000000000000000e+00
1.274001911659965680e+00,0.000000000000000000e+00
1.275097356123989556e+00,0.000000000000000000e+00
1.276192800588013654e+00,0.000000000000000000e+00
1.277288245052037752e+00,0.000000000000000000e+00
1.278383689516061628e+00,0.000000000000000000e+00
1.279479133980085725e+00,0.000000000000000000e+00
1.280574578444109823e+00,0.000000000000000000e+00
1.281670022908133699e+00,0.000000000000000000e+00
1.282765467372158019e+00,0.000000000000000000e+00
1.283860911836181895e+00,0.000000000000000000e+00
1.284956356300205993e+00,0.000000000000000000e+00
1.286051800764230091e+00,0.000000000000000000e+00
1.287147245228253967e+00,0.000000000000000000e+00
1.288242689692278065e+00,0.000000000000000000e+00
1.289338134156302162e+00,0.000000000000000000e+00
1.290433578620326038e+00,0.000000000000000000e+00
1.291529023084350136e+00,0.000000000000000000e+00
1.292624467548374456e+00,0.000000000000000000e+00
1.293719912012398332e+00,0.000000000000000000e+00
1.294815356476422430e+00,0.000000000000000000e+00
1.295910800940446528e+00,0.000000000000000000e+00
1.297006245404470404e+00,0.000000000000000000e+00
1.298101689868494502e+00,0.000000000000000000e+00
1.299197134332518377e+00,0.000000000000000000e+00
1.300292578796542475e+00,0.000000000000000000e+00
1.301388023260566795e+00,0.000000000000000000e+00
1.302483467724590671e+00,0.000000000000000000e+00
1.303578912188614769e+00,0.000000000000000000e+00
1.304674356652638867e+00,0.000000000000000000e+00
1.305769801116662743e+00,0.000000000000000000e+00
1.306865245580686841e+00,0.000000000000000000e+00
1.307960690044710939e+00,0.000000000000000000e+00
1.309056134508734814e+00,0.000000000000000000e+00
1.310151578972759134e+00,0.000000000000000000e+00
1.311247023436783232e+00,0.000000000000000000e+00
1.312342467900807108e+00,0.000000000000000000e+00
1.313437912364831206e+00,0.000000000000000000e+00
1.314533356828855304e+00,0.000000000000000000e+00
1.315628801292879180e+00,0.000000000000000000e+00
1.316724245756903278e+00,0.000000000000000000e+00
1.317819690220927153e+00,0.000000000000000000e+00
1.318915134684951251e+00,0.000000000000000000e+00
1.320010579148975571e+00,0.000000000000000000e+00
1.321106023612999447e+00,0.000000000000000000e+00
1.322201468077023545e+00,0.000000000000000000e+00
1.323296912541047643e+00,0.000000000000000000e+00
1.324392357005071519e+00,0.000000000000000000e+00
1.325487801469095617e+00,0.000000000000000000e+00
1.326583245933119715e+00,0.000000000000000000e+00
1.327678690397143590e+00,0.000000000000000000e+00
1.328774134861167910e+00,0.000000000000000000e+00
1.329869579325192008e+00,0.000000000000000000e+00
1.330965023789215884e+00,0.000000000000000000e+00
1.332060468253239982e+00,0.000000000000000000e+00
1.333155912717263858e+00,0.000000000000000000e+00
1.334251357181287956e+00,0.000000000000000000e+00
1.335346801645312054e+00,0.000000000000000000e+00
1.336442246109335930e+00,0.000000000000000000e+00
1.337537690573360250e+00,0.000000000000000000e+00
1.338633135037384347e+00,0.000000000000000000e+00
1.339728579501408223e+00,0.000000000000000000e+00
1.340824023965432321e+00,0.000000000000000000e+00
1.341919468429456419e+00,0.000000000000000000e+00
1.343014912893480295e+00,0.000000000000000000e+00
1.344110357357504393e+00,0.000000000000000000e+00
1.345205801821528491e+00,0.000000000000000000e+00
1.346301246285552367e+00,0.000000000000000000e+00
1.347396690749576686e+00,0.000000000000000000e+00
1.348492135213600562e+00,0.000000000000000000e+00
1.349587579677624660e+00,0.000000000000000000e+00
1.350683024141648758e+00,0.000000000000000000e+00
1.351778468605672634e+00,0.000000000000000000e+00
1.352873913069696732e+00,0.000000000000000000e+00
1.353969357533720830e+00,0.000000000000000000e+00
1.355064801997744706e+00,0.000000000000000000e+00
1.356160246461769026e+00,0.000000000000000000e+00
1.357255690925793123e+00,0.000000000000000000e+00
1.358351135389816999e+00,0.000000000000000000e+00
1.359446579853841097e+00,0.000000000000000000e+00
1.360542024317865195e+00,0.000000000000000000e+00
1.361637468781889071e+00,0.000000000000000000e+00
1.362732913245913169e+00,0.000000000000000000e+00
1.363828357709937267e+00,0.000000000000000000e+00
1.364923802173961365e+00,0.000000000000000000e+00
1.366019246637985463e+00,0.000000000000000000e+00
1.367114691102009338e+00,0.000000000000000000e+00
1.368210135566033436e+00,0.000000000000000000e+00
1.369305580030057534e+00,0.000000000000000000e+00
