# omega(Hartree), S(1/Hartree)
1.095444464024046072e-03,9.057130322484705509e-01
2.190888928048092144e-03,9.326502461269658983e-01
3.286333392072138000e-03,9.601107378357163213e-01
4.381777856096184288e-03,9.880938778598575833e-01
5.477222320120230144e-03,1.016598601703540439e+00
6.572666784144275999e-03,1.045623402816234337e+00
7.668111248168322722e-03,1.075166326117320104e+00
8.763555712192368577e-03,1.105224962141095446e+00
9.859000176216414432e-03,1.135796441823623937e+00
1.095444464024046029e-02,1.166877431950434918e+00
1.204988910426450614e-02,1.198464131283034639e+00
1.314533356828855200e-02,1.230552267380353948e+00
1.424077803231259785e-02,1.263137094129386684e+00
1.533622249633664544e-02,1.296213389997501686e+00
1.643166696036068783e-02,1.329775457016971973e+00
1.752711142438473715e-02,1.363817120510253833e+00
1.862255588840878301e-02,1.398331729562554804e+00
1.971800035243282886e-02,1.433312158246405676e+00
2.081344481645687472e-02,1.468750807600219144e+00
2.190888928048092057e-02,1.504639608361558745e+00
2.300433374450496643e-02,1.540970024453057530e+00
2.409977820852901229e-02,1.577733057217294510e+00
2.519522267255305814e-02,1.614919250394245998e+00
2.629066713657710400e-02,1.652518695833538498e+00
2.738611160060114985e-02,1.690521039931180747e+00
2.848155606462519571e-02,1.728915490778653696e+00
2.957700052864924503e-02,1.767690826009814753e+00
3.067244499267329089e-02,1.806835401330185498e+00
3.176788945669733327e-02,1.846337159710043085e+00
3.286333392072137566e-02,1.886183641221754081e+00
3.395877838474542498e-02,1.926361993500064873e+00
3.505422284876947431e-02,1.966858982802027311e+00
3.614966731279351669e-02,2.007661005642053187e+00
3.724511177681756602e-02,2.048754100975979764e+00
3.834055624084160840e-02,2.090123962906870414e+00
3.943600070486565773e-02,2.131755953883990973e+00
4.053144516888970011e-02,2.173635118364974694e+00
4.162688963291374944e-02,2.215746196911003718e+00
4.272233409693779183e-02,2.258073640683043948e+00
4.381777856096184115e-02,2.300601626307054115e+00
4.491322302498588354e-02,2.343314071075334404e+00
4.600866748900993286e-02,2.386194648450551625e+00
4.710411195303397525e-02,2.429226803838602677e+00
4.819955641705802457e-02,2.472393770596716500e+00
4.929500088108207390e-02,2.515678586242192871e+00
5.039044534510611628e-02,2.559064108828210671e+00
5.148588980913015867e-02,2.602533033452175459e+00
5.258133427315420799e-02,2.646067908863534601e+00
5.367677873717825038e-02,2.689651154137048916e+00
5.477222320120229970e-02,2.733265075379045506e+00
5.586766766522634903e-02,2.776891882434027625e+00
5.696311212925039141e-02,2.820513705560107276e+00
5.805855659327444074e-02,2.864112612042112094e+00
5.915400105729849006e-02,2.907670622712501984e+00
6.024944552132253245e-02,2.951169728350547139e+00
6.134488998534658177e-02,2.994591905931856424e+00
6.244033444937061722e-02,3.037919134700790558e+00
6.353577891339466654e-02,3.081133412040008235e+00
6.463122337741870893e-02,3.124216769111977321e+00
6.572666784144275132e-02,3.167151286248881537e+00
6.682211230546680758e-02,3.209919108068528981e+00
6.791755676949084997e-02,3.252502458295141619e+00
6.901300123351489235e-02,3.294883654265109652e+00
7.010844569753894862e-02,3.337045121099245559e+00
7.120389016156299100e-02,3.378969405524612224e+00
7.229933462558703339e-02,3.420639189329895302e+00
7.339477908961108965e-02,3.462037302439920250e+00
7.449022355363513204e-02,3.503146735596717409e+00
7.558566801765917442e-02,3.543950652634703324e+00
7.668111248168321681e-02,3.584432402340397061e+00
7.777655694570725919e-02,3.624575529887075209e+00
7.887200140973131546e-02,3.664363787836953712e+00
7.996744587375535784e-02,3.703781146704320903e+00
8.106289033777940023e-02,3.742811805074600873e+00
8.215833480180345649e-02,3.781440199274945346e+00
8.325377926582749888e-02,3.819651012594162509e+00
8.434922372985154126e-02,3.857429184049656179e+00
8.544466819387558365e-02,3.894759916701291846e+00
8.654011265789963991e-02,3.931628685512414734e+00
8.763555712192368230e-02,3.968021244759508903e+00
8.873100158594772469e-02,4.003923634993049596e+00
8.982644604997176707e-02,4.039322189552777331e+00
9.092189051399580946e-02,4.074203540641718746e+00
9.201733497801986572e-02,4.108554624963812074e+00
9.311277944204390811e-02,4.142362688931209291e+00
9.420822390606795049e-02,4.175615293447457077e+00
9.530366837009200676e-02,4.208300318273903606e+00
9.639911283411604914e-02,4.240405965987125825e+00
9.749455729814009153e-02,4.271920765535567099e+00
9.859000176216414779e-02,4.302833575404568123e+00
9.968544622618819018e-02,4.333133586398723480e+00
1.007808906902122326e-01,4.362810324051675792e+00
1.018763351542362888e-01,4.391853650673345655e+00
1.029717796182603173e-01,4.420253767045017490e+00
1.040672240822843597e-01,4.448001213773159712e+00
1.051626685463084160e-01,4.475086872312981967e+00
1.062581130103324584e-01,4.501501965672832561e+00
1.073535574743565008e-01,4.527238058811080101e+00
1.084490019383805570e-01,4.552287058736713909e+00
1.095444464024045994e-01,4.576641214325456453e+00
1.106398908664286418e-01,4.600293115863267168e+00
1.117353353304526981e-01,4.623235694328471368e+00
1.128307797944767404e-01,4.645462220424731115e+00
1.139262242585007828e-01,4.666966303376455905e+00
1.150216687225248391e-01,4.687741889497995196e+00
1.161171131865488815e-01,4.707783260548731086e+00
1.172125576505729239e-01,4.727085031884988631e+00
1.183080021145969801e-01,4.745642150420606775e+00
1.194034465786210225e-01,4.763449892407068731e+00
1.204988910426450649e-01,4.780503861044285152e+00
1.215943355066691212e-01,4.796799983933152767e+00
1.226897799706931635e-01,4.812334510380174457e+00
1.237852244347171921e-01,4.827104008564895743e+00
1.248806688987412344e-01,4.841105362580367277e+00
1.259761133627652907e-01,4.854335769356520558e+00
1.270715578267893331e-01,4.866792735476290765e+00
1.281670022908133755e-01,4.878474073894006224e+00
1.292624467548374179e-01,4.889377900565439639e+00
1.303578912188614602e-01,4.899502630998002317e+00
1.314533356828855026e-01,4.908846976730457889e+00
1.325487801469095728e-01,4.917409941750000790e+00
1.336442246109336152e-01,4.925190818855205599e+00
1.347396690749576575e-01,4.932189185972482903e+00
1.358351135389816999e-01,4.938404902433472188e+00
1.369305580030057423e-01,4.943838105221096235e+00
1.380260024670297847e-01,4.948489205190676365e+00
1.391214469310538548e-01,4.952358883273046075e+00
1.402168913950778972e-01,4.955448086665969143e+00
1.413123358591019396e-01,4.957758025020006620e+00
1.424077803231259820e-01,4.959290166624329643e+00
1.435032247871500244e-01,4.960046234598167736e+00
1.445986692511740668e-01,4.960028203093095556e+00
1.456941137151981369e-01,4.959238293510713547e+00
1.467895581792221793e-01,4.957678970740630575e+00
1.478850026432462217e-01,4.955352939423037562e+00
1.489804471072702641e-01,4.952263140239462125e+00
1.500758915712943065e-01,4.948412746235973714e+00
1.511713360353183488e-01,4.943805159181906994e+00
1.522667804993423912e-01,4.938444005967395078e+00
1.533622249633664336e-01,4.932333135042406447e+00
1.544576694273904760e-01,4.925476612900694384e+00
1.555531138914145184e-01,4.917878720609556886e+00
1.566485583554385608e-01,4.909543950388817635e+00
1.577440028194626309e-01,4.900477002240419822e+00
1.588394472834866733e-01,4.890682780629879822e+00
1.599348917475107157e-01,4.880166391221329114e+00
1.610303362115347581e-01,4.868933137667159627e+00
1.621257806755588005e-01,4.856988518452694414e+00
1.632212251395828428e-01,4.844338223797182152e+00
1.643166696036069130e-01,4.830988132610610997e+00
1.654121140676309554e-01,4.816944309507255717e+00
1.665075585316549978e-01,4.802213001875195175e+00
1.676030029956790401e-01,4.786800637001733527e+00
1.686984474597030825e-01,4.770713819254109644e+00
1.697938919237271249e-01,4.753959327314925432e+00
1.708893363877511673e-01,4.736544111470458951e+00
1.719847808517752374e-01,4.718475290951922752e+00
1.730802253157992798e-01,4.699760151326756841e+00
1.741756697798233222e-01,4.680406141939586817e+00
1.752711142438473646e-01,4.660420873400188846e+00
1.763665587078714070e-01,4.639812115116450641e+00
1.774620031718954494e-01,4.618587792870710196e+00
1.785574476359194918e-01,4.596755986436049213e+00
1.796528920999435341e-01,4.574324927230644988e+00
1.807483365639675765e-01,4.551302996007040136e+00
1.818437810279916189e-01,4.527698720573294366e+00
1.829392254920156613e-01,4.503520773542928346e+00
1.840346699560397314e-01,4.478777970110072282e+00
1.851301144200637738e-01,4.453479265846728374e+00
1.862255588840878162e-01,4.427633754517635190e+00
1.873210033481118586e-01,4.401250665909790527e+00
1.884164478121359010e-01,4.374339363671844616e+00
1.895118922761599434e-01,4.346909343159728323e+00
1.906073367401840135e-01,4.318970229283496387e+00
1.917027812042080559e-01,4.290531774351862282e+00
1.927982256682320983e-01,4.261603855908970395e+00
1.938936701322561407e-01,4.232196474559168031e+00
1.949891145962801831e-01,4.202319751774554746e+00
1.960845590603042254e-01,4.171983927680910753e+00
1.971800035243282956e-01,4.141199358816326281e+00
1.982754479883523380e-01,4.109976515857708179e+00
1.993708924523763804e-01,4.078325981310181980e+00
2.004663369164004227e-01,4.046258447153358695e+00
2.015617813804244651e-01,4.013784712439955271e+00
2.026572258444485075e-01,3.980915680840726001e+00
2.037526703084725777e-01,3.947662358130588078e+00
2.048481147724966200e-01,3.914035849610352447e+00
2.059435592365206347e-01,3.880047357458921375e+00
2.070390037005446771e-01,3.845708178009691558e+00
2.081344481645687194e-01,3.811029698946791555e+00
2.092298926285927896e-01,3.776023396414828426e+00
2.103253370926168320e-01,3.740700832037525014e+00
2.114207815566408744e-01,3.705073649839471184e+00
2.125162260206649167e-01,3.669153573066090690e+00
2.136116704846889591e-01,3.632952400896823253e+00
2.147071149487130015e-01,3.596482005046263808e+00
2.158025594127370717e-01,3.559754326249100043e+00
2.168980038767611140e-01,3.522781370623849995e+00
2.179934483407851564e-01,3.485575205910841579e+00
2.190888928048091988e-01,3.448147957581050527e+00
2.201843372688332134e-01,3.410511804811008574e+00
2.212797817328572836e-01,3.372678976321057842e+00
2.223752261968813260e-01,3.334661746072617561e+00
2.234706706609053961e-01,3.296472428822716072e+00
2.245661151249294107e-01,3.258123375531744248e+00
2.256615595889534809e-01,3.219626968623507945e+00
2.267570040529774955e-01,3.180995617094783068e+00
2.278524485170015657e-01,3.142241751473132449e+00
2.289478929810256080e-01,3.103377818622460982e+00
2.300433374450496782e-01,3.064416276395088623e+00
2.311387819090736928e-01,3.025369588131013643e+00
2.322342263730977630e-01,2.986250217004019269e+00
2.333296708371217776e-01,2.947070620216782455e+00
2.344251153011458477e-01,2.907843243045488357e+00
2.355205597651698901e-01,2.868580512736979227e+00
2.366160042291939603e-01,2.829294832260725201e+00
2.377114486932179749e-01,2.789998573919278080e+00
2.388068931572420450e-01,2.750704072821255508e+00
2.399023376212660597e-01,2.711423620221419473e+00
2.409977820852901298e-01,2.672169456733349602e+00
2.420932265493141722e-01,2.632953765420698922e+00
2.431886710133382423e-01,2.593788664773708952e+00
2.442841154773622570e-01,2.554686201578631799e+00
2.453795599413863271e-01,2.515658343687253495e+00
2.464750044054103417e-01,2.476716972696655361e+00
2.475704488694343841e-01,2.437873876547205665e+00
2.486658933334584543e-01,2.399140742049901132e+00
2.497613377974824689e-01,2.360529147353045865e+00
2.508567822615065390e-01,2.322050554360068020e+00
2.519522267255305814e-01,2.283716301110214175e+00
2.530476711895546238e-01,2.245537594134504378e+00
2.541431156535786662e-01,2.207525500800612051e+00
2.552385601176027086e-01,2.169690941659538019e+00
2.563340045816267510e-01,2.132044682808746039e+00
2.574294490456507933e-01,2.094597328286182947e+00
2.585248935096748357e-01,2.057359312510158578e+00
2.596203379736989336e-01,2.020340892780019715e+00
2.607157824377229205e-01,1.983552141854588724e+00
2.618112269017470184e-01,1.947002940622353018e+00
2.629066713657710053e-01,1.910702970881658747e+00
2.640021158297951032e-01,1.874661708245275005e+00
2.650975602938191455e-01,1.838888415187578618e+00
2.661930047578431879e-01,1.803392134249007350e+00
2.672884492218672303e-01,1.768181681415836648e+00
2.683838936858912727e-01,1.733265639690274584e+00
2.694793381499153151e-01,1.698652352868011084e+00
2.705747826139393575e-01,1.664349919538426370e+00
2.716702270779633999e-01,1.630366187323506466e+00
2.727656715419874978e-01,1.596708747370541914e+00
2.738611160060114846e-01,1.563384929113452948e+00
2.749565604700355270e-01,1.530401795317223534e+00
2.760520049340595694e-01,1.497766137418629517e+00
2.771474493980836118e-01,1.465484471177023629e+00
2.782428938621077097e-01,1.433563032647394708e+00
2.793383383261316966e-01,1.402007774486814240e+00
2.804337827901557945e-01,1.370824362605969515e+00
2.815292272541797813e-01,1.340018173175111516e+00
2.826246717182038792e-01,1.309594289993473604e+00
2.837201161822279216e-01,1.279557502230509236e+00
2.848155606462519640e-01,1.249912302546136056e+00
2.859110051102760064e-01,1.220662885595238389e+00
2.870064495743000488e-01,1.191813146922383604e+00
2.881018940383240912e-01,1.163366682249714845e+00
2.891973385023481335e-01,1.135326787161098361e+00
2.902927829663721759e-01,1.107696457184471850e+00
2.913882274303962738e-01,1.080478388271904677e+00
2.924836718944202607e-01,1.053674977677366842e+00
2.935791163584443586e-01,1.027288325230182542e+00
2.946745608224683455e-01,1.001320235000646708e+00
2.957700052864924434e-01,9.757722173544293165e-01
2.968654497505164858e-01,9.506454913894133441e-01
2.979608942145405281e-01,9.259409877497999375e-01
2.990563386785645705e-01,9.016593518086174486e-01
3.001517831425886129e-01,8.778009472116582446e-01
3.012472276066126553e-01,8.543658597718009062e-01
3.023426720706366977e-01,8.313539017045904478e-01
3.034381165346607401e-01,8.087646161926119737e-01
3.045335609986847825e-01,7.865972822677957943e-01
3.056290054627088248e-01,7.648509199969053540e-01
3.067244499267328672e-01,7.435242959582062383e-01
3.078198943907569096e-01,7.226159289937034158e-01
3.089153388547809520e-01,7.021240962225819837e-01
3.100107833188050499e-01,6.820468393000640450e-01
3.111062277828290368e-01,6.623819709053530014e-01
3.122016722468531347e-01,6.431270814430409821e-01
3.132971167108771215e-01,6.242795459398670088e-01
3.143925611749012194e-01,6.058365311212577931e-01
3.154880056389252618e-01,5.877950026493292679e-01
3.165834501029493042e-01,5.701517325048661711e-01
3.176788945669733466e-01,5.529033064967262545e-01
3.187743390309973890e-01,5.360461318796123642e-01
3.198697834950214314e-01,5.195764450671733758e-01
3.209652279590454738e-01,5.034903194124336068e-01
3.220606724230695161e-01,4.877836730536889709e-01
3.231561168870936140e-01,4.724522767961455427e-01
3.242515613511176009e-01,4.574917620190986356e-01
3.253470058151416988e-01,4.428976285904072663e-01
3.264424502791656857e-01,4.286652527729320483e-01
3.275378947431897836e-01,4.147898951070779772e-01
3.286333392072138260e-01,4.012667082555055331e-01
3.297287836712378128e-01,3.880907447934344168e-01
3.308242281352619107e-01,3.752569649338516888e-01
3.319196725992858976e-01,3.627602441709603664e-01
3.330151170633099955e-01,3.505953808314102860e-01
3.341105615273339824e-01,3.387571035208895021e-01
3.352060059913580803e-01,3.272400784536268481e-01
3.363014504553821227e-01,3.160389166551000883e-01
3.373968949194061651e-01,3.051481810279185192e-01
3.384923393834302074e-01,2.945623932706160630e-01
3.395877838474542498e-01,2.842760406412663809e-01
3.406832283114782922e-01,2.742835825584023501e-01
3.417786727755023346e-01,2.645794570307400395e-01
3.428741172395263770e-01,2.551580869105133931e-01
3.439695617035504749e-01,2.460138859628696328e-01
3.450650061675744618e-01,2.371412647481881686e-01
3.461604506315985597e-01,2.285346363106198209e-01
3.472558950956225465e-01,2.201884216704498853e-01
3.483513395596466444e-01,2.120970551165387574e-01
3.494467840236706868e-01,2.042549892955960456e-01
3.505422284876947292e-01,1.966567000977868795e-01
3.516376729517187716e-01,1.892966913350178637e-01
3.527331174157428140e-01,1.821694992133645608e-01
3.538285618797668564e-01,1.752696965973191134e-01
3.549240063437908987e-01,1.685918970674031292e-01
3.560194508078149411e-01,1.621307587707112030e-01
3.571148952718389835e-01,1.558809880663249436e-01
3.582103397358630259e-01,1.498373429669911383e-01
3.593057841998870683e-01,1.439946363781080541e-01
3.604012286639111107e-01,1.383477391384506650e-01
3.614966731279351531e-01,1.328915828625926165e-01
3.625921175919592510e-01,1.276211625906972513e-01
3.636875620559832378e-01,1.225315392469455283e-01
3.647830065200073357e-01,1.176178419121467061e-01
3.658784509840313226e-01,1.128752699125331604e-01
3.669738954480554205e-01,1.082990947307752028e-01
3.680693399120794629e-01,1.038846617416364360e-01
3.691647843761035053e-01,9.962739177872242946e-02
3.702602288401275477e-01,9.552278253555954168e-02
3.713556733041515900e-01,9.156640980696033327e-02
3.724511177681756324e-01,8.775392857423730542e-02
3.735465622321996748e-01,8.408107394155493741e-02
3.746420066962237172e-01,8.054366192626706555e-02
3.757374511602478151e-01,7.713759010960492823e-02
3.768328956242718020e-01,7.385883815340676950e-02
3.779283400882958999e-01,7.070346818742927197e-02
3.790237845523198867e-01,6.766762507227543078e-02
3.801192290163439846e-01,6.474753654477238829e-02
3.812146734803680270e-01,6.193951324940705216e-02
3.823101179443920694e-01,5.923994866181356289e-02
3.834055624084161118e-01,5.664531891016302140e-02
3.845010068724400987e-01,5.415218249835487829e-02
3.855964513364641966e-01,5.175717993715833742e-02
3.866918958004882390e-01,4.945703328792038639e-02
3.877873402645122813e-01,4.724854562377452105e-02
3.888827847285363237e-01,4.512860041397733640e-02
3.899782291925603661e-01,4.309416083419662091e-02
3.910736736565844085e-01,4.114226901041877910e-02
3.921691181206084509e-01,3.927004519810709665e-02
3.932645625846324933e-01,3.747468690286232668e-02
3.943600070486565912e-01,3.575346794653711663e-02
3.954554515126805780e-01,3.410373748257658488e-02
3.965508959767046759e-01,3.252291896536505661e-02
3.976463404407286628e-01,3.100850907697320219e-02
3.987417849047527607e-01,2.955807661517708546e-02
3.998372293687768031e-01,2.816926134714238875e-02
4.009326738328008455e-01,2.683977283119107216e-02
4.020281182968248879e-01,2.556738921155788866e-02
4.031235627608489303e-01,2.434995598769184103e-02
4.042190072248729726e-01,2.318538476281457178e-02
4.053144516888970150e-01,2.207165197401838447e-02
4.064098961529210574e-01,2.100679760689868822e-02
4.075053406169451553e-01,1.998892389753766097e-02
4.086007850809691422e-01,1.901619402457353780e-02
4.096962295449932401e-01,1.808683079372822369e-02
4.107916740090172270e-01,1.719911531732768936e-02
4.118871184730412693e-01,1.635138569078765924e-02
4.129825629370653672e-01,1.554203566884648953e-02
4.140780074010893541e-01,1.476951334277274742e-02
4.151734518651134520e-01,1.403231982121538012e-02
4.162688963291374389e-01,1.332900791528812516e-02
4.173643407931615368e-01,1.265818083203609778e-02
4.184597852571855792e-01,1.201849087434537881e-02
4.195552297212096216e-01,1.140863815210400346e-02
4.206506741852336639e-01,1.082736930379256043e-02
4.217461186492577063e-01,1.027347623103169218e-02
4.228415631132817487e-01,9.745794846280941490e-03
4.239370075773057911e-01,9.243203835720713302e-03
4.250324520413298335e-01,8.764623437439143100e-03
4.261278965053539314e-01,8.309014237034428527e-03
4.272233409693779183e-01,7.875375979637113180e-03
4.283187854334020161e-01,7.462746401171341942e-03
4.294142298974260030e-01,7.070200077951647316e-03
4.305096743614501009e-01,6.696847295899620474e-03
4.316051188254741433e-01,6.341832940178977578e-03
4.327005632894981857e-01,6.004335404857984344e-03
4.337960077535222281e-01,5.683565523913427196e-03
4.348914522175462705e-01,5.378765523485989561e-03
4.359868966815703129e-01,5.089207995475310796e-03
4.370823411455943552e-01,4.814194893077830377e-03
4.381777856096183976e-01,4.553056548640714227e-03
4.392732300736424400e-01,4.305150713488960397e-03
4.403686745376664269e-01,4.069861619429587622e-03
4.414641190016905803e-01,3.846599063788078143e-03
4.425595634657145672e-01,3.634797515318025606e-03
4.436550079297386096e-01,3.433915243637382462e-03
4.447504523937626519e-01,3.243433470099466726e-03
4.458458968577867498e-01,3.062855541103739684e-03
4.469413413218107922e-01,2.891706123120508978e-03
4.480367857858347791e-01,2.729530420126442727e-03
4.491322302498588215e-01,2.575893411720375347e-03
4.502276747138829194e-01,2.430379113612711126e-03
4.513231191779069618e-01,2.292589858925434508e-03
4.524185636419310041e-01,2.162145600410331561e-03
4.535140081059549910e-01,2.038683232895609383e-03
4.546094525699791444e-01,1.921855937640544075e-03
4.557048970340031313e-01,1.811332544354947753e-03
4.568003414980271737e-01,1.706796915718007939e-03
4.578957859620512161e-01,1.607947348723690962e-03
4.589912304260753140e-01,1.514495997147583504e-03
4.600866748900993564e-01,1.426168311579077653e-03
4.611821193541233432e-01,1.342702498052708755e-03
4.622775638181473856e-01,1.263848994974655976e-03
4.633730082821714835e-01,1.189369967142702312e-03
4.644684527461955259e-01,1.119038817918075000e-03
4.655638972102195683e-01,1.052639716941342627e-03
4.666593416742435552e-01,9.899671451379995091e-04
4.677547861382675976e-01,9.308254564328742771e-04
4.688502306022916954e-01,8.750284530366309130e-04
4.699456750663157378e-01,8.223989786016790843e-04
4.710411195303397802e-01,7.727685240080669300e-04
4.721365639943637671e-01,7.259768496854719687e-04
4.732320084583879205e-01,6.818716199470645136e-04
4.743274529224119074e-01,6.403080529735977536e-04
4.754228973864359498e-01,6.011485827955989148e-04
4.765183418504599921e-01,5.642625348002533979e-04
4.776137863144840900e-01,5.295258140916065011e-04
4.787092307785081324e-01,4.968206048599212946e-04
4.798046752425321193e-01,4.660350832553877246e-04
4.809001197065561617e-01,4.370631407732781387e-04
4.819955641705802596e-01,4.098041184571328240e-04
4.830910086346043020e-01,3.841625524312021955e-04
4.841864530986283444e-01,3.600479298446238280e-04
4.852818975626523312e-01,3.373744549029688493e-04
4.863773420266764846e-01,3.160608237469040281e-04
4.874727864907004715e-01,2.960300104555737676e-04
4.885682309547245139e-01,2.772090602297531460e-04
4.896636754187485563e-01,2.595288928561163789e-04
4.907591198827726542e-01,2.429241135673031789e-04
4.918545643467966966e-01,2.273328333480859975e-04
4.929500088108206834e-01,2.126964951420927841e-04
4.940454532748447258e-01,1.989597095968028838e-04
4.951408977388687682e-01,1.860700974078365565e-04
4.962363422028928661e-01,1.739781377016336042e-04
4.973317866669169085e-01,1.626370252070946393e-04
4.984272311309408954e-01,1.520025322652525021e-04
4.995226755949649378e-01,1.420328771046136551e-04
5.006181200589890912e-01,1.326885999179845666e-04
5.017135645230130780e-01,1.239324423779465494e-04
5.028090089870370649e-01,1.157292342969541959e-04
5.039044534510611628e-01,1.080457848685421743e-04
5.049998979150852607e-01,1.008507797464612045e-04
5.060953423791092476e-01,9.411468174728052321e-05
5.071907868431332345e-01,8.780963772954717512e-05
5.082862313071573324e-01,8.190938891011097516e-05
5.093816757711814303e-01,7.638918635605239198e-05
5.104771202352054171e-01,7.122570931365836990e-05
5.115725646992295150e-01,6.639698912605530563e-05
5.126680091632535019e-01,6.188233541695712281e-05
5.137634536272775998e-01,5.766226751002433636e-05
5.148588980913015867e-01,5.371844723678151362e-05
5.159543425553256846e-01,5.003361721386577813e-05
5.170497870193496714e-01,4.659154061712640491e-05
5.181452314833737693e-01,4.337694529969779824e-05
5.192406759473978672e-01,4.037546925615366809e-05
5.203361204114218541e-01,3.757361057443886233e-05
5.214315648754458410e-01,3.495867851129215442e-05
5.225270093394699389e-01,3.251874804438839112e-05
5.236224538034940368e-01,3.024261656790828401e-05
5.247178982675180237e-01,2.811976253016741938e-05
5.258133427315420105e-01,2.614030632006827964e-05
5.269087871955661084e-01,2.429497422708318298e-05
5.280042316595902063e-01,2.257506219664205579e-05
5.290996761236141932e-01,2.097240416137835723e-05
5.301951205876382911e-01,1.947933958795007337e-05
5.312905650516622780e-01,1.808868489534273078e-05
5.323860095156863759e-01,1.679370468080275416e-05
5.334814539797103627e-01,1.558808574133352487e-05
5.345768984437344606e-01,1.446591192211480315e-05
5.356723429077584475e-01,1.342164078607179948e-05
5.367677873717825454e-01,1.245008074921319477e-05
5.378632318358066433e-01,1.154637040352558098e-05
5.389586762998306302e-01,1.070595883078750476e-05
5.400541207638546171e-01,9.924586537164198604e-06
5.411495652278787150e-01,9.198267893600856358e-06
5.422450096919028129e-01,8.523273935696617037e-06
5.433404541559267997e-01,7.896117535962870909e-06
5.444358986199507866e-01,7.313538539815509434e-06
5.455313430839749955e-01,6.772488474860991488e-06
5.466267875479989824e-01,6.270118793476213141e-06
5.477222320120229693e-01,5.803768127638170211e-06
5.488176764760470672e-01,5.370949894103938190e-06
5.499131209400710540e-01,4.969342612617785174e-06
5.510085654040951519e-01,4.596778375530741302e-06
5.521040098681191388e-01,4.251233752411895701e-06
5.531994543321432367e-01,3.930820187194882144e-06
5.542948987961672236e-01,3.633776021652947196e-06
5.553903432601913215e-01,3.358457979614330384e-06
5.564857877242154194e-01,3.103333828839797908e-06
5.575812321882394063e-01,2.866974654394352703e-06
5.586766766522633931e-01,2.648048895834291785e-06
5.597721211162874910e-01,2.445315823883173749e-06
5.608675655803115889e-01,2.257619211274794970e-06
5.619630100443355758e-01,2.083882560470371284e-06
5.630584545083595627e-01,1.923103116644585862e-06
5.641538989723837716e-01,1.774347569728146128e-06
5.652493434364077585e-01,1.636747335897054911e-06
5.663447879004317453e-01,1.509494086293370124e-06
5.674402323644558432e-01,1.391835599515598508e-06
5.685356768284799411e-01,1.283072811529973685e-06
5.696311212925039280e-01,1.182555252577405847e-06
5.707265657565279149e-01,1.089678675577131998e-06
5.718220102205520128e-01,1.003880952034485225e-06
5.729174546845761107e-01,9.246402720178720583e-07
5.740128991486000976e-01,8.514716614135910778e-07
5.751083436126241955e-01,7.839247956841043311e-07
5.762037880766481823e-01,7.215814900871105477e-07
5.772992325406721692e-01,6.640537443442267215e-07
5.783946770046962671e-01,6.109813187777892204e-07
5.794901214687203650e-01,5.620298196933280616e-07
5.805855659327443519e-01,5.168893505690019952e-07
5.816810103967683387e-01,4.752726260535981704e-07
5.827764548607925477e-01,4.369126655090535054e-07
5.838718993248165345e-01,4.015627124851370566e-07
5.849673437888405214e-01,3.689936926650999810e-07
5.860627882528646193e-01,3.389934563043337862e-07
5.871582327168887172e-01,3.113655612454952474e-07
5.882536771809127041e-01,2.859279900971452372e-07
5.893491216449366910e-01,2.625120761169146337e-07
5.904445661089607889e-01,2.409623175390646278e-07
5.915400105729848867e-01,2.211340285233625692e-07
5.926354550370088736e-01,2.028937547662141170e-07
5.937308995010329715e-01,1.861182304922791508e-07
5.948263439650569584e-01,1.706930951129910774e-07
5.959217884290810563e-01,1.565126569465901984e-07
5.970172328931050432e-01,1.434796025450885157e-07
5.981126773571291411e-01,1.315036351410884089e-07
5.992081218211531279e-01,1.205014199707825412e-07
6.003035662851772258e-01,1.103958399382816126e-07
6.013990107492013237e-01,1.011161615499940622e-07
6.024944552132253106e-01,9.259664132099202918e-08
6.035898996772492975e-01,8.477688461677570423e-08
6.046853441412733954e-01,7.760074419247377712e-08
6.057807886052974933e-01,7.101687817468248048e-08
6.068762330693214802e-01,6.497750957661139911e-08
6.079716775333454670e-01,5.943905653855294304e-08
6.090671219973695649e-01,5.436103594937405612e-08
6.101625664613936628e-01,4.970622442851420671e-08
6.112580109254176497e-01,4.544024955765481994e-08
6.123534553894417476e-01,4.153141037812658670e-08
6.134488998534657345e-01,3.795073012525945073e-08
6.145443443174898324e-01,3.467138276318251801e-08
6.156397887815138192e-01,3.166845296235795332e-08
6.167352332455379171e-01,2.891955776950416515e-08
6.178306777095619040e-01,2.640334894954993051e-08
6.189261221735860019e-01,2.410112766303139713e-08
6.200215666376100998e-01,2.199489427403725281e-08
6.211170111016340867e-01,2.006846413550313996e-08
6.222124555656580736e-01,1.830663917854170461e-08
6.233079000296821714e-01,1.669601224570690369e-08
6.244033444937062693e-01,1.522392296522037370e-08
6.254987889577302562e-01,1.387859817946308967e-08
6.265942334217542431e-01,1.264948014144173759e-08
6.276896778857784520e-01,1.152654467416494921e-08
6.287851223498024389e-01,1.050118823989140176e-08
6.298805668138264258e-01,9.565036789155017072e-09
6.309760112778505237e-01,8.710350519347459192e-09
6.320714557418745105e-01,7.930432875403712911e-09
6.331669002058986084e-01,7.218940690238973580e-09
6.342623446699225953e-01,6.569699060126585226e-09
6.353577891339466932e-01,5.977432212573342990e-09
6.364532335979706801e-01,5.437501295346205247e-09
6.375486780619947780e-01,4.945449682594481294e-09
6.386441225260188759e-01,4.496624894921961421e-09
6.397395669900428627e-01,4.087944389764488199e-09
6.408350114540668496e-01,3.715567270470437322e-09
6.419304559180909475e-01,3.376361152504444469e-09
6.430259003821150454e-01,3.067279958496581460e-09
6.441213448461390323e-01,2.786131396455726089e-09
6.452167893101630192e-01,2.530185911162997026e-09
6.463122337741872281e-01,2.297161145351477716e-09
6.474076782382112150e-01,2.085308499005456809e-09
6.485031227022352018e-01,1.892453078529603003e-09
6.495985671662591887e-01,1.717177471375778333e-09
6.506940116302833976e-01,1.557583692309077999e-09
6.517894560943073845e-01,1.412674480704107867e-09
6.528849005583313714e-01,1.281001171489800324e-09
6.539803450223554693e-01,1.161327132749859372e-09
6.550757894863795672e-01,1.052629650834370472e-09
6.561712339504035540e-01,9.537112929770320879e-10
6.572666784144276519e-01,8.640087998539190016e-10
6.583621228784516388e-01,7.827588433361594068e-10
6.594575673424756257e-01,7.086319133436111616e-10
6.605530118064997236e-01,6.416653256967382384e-10
6.616484562705238215e-01,5.808555854315081519e-10
6.627439007345478084e-01,5.258121202127711200e-10
6.638393451985717952e-01,4.755770468987810965e-10
6.649347896625960042e-01,4.302601948508525228e-10
6.660302341266199910e-01,3.891507250723205238e-10
6.671256785906439779e-01,3.518165538559556414e-10
6.682211230546679648e-01,3.180214701224960262e-10
6.693165675186921737e-01,2.876129453145633353e-10
6.704120119827161606e-01,2.598956921996372717e-10
6.715074564467401474e-01,2.347122359841910094e-10
6.726029009107642453e-01,2.119611728077929356e-10
6.736983453747883432e-01,1.913398089281901970e-10
6.747937898388123301e-01,1.729451090191451940e-10
6.758892343028363170e-01,1.560985643847871349e-10
6.769846787668604149e-01,1.408368764150938699e-10
6.780801232308845128e-01,1.271680981030651398e-10
6.791755676949084997e-01,1.145226143583885171e-10
6.802710121589325976e-01,1.034553313977346467e-10
6.813664566229565844e-01,9.316278870779743295e-11
6.824619010869806823e-01,8.399723745219336046e-11
6.835573455510046692e-01,7.578989776616561486e-11
6.846527900150287671e-01,6.834174096070608730e-11
6.857482344790527540e-01,6.156908341696978592e-11
6.868436789430767409e-01,5.535846355552681050e-11
6.879391234071009498e-01,4.974196639955326298e-11
6.890345678711249366e-01,4.501562856024678554e-11
6.901300123351489235e-01,4.030320451106267225e-11
6.912254567991730214e-01,3.651627275952004978e-11
6.923209012631971193e-01,3.268755989231804075e-11
6.934163457272211062e-01,2.931834554013433157e-11
6.945117901912450931e-01,2.641088921524104058e-11
6.956072346552691910e-01,2.381950310061248423e-11
6.967026791192932889e-01,2.136792152584261368e-11
6.977981235833172757e-01,1.926463566768312676e-11
6.988935680473413736e-01,1.715457241677282837e-11
6.999890125113653605e-01,1.575239649097044252e-11
7.010844569753894584e-01,1.395798072140593364e-11
7.021799014394134453e-01,1.248641328622849232e-11
7.032753459034375432e-01,1.118965293013562814e-11
7.043707903674615300e-01,1.015844453519538381e-11
7.054662348314856279e-01,9.003890121082019032e-12
7.065616792955097258e-01,8.146265438889975615e-12
7.076571237595337127e-01,7.255804373169870107e-12
7.087525682235576996e-01,6.513290596296483742e-12
7.098480126875817975e-01,5.979832294678399053e-12
7.109434571516058954e-01,5.293438905541183445e-12
7.120389016156298823e-01,4.574585841414735464e-12
7.131343460796538691e-01,4.247924474953637190e-12
7.142297905436779670e-01,3.768281128473338680e-12
7.153252350077020649e-01,3.408877837356525234e-12
7.164206794717260518e-01,3.048345365260299059e-12
7.175161239357501497e-01,2.808805734732033938e-12
7.186115683997741366e-01,2.385048093486728091e-12
7.197070128637982345e-01,2.051846946341454713e-12
7.208024573278222213e-01,1.993655430529908780e-12
7.218979017918463192e-01,1.750963723978337000e-12
7.229933462558703061e-01,1.445987934892257585e-12
7.240887907198944040e-01,1.355760505807306669e-12
7.251842351839185019e-01,1.110951932673065825e-12
7.262796796479424888e-01,8.344839284705991702e-13
7.273751241119664757e-01,9.595692739804230589e-13
7.284705685759905736e-01,7.440211694280388601e-13
7.295660130400146715e-01,7.761978926538099532e-13
7.306614575040386583e-01,5.597090728739729743e-13
7.317569019680626452e-01,6.851235693562722487e-13
7.328523464320868541e-01,5.614022071478256661e-13
7.339477908961108410e-01,3.748325009632399169e-13
7.350432353601348279e-01,6.256614229313897094e-13
7.361386798241589258e-01,2.193106979852569743e-13
7.372341242881830237e-01,3.137712744879256365e-13
7.383295687522070105e-01,4.399381610594830285e-13
7.394250132162309974e-01,2.517694436393439727e-13
7.405204576802550953e-01,2.521456458741702281e-13
7.416159021442790822e-01,1.262609208172403039e-13
7.427113466083031801e-01,3.161225386985234371e-13
7.438067910723272780e-01,9.497783020702745903e-14
7.449022355363512649e-01,1.902377928391113690e-13
7.459976800003752517e-01,3.492865209578716551e-13
7.470931244643993496e-01,1.590017029100883923e-13
7.481885689284234475e-01,1.592368014797759383e-13
7.492840133924474344e-01,2.551550338678005117e-13
7.503794578564714213e-01,1.916483843947376004e-13
7.514749023204956302e-01,1.919304887844428894e-13
7.525703467845196171e-01,0.000000000000000000e+00
7.536657912485436039e-01,0.000000000000000000e+00
7.547612357125677018e-01,0.000000000000000000e+00
7.558566801765917997e-01,0.000000000000000000e+00
7.569521246406157866e-01,0.000000000000000000e+00
7.580475691046397735e-01,0.000000000000000000e+00
7.591430135686638714e-01,0.000000000000000000e+00
7.602384580326879693e-01,0.000000000000000000e+00
7.613339024967119562e-01,0.000000000000000000e+00
7.624293469607360541e-01,0.000000000000000000e+00
7.635247914247600409e-01,0.000000000000000000e+00
7.646202358887841388e-01,0.000000000000000000e+00
7.657156803528081257e-01,0.000000000000000000e+00
7.668111248168322236e-01,0.000000000000000000e+00
7.679065692808562105e-01,0.000000000000000000e+00
7.690020137448801973e-01,0.000000000000000000e+00
7.700974582089044063e-01,0.000000000000000000e+00
7.711929026729283931e-01,0.000000000000000000e+00
7.722883471369523800e-01,0.000000000000000000e+00
7.733837916009764779e-01,0.000000000000000000e+00
7.744792360650005758e-01,0.000000000000000000e+00
7.755746805290245627e-01,0.000000000000000000e+00
7.766701249930485496e-01,0.000000000000000000e+00
7.777655694570726475e-01,0.000000000000000000e+00
7.788610139210967453e-01,0.000000000000000000e+00
7.799564583851207322e-01,0.000000000000000000e+00
7.810519028491448301e-01,0.000000000000000000e+00
7.821473473131688170e-01,0.000000000000000000e+00
7.832427917771929149e-01,0.000000000000000000e+00
7.843382362412169018e-01,0.000000000000000000e+00
7.854336807052409997e-01,0.000000000000000000e+00
7.865291251692649865e-01,0.000000000000000000e+00
7.876245696332890844e-01,0.000000000000000000e+00
7.887200140973131823e-01,0.000000000000000000e+00
7.898154585613371692e-01,0.000000000000000000e+00
7.909109030253611561e-01,0.000000000000000000e+00
7.920063474893852540e-01,0.000000000000000000e+00
7.931017919534093519e-01,0.000000000000000000e+00
7.941972364174333388e-01,0.000000000000000000e+00
7.952926808814573256e-01,0.000000000000000000e+00
7.963881253454814235e-01,0.000000000000000000e+00
7.974835698095055214e-01,0.000000000000000000e+00
7.985790142735295083e-01,0.000000000000000000e+00
7.996744587375536062e-01,0.000000000000000000e+00
8.007699032015775931e-01,0.000000000000000000e+00
8.018653476656016910e-01,0.000000000000000000e+00
8.029607921296256778e-01,0.000000000000000000e+00
8.040562365936497757e-01,0.000000000000000000e+00
8.051516810576737626e-01,0.000000000000000000e+00
8.062471255216978605e-01,0.000000000000000000e+00
8.073425699857219584e-01,0.000000000000000000e+00
8.084380144497459453e-01,0.000000000000000000e+00
8.095334589137699322e-01,0.000000000000000000e+00
8.106289033777940300e-01,0.000000000000000000e+00
8.117243478418181279e-01,0.000000000000000000e+00
8.128197923058421148e-01,0.000000000000000000e+00
8.139152367698661017e-01,0.000000000000000000e+00
8.150106812338903106e-01,0.000000000000000000e+00
8.161061256979142975e-01,0.000000000000000000e+00
8.172015701619382844e-01,0.000000000000000000e+00
8.182970146259623823e-01,0.000000000000000000e+00
8.193924590899864802e-01,0.000000000000000000e+00
8.204879035540104670e-01,0.000000000000000000e+00
8.215833480180344539e-01,0.000000000000000000e+00
8.226787924820585518e-01,0.000000000000000000e+00
8.237742369460825387e-01,0.000000000000000000e+00
8.248696814101066366e-01,0.000000000000000000e+00
8.259651258741307345e-01,0.000000000000000000e+00
8.270605703381547213e-01,0.000000000000000000e+00
8.281560148021787082e-01,0.000000000000000000e+00
8.292514592662028061e-01,0.000000000000000000e+00
8.303469037302269040e-01,0.000000000000000000e+00
8.314423481942508909e-01,0.000000000000000000e+00
8.325377926582748778e-01,0.000000000000000000e+00
8.336332371222990867e-01,0.000000000000000000e+00
8.347286815863230736e-01,0.000000000000000000e+00
8.358241260503470604e-01,0.000000000000000000e+00
8.369195705143711583e-01,0.000000000000000000e+00
8.380150149783952562e-01,0.000000000000000000e+00
8.391104594424192431e-01,0.000000000000000000e+00
8.402059039064432300e-01,0.000000000000000000e+00
8.413013483704673279e-01,0.000000000000000000e+00
8.423967928344914258e-01,0.000000000000000000e+00
8.434922372985154126e-01,0.000000000000000000e+00
8.445876817625395105e-01,0.000000000000000000e+00
8.456831262265634974e-01,0.000000000000000000e+00
8.467785706905875953e-01,0.000000000000000000e+00
8.478740151546115822e-01,0.000000000000000000e+00
8.489694596186356801e-01,0.000000000000000000e+00
8.500649040826596670e-01,0.000000000000000000e+00
8.511603485466836538e-01,0.000000000000000000e+00
8.522557930107078628e-01,0.000000000000000000e+00
8.533512374747318496e-01,0.000000000000000000e+00
8.544466819387558365e-01,0.000000000000000000e+00
8.555421264027798234e-01,0.000000000000000000e+00
8.566375708668040323e-01,0.000000000000000000e+00
8.577330153308280192e-01,0.000000000000000000e+00
8.588284597948520060e-01,0.000000000000000000e+00
8.599239042588761039e-01,0.000000000000000000e+00
8.610193487229002018e-01,0.000000000000000000e+00
8.621147931869241887e-01,0.000000000000000000e+00
8.632102376509482866e-01,0.000000000000000000e+00
8.643056821149722735e-01,0.000000000000000000e+00
8.654011265789963714e-01,0.000000000000000000e+00
8.664965710430203583e-01,0.000000000000000000e+00
8.675920155070444562e-01,0.000000000000000000e+00
8.686874599710684430e-01,0.000000000000000000e+00
8.697829044350925409e-01,0.000000000000000000e+00
8.708783488991166388e-01,0.000000000000000000e+00
8.719737933631406257e-01,0.000000000000000000e+00
8.730692378271646126e-01,0.000000000000000000e+00
8.741646822911887105e-01,0.000000000000000000e+00
8.752601267552128084e-01,0.000000000000000000e+00
8.763555712192367952e-01,0.000000000000000000e+00
8.774510156832607821e-01,0.000000000000000000e+00
8.785464601472848800e-01,0.000000000000000000e+00
8.796419046113088669e-01,0.000000000000000000e+00
8.807373490753328538e-01,0.000000000000000000e+00
8.818327935393570627e-01,0.000000000000000000e+00
8.829282380033811606e-01,0.000000000000000000e+00
8.840236824674051475e-01,0.000000000000000000e+00
8.851191269314291343e-01,0.000000000000000000e+00
8.862145713954532322e-01,0.000000000000000000e+00
8.873100158594772191e-01,0.000000000000000000e+00
8.884054603235012060e-01,0.000000000000000000e+00
8.895009047875253039e-01,0.000000000000000000e+00
8.905963492515495128e-01,0.000000000000000000e+00
8.916917937155734997e-01,0.000000000000000000e+00
8.927872381795974865e-01,0.000000000000000000e+00
8.938826826436215844e-01,0.000000000000000000e+00
8.949781271076455713e-01,0.000000000000000000e+00
8.960735715716695582e-01,0.000000000000000000e+00
8.971690160356936561e-01,0.000000000000000000e+00
8.982644604997176430e-01,0.000000000000000000e+00
8.993599049637418519e-01,0.000000000000000000e+00
9.004553494277658388e-01,0.000000000000000000e+00
9.015507938917899367e-01,0.000000000000000000e+00
9.026462383558139235e-01,0.000000000000000000e+00
9.037416828198379104e-01,0.000000000000000000e+00
9.048371272838620083e-01,0.000000000000000000e+00
9.059325717478859952e-01,0.000000000000000000e+00
9.070280162119099820e-01,0.000000000000000000e+00
9.081234606759340799e-01,0.000000000000000000e+00
9.092189051399582889e-01,0.000000000000000000e+00
9.103143496039822757e-01,0.000000000000000000e+00
9.114097940680062626e-01,0.000000000000000000e+00
9.125052385320303605e-01,0.000000000000000000e+00
9.136006829960543474e-01,0.000000000000000000e+00
9.146961274600783343e-01,0.000000000000000000e+00
9.157915719241024322e-01,0.000000000000000000e+00
9.168870163881264190e-01,0.000000000000000000e+00
9.179824608521506280e-01,0.000000000000000000e+00
9.190779053161746148e-01,0.000000000000000000e+00
9.201733497801987127e-01,0.000000000000000000e+00
9.212687942442226996e-01,0.000000000000000000e+00
9.223642387082466865e-01,0.000000000000000000e+00
9.234596831722707844e-01,0.000000000000000000e+00
9.245551276362947712e-01,0.000000000000000000e+00
9.256505721003187581e-01,0.000000000000000000e+00
9.267460165643429670e-01,0.000000000000000000e+00
9.278414610283670649e-01,0.000000000000000000e+00
9.289369054923910518e-01,0.000000000000000000e+00
9.300323499564150387e-01,0.000000000000000000e+00
9.311277944204391366e-01,0.000000000000000000e+00
9.322232388844631235e-01,0.000000000000000000e+00
9.333186833484871103e-01,0.000000000000000000e+00
9.344141278125112082e-01,0.000000000000000000e+00
9.355095722765351951e-01,0.000000000000000000e+00
9.366050167405594040e-01,0.000000000000000000e+00
9.377004612045833909e-01,0.000000000000000000e+00
9.387959056686074888e-01,0.000000000000000000e+00
9.398913501326314757e-01,0.000000000000000000e+00
9.409867945966554625e-01,0.000000000000000000e+00
9.420822390606795604e-01,0.000000000000000000e+00
9.431776835247035473e-01,0.000000000000000000e+00
9.442731279887275342e-01,0.000000000000000000e+00
9.453685724527517431e-01,0.000000000000000000e+00
9.464640169167758410e-01,0.000000000000000000e+00
9.475594613807998279e-01,0.000000000000000000e+00
9.486549058448238148e-01,0.000000000000000000e+00
9.497503503088479127e-01,0.000000000000000000e+00
9.508457947728718995e-01,0.000000000000000000e+00
9.519412392368958864e-01,0.000000000000000000e+00
9.530366837009199843e-01,0.000000000000000000e+00
9.541321281649441932e-01,0.000000000000000000e+00
9.552275726289681801e-01,0.000000000000000000e+00
9.563230170929921670e-01,0.000000000000000000e+00
9.574184615570162649e-01,0.000000000000000000e+00
9.585139060210402517e-01,0.000000000000000000e+00
9.596093504850642386e-01,0.000000000000000000e+00
9.607047949490883365e-01,0.000000000000000000e+00
9.618002394131123234e-01,0.000000000000000000e+00
9.628956838771363103e-01,0.000000000000000000e+00
9.639911283411605192e-01,0.000000000000000000e+00
9.650865728051846171e-01,0.000000000000000000e+00
9.661820172692086039e-01,0.000000000000000000e+00
9.672774617332325908e-01,0.000000000000000000e+00
9.683729061972566887e-01,0.000000000000000000e+00
9.694683506612806756e-01,0.000000000000000000e+00
9.705637951253046625e-01,0.000000000000000000e+00
9.716592395893287604e-01,0.000000000000000000e+00
9.727546840533529693e-01,0.000000000000000000e+00
9.738501285173769562e-01,0.000000000000000000e+00
9.749455729814009430e-01,0.000000000000000000e+00
9.760410174454250409e-01,0.000000000000000000e+00
9.771364619094490278e-01,0.000000000000000000e+00
9.782319063734730147e-01,0.000000000000000000e+00
9.793273508374971126e-01,0.000000000000000000e+00
9.804227953015210995e-01,0.000000000000000000e+00
9.815182397655453084e-01,0.000000000000000000e+00
9.826136842295692952e-01,0.000000000000000000e+00
9.837091286935933931e-01,0.000000000000000000e+00
9.848045731576173800e-01,0.000000000000000000e+00
9.859000176216413669e-01,0.000000000000000000e+00
9.869954620856654648e-01,0.000000000000000000e+00
9.880909065496894517e-01,0.000000000000000000e+00
9.891863510137134385e-01,0.000000000000000000e+00
9.902817954777375364e-01,0.000000000000000000e+00
9.913772399417617454e-01,0.000000000000000000e+00
9.924726844057857322e-01,0.000000000000000000e+00
9.935681288698097191e-01,0.000000000000000000e+00
9.946635733338338170e-01,0.000000000000000000e+00
9.957590177978578039e-01,0.000000000000000000e+00
9.968544622618817908e-01,0.000000000000000000e+00
9.979499067259058886e-01,0.000000000000000000e+00
9.990453511899298755e-01,0.000000000000000000e+00
1.000140795653954084e+00,0.000000000000000000e+00
1.001236240117978182e+00,0.000000000000000000e+00
1.002331684582002058e+00,0.000000000000000000e+00
1.003427129046026156e+00,0.000000000000000000e+00
1.004522573510050254e+00,0.000000000000000000e+00
1.005618017974074130e+00,0.000000000000000000e+00
1.006713462438098228e+00,0.000000000000000000e+00
1.007808906902122326e+00,0.000000000000000000e+00
1.008904351366146424e+00,0.000000000000000000e+00
1.009999795830170521e+00,0.000000000000000000e+00
1.011095240294194397e+00,0.000000000000000000e+00
1.012190684758218495e+00,0.000000000000000000e+00
1.013286129222242593e+00,0.000000000000000000e+00
1.014381573686266469e+00,0.000000000000000000e+00
1.015477018150290567e+00,0.000000000000000000e+00
1.016572462614314665e+00,0.000000000000000000e+00
1.017667907078338541e+00,0.000000000000000000e+00
1.018763351542362861e+00,0.000000000000000000e+00
1.019858796006386958e+00,0.000000000000000000e+00
1.020954240470410834e+00,0.000000000000000000e+00
1.022049684934434932e+00,0.000000000000000000e+00
1.023145129398459030e+00,0.000000000000000000e+00
1.024240573862482906e+00,0.000000000000000000e+00
1.025336018326507004e+00,0.000000000000000000e+00
1.026431462790531102e+00,0.000000000000000000e+00
1.027526907254555200e+00,0.000000000000000000e+00
1.028622351718579297e+00,0.000000000000000000e+00
1.029717796182603173e+00,0.000000000000000000e+00
1.030813240646627271e+00,0.000000000000000000e+00
1.031908685110651369e+00,0.000000000000000000e+00
1.033004129574675245e+00,0.000000000000000000e+00
1.034099574038699343e+00,0.000000000000000000e+00
1.035195018502723441e+00,0.000000000000000000e+00
1.036290462966747539e+00,0.000000000000000000e+00
1.037385907430771637e+00,0.000000000000000000e+00
1.038481351894795734e+00,0.000000000000000000e+00
1.039576796358819610e+00,0.000000000000000000e+00
1.040672240822843708e+00,0.000000000000000000e+00
1.041767685286867806e+00,0.000000000000000000e+00
1.042863129750891682e+00,0.000000000000000000e+00
1.043958574214915780e+00,0.000000000000000000e+00
1.045054018678939878e+00,0.000000000000000000e+00
1.046149463142963976e+00,0.000000000000000000e+00
1.047244907606988074e+00,0.000000000000000000e+00
1.048340352071011949e+00,0.000000000000000000e+00
1.049435796535036047e+00,0.000000000000000000e+00
1.050531240999060145e+00,0.000000000000000000e+00
1.051626685463084021e+00,0.000000000000000000e+00
1.052722129927108119e+00,0.000000000000000000e+00
1.053817574391132217e+00,0.000000000000000000e+00
1.054913018855156315e+00,0.000000000000000000e+00
1.056008463319180413e+00,0.000000000000000000e+00
1.057103907783204511e+00,0.000000000000000000e+00
1.058199352247228386e+00,0.000000000000000000e+00
1.059294796711252484e+00,0.000000000000000000e+00
1.060390241175276582e+00,0.000000000000000000e+00
1.061485685639300458e+00,0.000000000000000000e+00
1.062581130103324556e+00,0.000000000000000000e+00
1.063676574567348654e+00,0.000000000000000000e+00
1.064772019031372752e+00,0.000000000000000000e+00
1.065867463495396850e+00,0.000000000000000000e+00
1.066962907959420725e+00,0.000000000000000000e+00
1.068058352423444823e+00,0.000000000000000000e+00
1.069153796887468921e+00,0.000000000000000000e+00
1.070249241351492797e+00,0.000000000000000000e+00
1.071344685815516895e+00,0.000000000000000000e+00
1.072440130279540993e+00,0.000000000000000000e+00
1.073535574743565091e+00,0.000000000000000000e+00
1.074631019207589189e+00,0.000000000000000000e+00
1.075726463671613287e+00,0.000000000000000000e+00
1.076821908135637162e+00,0.000000000000000000e+00
1.077917352599661260e+00,0.000000000000000000e+00
1.079012797063685358e+00,0.000000000000000000e+00
1.080108241527709234e+00,0.000000000000000000e+00
1.081203685991733332e+00,0.000000000000000000e+00
1.082299130455757430e+00,0.000000000000000000e+00
1.083394574919781528e+00,0.000000000000000000e+00
1.084490019383805626e+00,0.000000000000000000e+00
1.085585463847829502e+00,0.000000000000000000e+00
1.086680908311853599e+00,0.000000000000000000e+00
1.087776352775877697e+00,0.000000000000000000e+00
1.088871797239901573e+00,0.000000000000000000e+00
1.089967241703925671e+00,0.000000000000000000e+00
1.091062686167949991e+00,0.000000000000000000e+00
1.092158130631973867e+00,0.000000000000000000e+00
1.093253575095997965e+00,0.000000000000000000e+00
1.094349019560022063e+00,0.000000000000000000e+00
1.095444464024045939e+00,0.000000000000000000e+00
1.096539908488070036e+00,0.000000000000000000e+00
1.097635352952094134e+00,0.000000000000000000e+00
1.098730797416118010e+00,0.000000000000000000e+00
1.099826241880142108e+00,0.000000000000000000e+00
1.100921686344166206e+00,0.000000000000000000e+00
1.102017130808190304e+00,0.000000000000000000e+00
1.103112575272214402e+00,0.000000000000000000e+00
1.104208019736238278e+00,0.000000000000000000e+00
1.105303464200262376e+00,0.000000000000000000e+00
1.106398908664286473e+00,0.000000000000000000e+00
1.107494353128310349e+00,0.000000000000000000e+00
1.108589797592334447e+00,0.000000000000000000e+00
1.109685242056358767e+00,0.000000000000000000e+00
1.110780686520382643e+00,0.000000000000000000e+00
1.111876130984406741e+00,0.000000000000000000e+00
1.112971575448430839e+00,0.000000000000000000e+00
1.114067019912454715e+00,0.000000000000000000e+00
1.115162464376478813e+00,0.000000000000000000e+00
1.116257908840502910e+00,0.000000000000000000e+00
1.117353353304526786e+00,0.000000000000000000e+00
1.118448797768551106e+00,0.000000000000000000e+00
1.119544242232574982e+00,0.000000000000000000e+00
1.120639686696599080e+00,0.000000000000000000e+00
1.121735131160623178e+00,0.000000000000000000e+00
1.122830575624647054e+00,0.000000000000000000e+00
1.123926020088671152e+00,0.000000000000000000e+00
1.125021464552695249e+00,0.000000000000000000e+00
1.126116909016719125e+00,0.000000000000000000e+00
1.127212353480743223e+00,0.000000000000000000e+00
1.128307797944767543e+00,0.000000000000000000e+00
1.129403242408791419e+00,0.000000000000000000e+00
1.130498686872815517e+00,0.000000000000000000e+00
1.131594131336839615e+00,0.000000000000000000e+00
1.132689575800863491e+00,0.000000000000000000e+00
1.133785020264887589e+00,0.000000000000000000e+00
1.134880464728911686e+00,0.000000000000000000e+00
1.135975909192935562e+00,0.000000000000000000e+00
1.137071353656959882e+00,0.000000000000000000e+00
1.138166798120983758e+00,0.000000000000000000e+00
1.139262242585007856e+00,0.000000000000000000e+00
1.140357687049031954e+00,0.000000000000000000e+00
1.141453131513055830e+00,0.000000000000000000e+00
1.142548575977079928e+00,0.000000000000000000e+00
1.143644020441104026e+00,0.000000000000000000e+00
1.144739464905127901e+00,0.000000000000000000e+00
1.145834909369152221e+00,0.000000000000000000e+00
1.146930353833176319e+00,0.000000000000000000e+00
1.148025798297200195e+00,0.000000000000000000e+00
1.149121242761224293e+00,0.000000000000000000e+00
1.150216687225248391e+00,0.000000000000000000e+00
1.151312131689272267e+00,0.000000000000000000e+00
1.152407576153296365e+00,0.000000000000000000e+00
1.153503020617320463e+00,0.000000000000000000e+00
1.154598465081344338e+00,0.000000000000000000e+00
1.155693909545368658e+00,0.000000000000000000e+00
1.156789354009392534e+00,0.000000000000000000e+00
1.157884798473416632e+00,0.000000000000000000e+00
1.158980242937440730e+00,0.000000000000000000e+00
1.160075687401464606e+00,0.000000000000000000e+00
1.161171131865488704e+00,0.000000000000000000e+00
1.162266576329512802e+00,0.000000000000000000e+00
1.163362020793536677e+00,0.000000000000000000e+00
1.164457465257560997e+00,0.000000000000000000e+00
1.165552909721585095e+00,0.000000000000000000e+00
1.166648354185608971e+00,0.000000000000000000e+00
1.167743798649633069e+00,0.000000000000000000e+00
1.168839243113657167e+00,0.000000000000000000e+00
1.169934687577681043e+00,0.000000000000000000e+00
1.171030132041705141e+00,0.000000000000000000e+00
1.172125576505729239e+00,0.000000000000000000e+00
1.173221020969753337e+00,0.000000000000000000e+00
1.174316465433777434e+00,0.000000000000000000e+00
1.175411909897801310e+00,0.000000000000000000e+00
1.176507354361825408e+00,0.000000000000000000e+00
1.177602798825849506e+00,0.000000000000000000e+00
1.178698243289873382e+00,0.000000000000000000e+00
1.179793687753897480e+00,0.000000000000000000e+00
1.180889132217921578e+00,0.000000000000000000e+00
1.181984576681945454e+00,0.000000000000000000e+00
1.183080021145969773e+00,0.000000000000000000e+00
1.184175465609993871e+00,0.000000000000000000e+00
1.185270910074017747e+00,0.000000000000000000e+00
1.186366354538041845e+00,0.000000000000000000e+00
1.187461799002065943e+00,0.000000000000000000e+00
1.188557243466089819e+00,0.000000000000000000e+00
1.189652687930113917e+00,0.000000000000000000e+00
1.190748132394138015e+00,0.000000000000000000e+00
1.191843576858162113e+00,0.000000000000000000e+00
1.192939021322186210e+00,0.000000000000000000e+00
1.194034465786210086e+00,0.000000000000000000e+00
1.195129910250234184e+00,0.000000000000000000e+00
1.196225354714258282e+00,0.000000000000000000e+00
1.197320799178282158e+00,0.000000000000000000e+00
1.198416243642306256e+00,0.000000000000000000e+00
1.199511688106330354e+00,0.000000000000000000e+00
1.200607132570354452e+00,0.000000000000000000e+00
1.201702577034378550e+00,0.000000000000000000e+00
1.202798021498402647e+00,0.000000000000000000e+00
1.203893465962426523e+00,0.000000000000000000e+00
1.204988910426450621e+00,0.000000000000000000e+00
1.206084354890474719e+00,0.000000000000000000e+00
1.207179799354498595e+00,0.000000000000000000e+00
1.208275243818522693e+00,0.000000000000000000e+00
1.209370688282546791e+00,0.000000000000000000e+00
1.210466132746570889e+00,0.000000000000000000e+00
1.211561577210594987e+00,0.000000000000000000e+00
1.212657021674618862e+00,0.000000000000000000e+00
1.213752466138642960e+00,0.000000000000000000e+00
1.214847910602667058e+00,0.000000000000000000e+00
1.215943355066690934e+00,0.000000000000000000e+00
1.217038799530715032e+00,0.000000000000000000e+00
1.218134243994739130e+00,0.000000000000000000e+00
1.219229688458763228e+00,0.000000000000000000e+00
1.220325132922787326e+00,0.000000000000000000e+00
1.221420577386811424e+00,0.000000000000000000e+00
1.222516021850835299e+00,0.000000000000000000e+00
1.223611466314859397e+00,0.000000000000000000e+00
1.224706910778883495e+00,0.000000000000000000e+00
1.225802355242907371e+00,0.000000000000000000e+00
1.226897799706931469e+00,0.000000000000000000e+00
1.227993244170955567e+00,0.000000000000000000e+00
1.229088688634979665e+00,0.000000000000000000e+00
1.230184133099003763e+00,0.000000000000000000e+00
1.231279577563027638e+00,0.000000000000000000e+00
1.232375022027051736e+00,0.000000000000000000e+00
1.233470466491075834e+00,0.000000000000000000e+00
1.234565910955099710e+00,0.000000000000000000e+00
1.235661355419123808e+00,0.000000000000000000e+00
1.236756799883147906e+00,0.000000000000000000e+00
1.237852244347172004e+00,0.000000000000000000e+00
1.238947688811196102e+00,0.000000000000000000e+00
1.240043133275220200e+00,0.000000000000000000e+00
1.241138577739244075e+00,0.000000000000000000e+00
1.242234022203268173e+00,0.000000000000000000e+00
1.243329466667292271e+00,0.000000000000000000e+00
1.244424911131316147e+00,0.000000000000000000e+00
1.245520355595340245e+00,0.000000000000000000e+00
1.246615800059364343e+00,0.000000000000000000e+00
1.247711244523388441e+00,0.000000000000000000e+00
1.248806688987412539e+00,0.000000000000000000e+00
1.249902133451436415e+00,0.000000000000000000e+00
1.250997577915460512e+00,0.000000000000000000e+00
1.252093022379484610e+00,0.000000000000000000e+00
1.253188466843508486e+00,0.000000000000000000e+00
1.254283911307532584e+00,0.000000000000000000e+00
1.255379355771556904e+00,0.000000000000000000e+00
1.256474800235580780e+00,0.000000000000000000e+00
1.257570244699604878e+00,0.000000000000000000e+00
1.258665689163628976e+00,0.000000000000000000e+00
1.259761133627652852e+00,0.000000000000000000e+00
1.260856578091676949e+00,0.000000000000000000e+00
1.261952022555701047e+00,0.000000000000000000e+00
1.263047467019724923e+00,0.000000000000000000e+00
1.264142911483749021e+00,0.000000000000000000e+00
1.265238355947773119e+00,0.000000000000000000e+00
1.266333800411797217e+00,0.000000000000000000e+00
1.267429244875821315e+00,0.000000000000000000e+00
1.268524689339845191e+00,0.000000000000000000e+00
1.269620133803869289e+00,0.000000000000000000e+00
1.270715578267893386e+00,0.000000000000000000e+00
1.271811022731917262e+00,0.000000000000000000e+00
1.272906467195941360e+00,0.000000000000000000e+00
1.274001911659965680e+00,0.000000000000000000e+00
1.275097356123989556e+00,0.000000000000000000e+00
1.276192800588013654e+00,0.000000000000000000e+00
1.277288245052037752e+00,0.000000000000000000e+00
1.278383689516061628e+00,0.000000000000000000e+00
1.279479133980085725e+00,0.000000000000000000e+00
1.280574578444109823e+00,0.000000000000000000e+00
1.281670022908133699e+00,0.000000000000000000e+00
1.282765467372158019e+00,0.000000000000000000e+00
1.283860911836181895e+00,0.000000000000000000e+00
1.284956356300205993e+00,0.000000000000000000e+00
1.286051800764230091e+00,0.000000000000000000e+00
1.287147245228253967e+00,0.000000000000000000e+00
1.288242689692278065e+00,0.000000000000000000e+00
1.289338134156302162e+00,0.000000000000000000e+00
1.290433578620326038e+00,0.000000000000000000e+00
1.291529023084350136e+00,0.000000000000000000e+00
1.292624467548374456e+00,0.000000000000000000e+00
1.293719912012398332e+00,0.000000000000000000e+00
1.294815356476422430e+00,0.000000000000000000e+00
1.295910800940446528e+00,0.000000000000000000e+00
1.297006245404470404e+00,0.000000000000000000e+00
1.298101689868494502e+00,0.000000000000000000e+00
1.299197134332518377e+00,0.000000000000000000e+00
1.300292578796542475e+00,0.000000000000000000e+00
1.301388023260566795e+00,0.000000000000000000e+00
1.302483467724590671e+00,0.000000000000000000e+00
1.303578912188614769e+00,0.000000000000000000e+00
1.304674356652638867e+00,0.000000000000000000e+00
1.305769801116662743e+00,0.000000000000000000e+00
1.306865245580686841e+00,0.000000000000000000e+00
1.307960690044710939e+00,0.000000000000000000e+00
1.309056134508734814e+00,0.000000000000000000e+00
1.310151578972759134e+00,0.000000000000000000e+00
1.311247023436783232e+00,0.000000000000000000e+00
1.312342467900807108e+00,0.000000000000000000e+00
1.313437912364831206e+00,0.000000000000000000e+00
1.314533356828855304e+00,0.000000000000000000e+00
1.315628801292879180e+00,0.000000000000000000e+00
1.316724245756903278e+00,0.000000000000000000e+00
1.317819690220927153e+00,0.000000000000000000e+00
1.318915134684951251e+00,0.000000000000000000e+00
1.320010579148975571e+00,0.000000000000000000e+00
1.321106023612999447e+00,0.000000000000000000e+00
1.322201468077023545e+00,0.000000000000000000e+00
1.323296912541047643e+00,0.000000000000000000e+00
1.324392357005071519e+00,0.000000000000000000e+00
1.325487801469095617e+00,0.000000000000000000e+00
1.326583245933119715e+00,0.000000000000000000e+00
1.327678690397143590e+00,0.000000000000000000e+00
1.328774134861167910e+00,0.000000000000000000e+00
1.329869579325192008e+00,0.000000000000000000e+00
1.330965023789215884e+00,0.000000000000000000e+00
1.332060468253239982e+00,0.000000000000000000e+00
1.333155912717263858e+00,0.000000000000000000e+00
1.334251357181287956e+00,0.000000000000000000e+00
1.335346801645312054e+00,0.000000000000000000e+00
1.336442246109335930e+00,0.000000000000000000e+00
1.337537690573360250e+00,0.000000000000000000e+00
1.338633135037384347e+00,0.000000000000000000e+00
1.339728579501408223e+00,0.000000000000000000e+00
1.340824023965432321e+00,0.000000000000000000e+00
1.341919468429456419e+00,0.000000000000000000e+00
1.343014912893480295e+00,0.000000000000000000e+00
1.344110357357504393e+00,0.000000000000000000e+00
1.345205801821528491e+00,0.000000000000000000e+00
1.346301246285552367e+00,0.000000000000000000e+00
1.347396690749576686e+00,0.000000000000000000e+00
1.348492135213600562e+00,0.000000000000000000e+00
1.349587579677624660e+00,0.000000000000000000e+00
1.350683024141648758e+00,0.000000000000000000e+00
1.351778468605672634e+00,0.000000000000000000e+00
1.352873913069696732e+00,0.000000000000000000e+00
1.353969357533720830e+00,0.000000000000000000e+00
1.355064801997744706e+00,0.000000000000000000e+00
1.356160246461769026e+00,0.000000000000000000e+00
1.357255690925793123e+00,0.000000000000000000e+00
1.358351135389816999e+00,0.000000000000000000e+00
1.359446579853841097e+00,0.000000000000000000e+00
1.360542024317865195e+00,0.000000000000000000e+00
1.361637468781889071e+00,0.000000000000000000e+00
1.362732913245913169e+00,0.000000000000000000e+00
1.363828357709937267e+00,0.000000000000000000e+00
1.364923802173961365e+00,0.000000000000000000e+00
1.366019246637985463e+00,0.000000000000000000e+00
1.367114691102009338e+00,0.000000000000000000e+00
1.368210135566033436e+00,0.000000000000000000e+00
1.369305580030057534e+00,0.000000000000000000e+00
