# omega(Hartree) S(1/Hartree) dS(1/Hartree)
1.095444464024046072e-03,3.050240741237983055e+00,8.042570412413219128e-01
2.190888928048092144e-03,3.048611714394661387e+00,7.810323006871038309e-01
3.286333392072138000e-03,3.052240937179087066e+00,7.581411215913135271e-01
4.381777856096184288e-03,3.060746647444838597e+00,7.356172174038867473e-01
5.477222320120230144e-03,3.073787583780635657e+00,7.135224761670584392e-01
6.572666784144275999e-03,3.091056910459696550e+00,6.919506308507319403e-01
7.668111248168322722e-03,3.112277067101075545e+00,6.710304024239496234e-01
8.763555712192368577e-03,3.137195391815901235e+00,6.509284821021248391e-01
9.859000176216414432e-03,3.165580394268530995e+00,6.318512688015665013e-01
1.095444464024046029e-02,3.197218577282684659e+00,6.140448639813396170e-01
1.204988910426450614e-02,3.231911723510300316e+00,5.977922962482011826e-01
1.314533356828855200e-02,3.269474578130086240e+00,5.834068085964418948e-01
1.424077803231259785e-02,3.309732870257810600e+00,5.712203154836805741e-01
1.533622249633664544e-02,3.352521625262805394e+00,5.615664093842542837e-01
1.643166696036068783e-02,3.397683727937821363e+00,5.547583463788948732e-01
1.752711142438473715e-02,3.445068702800924143e+00,5.510636615586124165e-01
1.862255588840878301e-02,3.494531682986950383e+00,5.506786323842827180e-01
1.971800035243282886e-02,3.545932543438046203e+00,5.537067278217995270e-01
2.081344481645687472e-02,3.599135177598693947e+00,5.601451665784833445e-01
2.190888928048092057e-02,3.654006899701242261e+00,5.698821777084684959e-01
2.300433374450496643e-02,3.710417957114492626e+00,5.827052317848399055e-01
2.409977820852901229e-02,3.768241139200676493e+00,5.983181925362257569e-01
2.519522267255305814e-02,3.827351470777394127e+00,6.163635722240810022e-01
2.629066713657710400e-02,3.887625979654723896e+00,6.364460119463574150e-01
2.738611160060114985e-02,3.948943528880882958e+00,6.581541404186913580e-01
2.848155606462519571e-02,4.011184705308315834e+00,6.810784919510690649e-01
2.957700052864924503e-02,4.074231756933132331e+00,7.048253339980168342e-01
3.067244499267329089e-02,4.137968572183992499e+00,7.290262673144510819e-01
3.176788945669733327e-02,4.202280694959526386e+00,7.533442079669927516e-01
3.286333392072137566e-02,4.267055369777220442e+00,7.774767007809498809e-01
3.395877838474542498e-02,4.332181611881184224e+00,8.011571230994534165e-01
3.505422284876947431e-02,4.397550297604222003e+00,8.241543356103909757e-01
3.614966731279351669e-02,4.463054270689013947e+00,8.462713751331080170e-01
3.724511177681756602e-02,4.528588460640908586e+00,8.673433453360865908e-01
3.834055624084160840e-02,4.594050009542284485e+00,8.872349923712193887e-01
3.943600070486565773e-02,4.659338404080034302e+00,9.058378229506549584e-01
4.053144516888970011e-02,4.724355609852921134e+00,9.230673313746702302e-01
4.162688963291374944e-02,4.789006205319749299e+00,9.388599668674411092e-01
4.272233409693779183e-02,4.853197513032223576e+00,9.531703859449932592e-01
4.381777856096184115e-02,4.916839726067003369e+00,9.659687500792344395e-01
4.491322302498588354e-02,4.979846027830353350e+00,9.772382923492682893e-01
4.600866748900993286e-02,5.042132703656047710e+00,9.869731207722537425e-01
4.710411195303397525e-02,5.103619242854513516e+00,9.951762202402530955e-01
4.819955641705802457e-02,5.164228430095922917e+00,1.001857924668976718e+00
4.929500088108207390e-02,5.223886425223231100e+00,1.007034449041079638e+00
5.039044534510611628e-02,5.282522830793585200e+00,1.010726879578071946e+00
5.148588980913015867e-02,5.340070746835533733e+00,1.012960325219796509e+00
5.258133427315420799e-02,5.396466812485709141e+00,1.013763275079692550e+00
5.367677873717825038e-02,5.451651234333840357e+00,1.013167226214600092e+00
5.477222320120229970e-02,5.505567801454255950e+00,1.011206383778004980e+00
5.586766766522634903e-02,5.558163887240763046e+00,1.007917508227788250e+00
5.696311212925039141e-02,5.609390438285359437e+00,1.003339916498389606e+00
5.805855659327444074e-02,5.659201950653173441e+00,9.975154394701022387e-01
5.915400105729849006e-02,5.707556434002849066e+00,9.904885117980732900e-01
6.024944552132253245e-02,5.754415364088684370e+00,9.823062535041853227e-01
6.134488998534658177e-02,5.799743624252285734e+00,9.730185559949806606e-01
6.244033444937061722e-02,5.843509436573119054e+00,9.626781763054841345e-01
6.353577891339466654e-02,5.885684283397544903e+00,9.513408307660499164e-01
6.463122337741870893e-02,5.926242820003627010e+00,9.390652618461600154e-01
6.572666784144275132e-02,5.965162779188014852e+00,9.259133027599324439e-01
6.682211230546680758e-02,6.002424868581114126e+00,9.119499270956729076e-01
6.791755676949084997e-02,6.038012661505514522e+00,8.972432624897077602e-01
6.901300123351489235e-02,6.071912482196171190e+00,8.818645925155372822e-01
7.010844569753894862e-02,6.104113286195468113e+00,8.658883331801162653e-01
7.120389016156299100e-02,6.134606536724718673e+00,8.493919489814639734e-01
7.229933462558703339e-02,6.163386077816297437e+00,8.324558452238322026e-01
7.339477908961108965e-02,6.190448004969069551e+00,8.151631700709009998e-01
7.449022355363513204e-02,6.215790534062231032e+00,7.975995442152941095e-01
7.558566801765917442e-02,6.239413869233441545e+00,7.798526816719031363e-01
7.668111248168321681e-02,6.261320070393823656e+00,7.620118804403149815e-01
7.777655694570725919e-02,6.281512921016954465e+00,7.441673526856696919e-01
7.887200140973131546e-02,6.299997796802033534e+00,7.264093619480431752e-01
7.996744587375535784e-02,6.316781535773330347e+00,7.088271857101375861e-01
8.106289033777940023e-02,6.331872310339302423e+00,6.915078133636577418e-01
8.215833480180345649e-02,6.345279501794899524e+00,6.745344776209686311e-01
8.325377926582749888e-02,6.357013577712650410e+00,6.579848933505751951e-01
8.434922372985154126e-02,6.367085972629151769e+00,6.419293935254826167e-01
8.544466819387558365e-02,6.375508972396027652e+00,6.264288836906845015e-01
8.654011265789963991e-02,6.382295602528230027e+00,6.115327932121602528e-01
8.763555712192368230e-02,6.387459520847340144e+00,5.972770711234193231e-01
8.873100158594772469e-02,6.391014914683683656e+00,5.836824057452835168e-01
8.982644604997176707e-02,6.392976402869770425e+00,5.707527910330932874e-01
9.092189051399580946e-02,6.393358942726659500e+00,5.584746338017774203e-01
9.201733497801986572e-02,6.392177742216907710e+00,5.468164793313539107e-01
9.311277944204390811e-02,6.389448177411438223e+00,5.357295293883268528e-01
9.420822390606795049e-02,6.385185715392948325e+00,5.251489317827938708e-01
9.530366837009200676e-02,6.379405842692666084e+00,5.149960447186101575e-01
9.639911283411604914e-02,6.372123999350694845e+00,5.051812980788513707e-01
9.749455729814009153e-02,6.363355518639330022e+00,4.956079108786604626e-01
9.859000176216414779e-02,6.353115572513495124e+00,4.861761294868758299e-01
9.968544622618819018e-02,6.341419122801406516e+00,4.767878230784134419e-01
1.007808906902122326e-01,6.328280878152273914e+00,4.673514516677842456e-01
1.018763351542362888e-01,6.313715256739846460e+00,4.577870184487820016e-01
1.029717796182603173e-01,6.297736354708753481e+00,4.480311185430019272e-01
1.040672240822843597e-01,6.280357920340556177e+00,4.380418403570935926e-01
1.051626685463084160e-01,6.261593333906231074e+00,4.278035175237073773e-01
1.062581130103324584e-01,6.241455593161907345e+00,4.173312493984853710e-01
1.073535574743565008e-01,6.219957304437419232e+00,4.066751148965595530e-01
1.084490019383805570e-01,6.197110679257523458e+00,3.959238982438975651e-01
1.095444464024045994e-01,6.172927536428349349e+00,3.852081729238005514e-01
1.106398908664286418e-01,6.147419309513313834e+00,3.747022896413265691e-01
1.117353353304526981e-01,6.120597059614289570e+00,3.646246253157847672e-01
1.128307797944767404e-01,6.092471493365522406e+00,3.552352001107655921e-01
1.139262242585007828e-01,6.063052986038284686e+00,3.468294427429898241e-01
1.150216687225248391e-01,6.032351609644935664e+00,3.397269842565978637e-01
1.161171131865488815e-01,6.000377165920005140e+00,3.342544362391594026e-01
1.172125576505729239e-01,5.967139224044570867e+00,3.307224317240462508e-01
1.183080021145969801e-01,5.932647162967638721e+00,3.293987224578813211e-01
1.194034465786210225e-01,5.896910218163423423e+00,3.304812439936048452e-01
1.204988910426450649e-01,5.859937532652037540e+00,3.340764127366639413e-01
1.215943355066691212e-01,5.821738212086449593e+00,3.401875933886459591e-01
1.226897799706931635e-01,5.782321383701523487e+00,3.487162843494857611e-01
1.237852244347171921e-01,5.741696258892191373e+00,3.594751386692948691e-01
1.248806688987412344e-01,5.699872199172496323e+00,3.722088794367858777e-01
1.259761133627652907e-01,5.656858785242749654e+00,3.866180887600141336e-01
1.270715578267893331e-01,5.612665888869576847e+00,4.023815363854730820e-01
1.281670022908133755e-01,5.567303747257986046e+00,4.191743264933612823e-01
1.292624467548374179e-01,5.520783039569974626e+00,4.366811170406776910e-01
1.303578912188614602e-01,5.473114965216331562e+00,4.546045874421050237e-01
1.314533356828855026e-01,5.424311323521728845e+00,4.726702884641087454e-01
1.325487801469095728e-01,5.374384594335561260e+00,4.906287176685654727e-01
1.336442246109336152e-01,5.323348019132771114e+00,5.082556507138753510e-01
1.347396690749576575e-01,5.271215682121506596e+00,5.253514419015010706e-01
1.358351135389816999e-01,5.218002590848732858e+00,5.417396742757384365e-01
1.369305580030057423e-01,5.163724755768077657e+00,5.572655107574644440e-01
1.380260024670297847e-01,5.108399268210956912e+00,5.717940072982150568e-01
1.391214469310538548e-01,5.052044376180648833e+00,5.852084327603371827e-01
1.402168913950778972e-01,4.994679557369269496e+00,5.974086098806801193e-01
1.413123358591019396e-01,4.936325588782554341e+00,6.083094553679956329e-01
1.424077803231259820e-01,4.877004612344818746e+00,6.178395587837358649e-01
1.435032247871500244e-01,4.816740195850290007e+00,6.259399833472995001e-01
1.445986692511740668e-01,4.755557388622621673e+00,6.325631022056056318e-01
1.456941137151981369e-01,4.693482771249977148e+00,6.376716886055898703e-01
1.467895581792221793e-01,4.630544498769975981e+00,6.412380485009356867e-01
1.478850026432462217e-01,4.566772336696696577e+00,6.432433965298846035e-01
1.489804471072702641e-01,4.502197689302541939e+00,6.436773460555856863e-01
1.500758915712943065e-01,4.436853619599868459e+00,6.425375799672852217e-01
1.511713360353183488e-01,4.370774860503225057e+00,6.398297602470530698e-01
1.522667804993423912e-01,4.303997816698820422e+00,6.355676471732533139e-01
1.533622249633664336e-01,4.236560556801235222e+00,6.297734659818726710e-01
1.544576694273904760e-01,4.168502795436640262e+00,6.224786107263363677e-01
1.555531138914145184e-01,4.099865864960768214e+00,6.137246930250926935e-01
1.566485583554385608e-01,4.030692676593505830e+00,6.035650475303844242e-01
1.577440028194626309e-01,3.961027670834469827e+00,5.920667198696568656e-01
1.588394472834866733e-01,3.890916757108554336e+00,5.793131276928559226e-01
1.599348917475107157e-01,3.820407242684750848e+00,5.654074459625261229e-01
1.610303362115347581e-01,3.749547751004774998e+00,5.504768930597412346e-01
1.621257806755588005e-01,3.678388129658006989e+00,5.346780397508322791e-01
1.632212251395828428e-01,3.606979348338123170e+00,5.182032675929724164e-01
1.643166696036069130e-01,3.535373387218103236e+00,5.012883792201694444e-01
1.654121140676309554e-01,3.463623116277567249e+00,4.842211360941596210e-01
1.665075585316549978e-01,3.391782166215543626e+00,4.673501955711579781e-01
1.676030029956790401e-01,3.319904791671656419e+00,4.510930872133222524e-01
1.686984474597030825e-01,3.248045727566699625e+00,4.359408883344598196e-01
1.697938919237271249e-01,3.176260039454724016e+00,4.224558526577840145e-01
1.708893363877511673e-01,3.104602968848167777e+00,4.112569009935451714e-01
1.719847808517752374e-01,3.033129774541770907e+00,4.029876675207053061e-01
1.730802253157992798e-01,2.961895571012501005e+00,3.982641701646954524e-01
1.741756697798233222e-01,2.890955165011344086e+00,3.976055837300485063e-01
1.752711142438473646e-01,2.820362891491897450e+00,4.013605753615253624e-01
1.763665587078714070e-01,2.750172450035288207e+00,4.096485681472938900e-01
1.774620031718954494e-01,2.680436742931620486e+00,4.223335729399017580e-01
1.785574476359194918e-01,2.611207716066859863e+00,4.390366149196666679e-01
1.796528920999435341e-01,2.542536203738810396e+00,4.591780621946492946e-01
1.807483365639675765e-01,2.474471778487367768e+00,4.820328283494040300e-01
1.818437810279916189e-01,2.407062606973486396e+00,5.067825154684511002e-01
1.829392254920156613e-01,2.340355312878553917e+00,5.325560223158983808e-01
1.840346699560397314e-01,2.274394847727213342e+00,5.584571359175044547e-01
1.851301144200637738e-01,2.209224370444620167e+00,5.835822556954406437e-01
1.862255588840878162e-01,2.144885136381426971e+00,6.070325485191810921e-01
1.873210033481118586e-01,2.081416396432033800e+00,6.279247441212286729e-01
1.884164478121359010e-01,2.018855306775015457e+00,6.454033591370064160e-01
1.895118922761599434e-01,1.957236849656184274e+00,6.586563903831494926e-01
1.906073367401840135e-01,1.896593765528245656e+00,6.669353741752100939e-01
1.917027812042080559e-01,1.836956496749363010e+00,6.695800882573925694e-01
1.927982256682320983e-01,1.778353142942530773e+00,6.660473304494046731e-01
1.938936701322561407e-01,1.720809428000170893e+00,6.559428912570879344e-01
1.949891145962801831e-01,1.664348678631383693e+00,6.390553516333056239e-01
1.960845590603042254e-01,1.608991814243176277e+00,6.153899259993381721e-01
1.971800035243282956e-01,1.554757347860630246e+00,5.852008035206169856e-01
1.982754479883523380e-01,1.501661397708259349e+00,5.490206669008359519e-01
1.993708924523763804e-01,1.449717708999182841e+00,5.076874110428084563e-01
2.004663369164004227e-01,1.398937685412470655e+00,4.623700026464333535e-01
2.015617813804244651e-01,1.349330429681497634e+00,4.145983662862127161e-01
2.026572258444485075e-01,1.300902792667742558e+00,3.663049833372064579e-01
2.037526703084725777e-01,1.253659430255066765e+00,3.198819885879564673e-01
2.048481147724966200e-01,1.207602867369814037e+00,2.782259105141227096e-01
2.059435592365206347e-01,1.162733568410889928e+00,2.446343140183712961e-01
2.070390037005446771e-01,1.119050013361640783e+00,2.222227063411304493e-01
2.081344481645687194e-01,1.076548778851740273e+00,2.126081105744249411e-01
2.092298926285927896e-01,1.035224623439376490e+00,2.146524582457150498e-01
2.103253370926168320e-01,9.950705763970251194e-01,2.248522602895682843e-01
2.114207815566408744e-01,9.560780292988815265e-01,2.391296558342875522e-01
2.125162260206649167e-01,9.182368297323970641e-01,2.542088480912231829e-01
2.136116704846889591e-01,8.815353764829977345e-01,2.679614480264200238e-01
2.147071149487130015e-01,8.459607155743597007e-01,2.792188246147308539e-01
2.158025594127370717e-01,8.114986365806634572e-01,2.874862757602942298e-01
2.168980038767611140e-01,7.781337686665795728e-01,2.927053278393653146e-01
2.179934483407851564e-01,7.458496758512623837e-01,2.950807935401456583e-01
2.190888928048091988e-01,7.146289510332458628e-01,2.949594213989951141e-01
2.201843372688332134e-01,6.844533083576710419e-01,2.927465754644592022e-01
2.212797817328572836e-01,6.553036735481558850e-01,2.888512169363828264e-01
2.223752261968813260e-01,6.271602718704187840e-01,2.836521828611524021e-01
2.234706706609053961e-01,6.000027134349529279e-01,2.774802541760778563e-01
2.245661151249294107e-01,5.738100755884359971e-01,2.706114272278141719e-01
2.256615595889534809e-01,5.485609821821195720e-01,2.632675792847335994e-01
2.267570040529774955e-01,5.242336795433221175e-01,2.556215068547140756e-01
2.278524485170015657e-01,5.008061090132712723e-01,2.478040932610828806e-01
2.289478929810256080e-01,4.782559759453667292e-01,2.399120695410722204e-01
2.300433374450496782e-01,4.565608150936278364e-01,2.320154137432381136e-01
2.311387819090736928e-01,4.356980523453945486e-01,2.241638708217341402e-01
2.322342263730977630e-01,4.156450627833908618e-01,2.163923791887492620e-01
2.333296708371217776e-01,3.963792250831283392e-01,2.087253824243807676e-01
2.344251153011458477e-01,3.778779722762537485e-01,2.011801158753856733e-01
2.355205597651698901e-01,3.601188389275536417e-01,1.937690118470354605e-01
2.366160042291939603e-01,3.430795047923171914e-01,1.865013847560644533e-01
2.377114486932179749e-01,3.267378350348190685e-01,1.793845534640878814e-01
2.388068931572420450e-01,3.110719171021799068e-01,1.724245423883042361e-01
2.399023376212660597e-01,2.960600943579740907e-01,1.656264821348676641e-01
2.409977820852901298e-01,2.816809965897608681e-01,1.589948080749526149e-01
2.420932265493141722e-01,2.679135675116161575e-01,1.525333336589778654e-01
2.431886710133382423e-01,2.547370893887059839e-01,1.462452555710875846e-01
2.442841154773622570e-01,2.421312049138449052e-01,1.401331305717943843e-01
2.453795599413863271e-01,2.300759364715665445e-01,1.341988496756862381e-01
2.464750044054103417e-01,2.185517029236698217e-01,1.284436241479319507e-01
2.475704488694343841e-01,2.075393340521900498e-01,1.228679895848491799e-01
2.486658933334584543e-01,1.970200827967809321e-01,1.174718288348003126e-01
2.497613377974824689e-01,1.869756354182164071e-01,1.122544111694411539e-01
2.508567822615065390e-01,1.773881197225495032e-01,1.072144435196765028e-01
2.519522267255305814e-01,1.682401114733657055e-01,1.023501291595128038e-01
2.530476711895546238e-01,1.595146391195466640e-01,9.765922957102160518e-02
2.541431156535786662e-01,1.511951869600552945e-01,9.313912598142576327e-02
2.552385601176027086e-01,1.432656968649226870e-01,8.878687796374523655e-02
2.563340045816267510e-01,1.357105686657500143e-01,8.459927738314537704e-02
2.574294490456507933e-01,1.285146593257072978e-01,8.057289675704472354e-02
2.585248935096748357e-01,1.216632809928128306e-01,7.670413170343531872e-02
2.596203379736989336e-01,1.151421980379854632e-01,7.298923761765287177e-02
2.607157824377229205e-01,1.089376231702310072e-01,6.942436101175025742e-02
2.618112269017470184e-01,1.030362127217294560e-01,6.600556612438232551e-02
2.629066713657710053e-01,9.742506118512959945e-02,6.272885747805821699e-02
2.640021158297951032e-01,9.209169508546184713e-02,5.959019905886350776e-02
2.650975602938191455e-01,8.702406626026013003e-02,5.658553074121514675e-02
2.661930047578431879e-01,8.221054462027282961e-02,5.371078250058608505e-02
2.672884492218672303e-01,7.763991045462946550e-02,5.096188686388710559e-02
2.683838936858912727e-01,7.330134634481651201e-02,4.833478995816328089e-02
2.694793381499153151e-01,6.918442874272047460e-02,4.582546142809480749e-02
2.705747826139393575e-01,6.527911926714312363e-02,4.342990342096869627e-02
2.716702270779633999e-01,6.157575576796776862e-02,4.114415877743162614e-02
2.727656715419874978e-01,5.806504320384918427e-02,3.896431851748376196e-02
2.738611160060114846e-01,5.473804437440549231e-02,3.688652867735857377e-02
2.749565604700355270e-01,5.158617054768796506e-02,3.490699653162199906e-02
2.760520049340595694e-01,4.860117201570867546e-02,3.302199621612657288e-02
2.771474493980836118e-01,4.577512861277698714e-02,3.122787376510900714e-02
2.782428938621077097e-01,4.310044022459684487e-02,2.952105156918940002e-02
2.793383383261316966e-01,4.056981731548325171e-02,2.789803226464942359e-02
2.804337827901557945e-01,3.817627149836090583e-02,2.635540206649993056e-02
2.815292272541797813e-01,3.591310616824563984e-02,2.488983356134855454e-02
2.826246717182038792e-01,3.377390722013665081e-02,2.349808798180185940e-02
2.837201161822279216e-01,3.175253386835108493e-02,2.217701698667593271e-02
2.848155606462519640e-01,2.984310958240088407e-02,2.092356397492046299e-02
2.859110051102760064e-01,2.804001315407613978e-02,1.973476496430362145e-02
2.870064495743000488e-01,2.633786990768620037e-02,1.860774906720019661e-02
2.881018940383240912e-01,2.473154306390380752e-02,1.753973859642167510e-02
2.891973385023481335e-01,2.321612526587951697e-02,1.652804883424312254e-02
2.902927829663721759e-01,2.178693027672424024e-02,1.557008749833878151e-02
2.913882274303962738e-01,2.043948485394892281e-02,1.466335393603313865e-02
2.924836718944202607e-01,1.916952080662678165e-02,1.380543807757995435e-02
2.935791163584443586e-01,1.797296724006830840e-02,1.299401917785022835e-02
2.946745608224683455e-01,1.684594299137642803e-02,1.222686437354293491e-02
2.957700052864924434e-01,1.578474925815607013e-02,1.150182708098109428e-02
2.968654497505164858e-01,1.478586242307051123e-02,1.081684525850073846e-02
2.979608942145405281e-01,1.384592707474612515e-02,1.016993955441806811e-02
2.990563386785645705e-01,1.296174922600540867e-02,9.559211360466456781e-03
3.001517831425886129e-01,1.213028972920562019e-02,8.982840788379388430e-03
3.012472276066126553e-01,1.134865788762775413e-02,8.439084585287869728e-03
3.023426720706366977e-01,1.061410526326584357e-02,7.926274003451354300e-03
3.034381165346607401e-01,9.924019677497113168e-03,7.442812635738321400e-03
3.045335609986847825e-01,9.275919404783027067e-03,6.987174229932038329e-03
3.056290054627088248e-01,8.667447555570480244e-03,6.557900490968339088e-03
3.067244499267328672e-01,8.096366647120495016e-03,6.153598881171893839e-03
3.078198943907569096e-01,7.560553358239298707e-03,5.772940425653572995e-03
3.089153388547809520e-01,7.057993466450795776e-03,5.414657531205856883e-03
3.100107833188050499e-01,6.586776962621965562e-03,5.077541823627979706e-03
3.111062277828290368e-01,6.145093341193145695e-03,4.760442010171752475e-03
3.122016722468531347e-01,5.731227061389503052e-03,4.462261771090081895e-03
3.132971167108771215e-01,5.343553176478615593e-03,4.181957685025012444e-03
3.143925611749012194e-01,4.980533126455376214e-03,3.918537191175575085e-03
3.154880056389252618e-01,4.640710691616570585e-03,3.671056592362985718e-03
3.165834501029493042e-01,4.322708101236021061e-03,3.438619100144943517e-03
3.176788945669733466e-01,4.025222295369531092e-03,3.220372925746492476e-03
3.187743390309973890e-01,3.747021333927956586e-03,3.015509417154798970e-03
3.198697834950214314e-01,3.486940950711918050e-03,2.823261245214462537e-03
3.209652279590454738e-01,3.243881246428115435e-03,2.642900638320224913e-03
3.220606724230695161e-01,3.016803518827014096e-03,2.473737668328455670e-03
3.231561168870936140e-01,2.804727223549552048e-03,2.315118586368832086e-03
3.242515613511176009e-01,2.606727064226291041e-03,2.166424211010238490e-03
3.253470058151416988e-01,2.421930205106298355e-03,2.027068366705764204e-03
3.264424502791656857e-01,2.249513604850262617e-03,1.896496374613972557e-03
3.275378947431897836e-01,2.088701465573431903e-03,1.774183593945625028e-03
3.286333392072138260e-01,1.938762794499498867e-03,1.659634014498952712e-03
3.297287836712378128e-01,1.799009073726500233e-03,1.552378899317898454e-03
3.308242281352619107e-01,1.668792035056526147e-03,1.451975477464485147e-03
3.319196725992858976e-01,1.547501535108265162e-03,1.358005685249821315e-03
3.330151170633099955e-01,1.434563528575735292e-03,1.270074956394135488e-03
3.341105615273339824e-01,1.329438134521063837e-03,1.187811058871298883e-03
3.352060059913580803e-01,1.231617793592784107e-03,1.110862978667486681e-03
3.363014504553821227e-01,1.140625511837276267e-03,1.038899848617562752e-03
3.373968949194061651e-01,1.056013188143518737e-03,9.716099215600712156e-04
3.384923393834302074e-01,9.773600222083744966e-04,9.086995868170027676e-04
3.395877838474542498e-01,9.042709996329544161e-04,8.498924286450944493e-04
3.406832283114782922e-01,8.363754510031048582e-04,7.949283254133810046e-04
3.417786727755023346e-01,7.733256824705994018e-04,7.435625887930364828e-04
3.428741172395263770e-01,7.147956740212253919e-04,6.955651409013236886e-04
3.439695617035504749e-01,6.604798438117953424e-04,6.507197293328110654e-04
3.450650061675744618e-01,6.100918743921055929e-04,6.088231774792493773e-04
3.461604506315985597e-01,5.633635996237159075e-04,5.696846703439587163e-04
3.472558950956225465e-01,5.200439483777150994e-04,5.331250733323920953e-04
3.483513395596466444e-01,4.798979436430334672e-04,4.989762839315368525e-04
3.494467840236706868e-01,4.427057535571007766e-04,4.670806140102257272e-04
3.505422284876947292e-01,4.082617931711572667e-04,4.372902027393303246e-04
3.516376729517187716e-01,3.763738735694508223e-04,4.094664578223794938e-04
3.527331174157428140e-01,3.468623967105917590e-04,3.834795244509536859e-04
3.538285618797668564e-01,3.195595944387856512e-04,3.592077814966424692e-04
3.549240063437908987e-01,2.943088079885915762e-04,3.365373620484699599e-04
3.560194508078149411e-01,2.709638080310285764e-04,3.153616994282625453e-04
3.571148952718389835e-01,2.493881518553642393e-04,2.955810959804820270e-04
3.582103397358630259e-01,2.294545766276268072e-04,2.771023144653121792e-04
3.593057841998870683e-01,2.110444265227234926e-04,2.598381905462261786e-04
3.604012286639111107e-01,1.940471129336960394e-04,2.437072664913566135e-04
3.614966731279351531e-01,1.783596044937077799e-04,2.286334431651089439e-04
3.625921175919592510e-01,1.638859475727278369e-04,2.145456521349563739e-04
3.636875620559832378e-01,1.505368134326641049e-04,2.013775441431707685e-04
3.647830065200073357e-01,1.382290728742074221e-04,1.890671959842005049e-04
3.658784509840313226e-01,1.268853947654032574e-04,1.775568320811649753e-04
3.669738954480554205e-01,1.164338694507972214e-04,1.667925630550413105e-04
3.680693399120794629e-01,1.068076536446864547e-04,1.567241376680163494e-04
3.691647843761035053e-01,9.794463736684179585e-05,1.473047098416842228e-04
3.702602288401275477e-01,8.978713031087879974e-05,1.384906180006843291e-04
3.713556733041515900e-01,8.228156810822863962e-05,1.302411783652117491e-04
3.724511177681756324e-01,7.537823570941853176e-05,1.225184889808642985e-04
3.735465622321996748e-01,6.903100863848457786e-05,1.152872465477550943e-04
3.746420066962237172e-01,6.319710965851075852e-05,1.085145731311572368e-04
3.757374511602478151e-01,5.783688105025270616e-05,1.021698539390339362e-04
3.768328956242718020e-01,5.291357101994924040e-05,9.622458464161590043e-05
3.779283400882958999e-01,4.839313388554266948e-05,9.065222852882663912e-05
3.790237845523198867e-01,4.424404245878847067e-05,8.542808156346540953e-05
3.801192290163439846e-01,4.043711316533031628e-05,8.052914719127330376e-05
3.812146734803680270e-01,3.694534178024855216e-05,7.593401783893965746e-05
3.823101179443920694e-01,3.374375057027444250e-05,7.162276545799196718e-05
3.834055624084161118e-01,3.080924457509269775e-05,6.757683746321623810e-05
3.845010068724400987e-01,2.812047803462257609e-05,6.377896088173909666e-05
3.855964513364641966e-01,2.565772921758421683e-05,6.021305192921780347e-05
3.866918958004882390e-01,2.340278427372816184e-05,5.686413322141179019e-05
3.877873402645122813e-01,2.133882747421159568e-05,5.371825332738998593e-05
3.888827847285363237e-01,1.945034067918592692e-05,5.076241611989013854e-05
3.899782291925603661e-01,1.772300791253391227e-05,4.798451087374340800e-05
3.910736736565844085e-01,1.614362785825295532e-05,4.537325074747742241e-05
3.921691181206084509e-01,1.470003116307603427e-05,4.291811246940760514e-05
3.932645625846324933e-01,1.338100438415103116e-05,4.060928277040443970e-05
3.943600070486565912e-01,1.217621882754013702e-05,3.843760765705170243e-05
3.954554515126805780e-01,1.107616393290250425e-05,3.639454393799852890e-05
3.965508959767046759e-01,1.007208623046952128e-05,3.447211696978055260e-05
3.976463404407286628e-01,9.155932046489358324e-06,3.266287983153329922e-05
3.987417849047527607e-01,8.320294289532389556e-06,3.095987544994943755e-05
3.998372293687768031e-01,7.558362988140648463e-06,2.935660123489479829e-05
4.009326738328008455e-01,6.863879926668659528e-06,2.784697839274825188e-05
4.020281182968248879e-01,6.231095563744102817e-06,2.642531972446134501e-05
4.031235627608489303e-01,5.654730306572350192e-06,2.508630461971680055e-05
4.042190072248729726e-01,5.129937287306864845e-06,2.382495050366384881e-05
4.053144516888970150e-01,4.652269335505232023e-06,2.263659269663746769e-05
4.064098961529210574e-01,4.217646751007657963e-06,2.151685846056560229e-05
4.075053406169451553e-01,3.822329010130990903e-06,2.046165005843992435e-05
4.086007850809691422e-01,3.462887489222442874e-06,1.946712394570559228e-05
4.096962295449932401e-01,3.136180763434536720e-06,1.852967403236896294e-05
4.107916740090172270e-01,2.839331727210819373e-06,1.764591614924196421e-05
4.118871184730412693e-01,2.569706207126421684e-06,1.681267226937972241e-05
4.129825629370653672e-01,2.324893313407976128e-06,1.602695637772128887e-05
4.140780074010893541e-01,2.102687684634051178e-06,1.528596411060012485e-05
4.151734518651134520e-01,1.901072327190814275e-06,1.458705803223654907e-05
4.162688963291374389e-01,1.718203471126068478e-06,1.392775860743845407e-05
4.173643407931615368e-01,1.552396165946520265e-06,1.330573274606920802e-05
4.184597852571855792e-01,1.402111413483400105e-06,1.271878646452714176e-05
4.195552297212096216e-01,1.265943697839932729e-06,1.216485290767429555e-05
4.206506741852336639e-01,1.142610375108399593e-06,1.164198899567398886e-05
4.217461186492577063e-01,1.030940854531565816e-06,1.114836266520986030e-05
4.228415631132817487e-01,9.298676590686008602e-07,1.068225076354406493e-05
4.239370075773057911e-01,8.384173412251206073e-07,1.024202839361824799e-05
4.250324520413298335e-01,7.557028953692739034e-07,9.826167361749866110e-06
4.261278965053539314e-01,6.809160251649950487e-07,9.433225936167357418e-06
4.272233409693779183e-01,6.133207724529428053e-07,9.061848315151247295e-06
4.283187854334020161e-01,5.522469686997337042e-07,8.710754977935384564e-06
4.294142298974260030e-01,4.970848050390158344e-07,8.378741546126775071e-06
4.305096743614501009e-01,4.472796689792938389e-07,8.064675858671221451e-06
4.316051188254741433e-01,4.023271521800746209e-07,7.767490781767004507e-06
4.327005632894981857e-01,3.617685582964383438e-07,7.486177855254038977e-06
4.337960077535222281e-01,3.251873958188933371e-07,7.219793813451354423e-06
4.348914522175462705e-01,2.922051744083628532e-07,6.967447345665006091e-06
4.359868966815703129e-01,2.624783187969093408e-07,6.728301818911722601e-06
4.370823411455943552e-01,2.356948836902624413e-07,6.501567731814559059e-06
4.381777856096183976e-01,2.115719935259416411e-07,6.286506767970667101e-06
4.392732300736424400e-01,1.898529133727417997e-07,6.082419842023015760e-06
4.403686745376664269e-01,1.703050831983102904e-07,5.888656151097781395e-06
4.414641190016905803e-01,1.527175367886847013e-07,5.704597741558535795e-06
4.425595634657145672e-01,1.368993736071228461e-07,5.529672254236567104e-06
4.436550079297386096e-01,1.226774840324369044e-07,5.363333641227108508e-06
4.447504523937626519e-01,1.098953409517926536e-07,5.205076724247217783e-06
4.458458968577867498e-01,9.841129158244373394e-08,5.054428018574935512e-06
4.469413413218107922e-01,8.809698305564448203e-08,4.910932297729125554e-06
4.480367857858347791e-01,7.883670961060781037e-08,4.774181718294129574e-06
4.491322302498588215e-01,7.052557245860871932e-08,4.643776874543561456e-06
4.502276747138829194e-01,6.306898059714906999e-08,4.519354977247044711e-06
4.513231191779069618e-01,5.638136402959391238e-08,4.400567283422960676e-06
4.524185636419310041e-01,5.038559312220580879e-08,4.287096748238467366e-06
4.535140081059549910e-01,4.501191684403653447e-08,4.178635373856421029e-06
4.546094525699791444e-01,4.019756920829366555e-08,4.074909295163510487e-06
4.557048970340031313e-01,3.588583262351838340e-08,3.975652675578396730e-06
4.568003414980271737e-01,3.202552406131549630e-08,3.880609945660521088e-06
4.578957859620512161e-01,2.857062872730667525e-08,3.789553762122729023e-06
4.589912304260753140e-01,2.547973555151207765e-08,3.702278813646476527e-06
4.600866748900993564e-01,2.271530219491624950e-08,3.618556766909723595e-06
4.611821193541233432e-01,2.024397496301945254e-08,3.538241958088781136e-06
4.622775638181473856e-01,1.803523292936170112e-08,3.461116066240174745e-06
4.633730082821714835e-01,1.606196540747078499e-08,3.387032192520261850e-06
4.644684527461955259e-01,1.429969038781485326e-08,3.315835464089826555e-06
4.655638972102195683e-01,1.272638808358756262e-08,3.247377202072833525e-06
4.666593416742435552e-01,1.132218507942103495e-08,3.181491958607554073e-06
4.677547861382675976e-01,1.006956860229042173e-08,3.118118484439939997e-06
4.688502306022916954e-01,8.952397857451674703e-09,3.057081494250343045e-06
4.699456750663157378e-01,7.956466737121359649e-09,2.998301039758194661e-06
4.710411195303397802e-01,7.068829943298846764e-09,2.941631042820898677e-06
4.721365639943637671e-01,6.278136481908327210e-09,2.887037960558076665e-06
4.732320084583879205e-01,5.573912892258310284e-09,2.834363863846180211e-06
4.743274529224119074e-01,4.946975182799899922e-09,2.783548687725576697e-06
4.754228973864359498e-01,4.389034613753509617e-09,2.734508479654253524e-06
4.765183418504599921e-01,3.892695717616247423e-09,2.687182126953980215e-06
4.776137863144840900e-01,3.451270402891231096e-09,2.641466115912470521e-06
4.787092307785081324e-01,3.058923538166699830e-09,2.597377734226926712e-06
4.798046752425321193e-01,2.710165797903762061e-09,2.554711982488603254e-06
4.809001197065561617e-01,2.400381971484640953e-09,2.513526525720556664e-06
4.819955641705802596e-01,2.125236311296665474e-09,2.473678419300695732e-06
4.830910086346043020e-01,1.881016335329196061e-09,2.435207146474263359e-06
4.841864530986283444e-01,1.664251643800734217e-09,2.397964851259042827e-06
4.852818975626523312e-01,1.471973793714813086e-09,2.361980864458601891e-06
4.863773420266764846e-01,1.301467669591800240e-09,2.327197073855644523e-06
4.874727864907004715e-01,1.150327093912260681e-09,2.293584571708908965e-06
4.885682309547245139e-01,1.016373739911757395e-09,2.261048733310072183e-06
4.896636754187485563e-01,8.976953296009755090e-10,2.229551074144087485e-06
4.907591198827726542e-01,7.925979320728097851e-10,2.199084248075720378e-06
4.918545643467966966e-01,6.995052937353673258e-10,2.169445179837926095e-06
4.929500088108206834e-01,6.172915495052475832e-10,2.141336676912625691e-06
4.940454532748447258e-01,5.911096316370027828e-10,2.294922015867584259e-06
4.951408977388687682e-01,5.916117416081120925e-10,2.572234626840182724e-06
4.962363422028928661e-01,5.921140561037921934e-10,2.884843075572440510e-06
4.973317866669169085e-01,5.926165599975164380e-10,3.237453029021976797e-06
4.984272311309408954e-01,5.931192383657973120e-10,3.635426379239263551e-06
4.995226755949649378e-01,5.936220764856789390e-10,4.084877137833287321e-06
5.006181200589890912e-01,5.941250598322540912e-10,4.592782089526625824e-06
5.017135645230130780e-01,5.946281740762269021e-10,5.167108617294861768e-06
5.028090089870370649e-01,5.951314050814943970e-10,5.816962534625395974e-06
5.039044534510611628e-01,5.956347389027713470e-10,6.552759264054790119e-06
5.049998979150852607e-01,5.961381617832377676e-10,7.386422301609211955e-06
5.060953423791092476e-01,5.966416601522228130e-10,8.331613624808605883e-06
5.071907868431332345e-01,5.971452206229186556e-10,9.404001562239573564e-06
5.082862313071573324e-01,5.976488299901214558e-10,1.062157267638676082e-05
5.093816757711814303e-01,5.981524752280058325e-10,1.200499545629969876e-05
5.104771202352054171e-01,5.986561434879260103e-10,1.357804512021590070e-05
5.115725646992295150e-01,5.991598220962468484e-10,1.536810064843193693e-05
5.126680091632535019e-01,5.996634985521990649e-10,1.740672737716755352e-05
5.137634536272775998e-01,6.001671605257723042e-10,1.973036117516332013e-05
5.148588980913015867e-01,6.006707958556234040e-10,2.238111351078435758e-05
5.159543425553256846e-01,6.011743925470216790e-10,2.540772074180065919e-05
5.170497870193496714e-01,6.016779387698147797e-10,2.886666590267573438e-05
5.181452314833737693e-01,6.021814228564243312e-10,3.282350735402547818e-05
5.192406759473978672e-01,6.026848332998635943e-10,3.735445618497090374e-05
5.203361204114218541e-01,6.031881587517845955e-10,4.254825358867752927e-05
5.214315648754458410e-01,6.036913880205513134e-10,4.850841103587203644e-05
5.225270093394699389e-01,6.041945100693293051e-10,5.535589054941787441e-05
5.236224538034940368e-01,6.046975140142117281e-10,6.323232051094180943e-05
5.247178982675180237e-01,6.052003891223605626e-10,7.230386520102035437e-05
5.258133427315420105e-01,6.057031248101725448e-10,8.276589497864478100e-05
5.269087871955661084e-01,6.062057106414725016e-10,9.484864031641951289e-05
5.280042316595902063e-01,6.067081363257273637e-10,1.088240590013142648e-04
5.290996761236141932e-01,6.072103917162840643e-10,1.250142045389296636e-04
5.301951205876382911e-01,6.077124668086229475e-10,1.438014588874967552e-04
5.312905650516622780e-01,6.082143517386467448e-10,1.656410890134209376e-04
5.323860095156863759e-01,6.087160367809793751e-10,1.910767108569373987e-04
5.334814539797103627e-01,6.092175123472891459e-10,2.207594046968135008e-04
5.345768984437344606e-01,6.097187689846359433e-10,2.554714339250873842e-04
5.356723429077584475e-01,6.102197973738379638e-10,2.961557899705092407e-04
5.367677873717825454e-01,6.107205883278588153e-10,3.439531396146794416e-04
5.378632318358066433e-01,6.112211327902129201e-10,4.002482141394000264e-04
5.389586762998306302e-01,6.117214218333912863e-10,4.667282888343560307e-04
5.400541207638546171e-01,6.122214466573136466e-10,5.454572056281915089e-04
5.411495652278787150e-01,6.127211985877877304e-10,6.389694588861114834e-04
5.422450096919028129e-01,6.132206690750021414e-10,7.503902905655780850e-04
5.433404541559267997e-01,6.137198496920195442e-10,8.835896655895760215e-04
5.444358986199507866e-01,6.142187321333124515e-10,1.043380634609861841e-03
5.455313430839749955e-01,6.147173082132938408e-10,1.235776282943136647e-03
5.466267875479989824e-01,6.152155698648789980e-10,1.468324801834223169e-03
5.477222320120229693e-01,6.157135091380695907e-10,1.750550277771053143e-03
5.488176764760470672e-01,6.162111181985340194e-10,2.094539646342470727e-03
5.499131209400710540e-01,6.167083893262333672e-10,2.515738036123572018e-03
5.510085654040951519e-01,6.172053149140425933e-10,3.034053934238677835e-03
5.521040098681191388e-01,6.177018874663969549e-10,3.675449974524172200e-03
5.531994543321432367e-01,6.181980995979576620e-10,4.474341853263144771e-03
5.542948987961672236e-01,6.186939440322868369e-10,5.477424194095048028e-03
5.553903432601913215e-01,6.191894136005471869e-10,6.750144509499973050e-03
5.564857877242154194e-01,6.196845012402087067e-10,8.388252523490407828e-03
5.575812321882394063e-01,6.201791999937782329e-10,1.053915709971803456e-02
5.586766766522633931e-01,6.206735030075414057e-10,1.344182020365305985e-02
5.597721211162874910e-01,6.211674035303195195e-10,1.750016212649638594e-02
5.608675655803115889e-01,6.216608949122444685e-10,2.342491872448544676e-02
5.619630100443355758e-01,6.221539706035428949e-10,3.274182753636953325e-02
5.630584545083595627e-01,6.226466241533429805e-10,5.259115276462043853e-02
5.641538989723837716e-01,6.231388492084892004e-10,3.159222626809673473e-01
5.652493434364077585e-01,0.000000000000000000e+00,0.000000000000000000e+00
5.663447879004317453e-01,0.000000000000000000e+00,0.000000000000000000e+00
5.674402323644558432e-01,0.000000000000000000e+00,0.000000000000000000e+00
5.685356768284799411e-01,0.000000000000000000e+00,0.000000000000000000e+00
5.696311212925039280e-01,0.000000000000000000e+00,0.000000000000000000e+00
5.707265657565279149e-01,0.000000000000000000e+00,0.000000000000000000e+00
5.718220102205520128e-01,0.000000000000000000e+00,0.000000000000000000e+00
5.729174546845761107e-01,0.000000000000000000e+00,0.000000000000000000e+00
5.740128991486000976e-01,0.000000000000000000e+00,0.000000000000000000e+00
5.751083436126241955e-01,0.000000000000000000e+00,0.000000000000000000e+00
5.762037880766481823e-01,0.000000000000000000e+00,0.000000000000000000e+00
5.772992325406721692e-01,0.000000000000000000e+00,0.000000000000000000e+00
5.783946770046962671e-01,0.000000000000000000e+00,0.000000000000000000e+00
5.794901214687203650e-01,0.000000000000000000e+00,0.000000000000000000e+00
5.805855659327443519e-01,0.000000000000000000e+00,0.000000000000000000e+00
5.816810103967683387e-01,0.000000000000000000e+00,0.000000000000000000e+00
5.827764548607925477e-01,0.000000000000000000e+00,0.000000000000000000e+00
5.838718993248165345e-01,0.000000000000000000e+00,0.000000000000000000e+00
5.849673437888405214e-01,0.000000000000000000e+00,0.000000000000000000e+00
5.860627882528646193e-01,0.000000000000000000e+00,0.000000000000000000e+00
5.871582327168887172e-01,0.000000000000000000e+00,0.000000000000000000e+00
5.882536771809127041e-01,0.000000000000000000e+00,0.000000000000000000e+00
5.893491216449366910e-01,0.000000000000000000e+00,0.000000000000000000e+00
5.904445661089607889e-01,0.000000000000000000e+00,0.000000000000000000e+00
5.915400105729848867e-01,0.000000000000000000e+00,0.000000000000000000e+00
5.926354550370088736e-01,0.000000000000000000e+00,0.000000000000000000e+00
5.937308995010329715e-01,0.000000000000000000e+00,0.000000000000000000e+00
5.948263439650569584e-01,0.000000000000000000e+00,0.000000000000000000e+00
5.959217884290810563e-01,0.000000000000000000e+00,0.000000000000000000e+00
5.970172328931050432e-01,0.000000000000000000e+00,0.000000000000000000e+00
5.981126773571291411e-01,0.000000000000000000e+00,0.000000000000000000e+00
5.992081218211531279e-01,0.000000000000000000e+00,0.000000000000000000e+00
6.003035662851772258e-01,0.000000000000000000e+00,0.000000000000000000e+00
6.013990107492013237e-01,0.000000000000000000e+00,0.000000000000000000e+00
6.024944552132253106e-01,0.000000000000000000e+00,0.000000000000000000e+00
6.035898996772492975e-01,0.000000000000000000e+00,0.000000000000000000e+00
6.046853441412733954e-01,0.000000000000000000e+00,0.000000000000000000e+00
6.057807886052974933e-01,0.000000000000000000e+00,0.000000000000000000e+00
6.068762330693214802e-01,0.000000000000000000e+00,0.000000000000000000e+00
6.079716775333454670e-01,0.000000000000000000e+00,0.000000000000000000e+00
6.090671219973695649e-01,0.000000000000000000e+00,0.000000000000000000e+00
6.101625664613936628e-01,0.000000000000000000e+00,0.000000000000000000e+00
6.112580109254176497e-01,0.000000000000000000e+00,0.000000000000000000e+00
6.123534553894417476e-01,0.000000000000000000e+00,0.000000000000000000e+00
6.134488998534657345e-01,0.000000000000000000e+00,0.000000000000000000e+00
6.145443443174898324e-01,0.000000000000000000e+00,0.000000000000000000e+00
6.156397887815138192e-01,0.000000000000000000e+00,0.000000000000000000e+00
6.167352332455379171e-01,0.000000000000000000e+00,0.000000000000000000e+00
6.178306777095619040e-01,0.000000000000000000e+00,0.000000000000000000e+00
6.189261221735860019e-01,0.000000000000000000e+00,0.000000000000000000e+00
6.200215666376100998e-01,0.000000000000000000e+00,0.000000000000000000e+00
6.211170111016340867e-01,0.000000000000000000e+00,0.000000000000000000e+00
6.222124555656580736e-01,0.000000000000000000e+00,0.000000000000000000e+00
6.233079000296821714e-01,0.000000000000000000e+00,0.000000000000000000e+00
6.244033444937062693e-01,0.000000000000000000e+00,0.000000000000000000e+00
6.254987889577302562e-01,0.000000000000000000e+00,0.000000000000000000e+00
6.265942334217542431e-01,0.000000000000000000e+00,0.000000000000000000e+00
6.276896778857784520e-01,0.000000000000000000e+00,0.000000000000000000e+00
6.287851223498024389e-01,0.000000000000000000e+00,0.000000000000000000e+00
6.298805668138264258e-01,0.000000000000000000e+00,0.000000000000000000e+00
6.309760112778505237e-01,0.000000000000000000e+00,0.000000000000000000e+00
6.320714557418745105e-01,0.000000000000000000e+00,0.000000000000000000e+00
6.331669002058986084e-01,0.000000000000000000e+00,0.000000000000000000e+00
6.342623446699225953e-01,0.000000000000000000e+00,0.000000000000000000e+00
6.353577891339466932e-01,0.000000000000000000e+00,0.000000000000000000e+00
6.364532335979706801e-01,0.000000000000000000e+00,0.000000000000000000e+00
6.375486780619947780e-01,0.000000000000000000e+00,0.000000000000000000e+00
6.386441225260188759e-01,0.000000000000000000e+00,0.000000000000000000e+00
6.397395669900428627e-01,0.000000000000000000e+00,0.000000000000000000e+00
6.408350114540668496e-01,0.000000000000000000e+00,0.000000000000000000e+00
6.419304559180909475e-01,0.000000000000000000e+00,0.000000000000000000e+00
6.430259003821150454e-01,0.000000000000000000e+00,0.000000000000000000e+00
6.441213448461390323e-01,0.000000000000000000e+00,0.000000000000000000e+00
6.452167893101630192e-01,0.000000000000000000e+00,0.000000000000000000e+00
6.463122337741872281e-01,0.000000000000000000e+00,0.000000000000000000e+00
6.474076782382112150e-01,0.000000000000000000e+00,0.000000000000000000e+00
6.485031227022352018e-01,0.000000000000000000e+00,0.000000000000000000e+00
6.495985671662591887e-01,0.000000000000000000e+00,0.000000000000000000e+00
6.506940116302833976e-01,0.000000000000000000e+00,0.000000000000000000e+00
6.517894560943073845e-01,0.000000000000000000e+00,0.000000000000000000e+00
6.528849005583313714e-01,0.000000000000000000e+00,0.000000000000000000e+00
6.539803450223554693e-01,0.000000000000000000e+00,0.000000000000000000e+00
6.550757894863795672e-01,0.000000000000000000e+00,0.000000000000000000e+00
6.561712339504035540e-01,0.000000000000000000e+00,0.000000000000000000e+00
6.572666784144276519e-01,0.000000000000000000e+00,0.000000000000000000e+00
6.583621228784516388e-01,0.000000000000000000e+00,0.000000000000000000e+00
6.594575673424756257e-01,0.000000000000000000e+00,0.000000000000000000e+00
6.605530118064997236e-01,0.000000000000000000e+00,0.000000000000000000e+00
6.616484562705238215e-01,0.000000000000000000e+00,0.000000000000000000e+00
6.627439007345478084e-01,0.000000000000000000e+00,0.000000000000000000e+00
6.638393451985717952e-01,0.000000000000000000e+00,0.000000000000000000e+00
6.649347896625960042e-01,0.000000000000000000e+00,0.000000000000000000e+00
6.660302341266199910e-01,0.000000000000000000e+00,0.000000000000000000e+00
6.671256785906439779e-01,0.000000000000000000e+00,0.000000000000000000e+00
6.682211230546679648e-01,0.000000000000000000e+00,0.000000000000000000e+00
6.693165675186921737e-01,0.000000000000000000e+00,0.000000000000000000e+00
6.704120119827161606e-01,0.000000000000000000e+00,0.000000000000000000e+00
6.715074564467401474e-01,0.000000000000000000e+00,0.000000000000000000e+00
6.726029009107642453e-01,0.000000000000000000e+00,0.000000000000000000e+00
6.736983453747883432e-01,0.000000000000000000e+00,0.000000000000000000e+00
6.747937898388123301e-01,0.000000000000000000e+00,0.000000000000000000e+00
6.758892343028363170e-01,0.000000000000000000e+00,0.000000000000000000e+00
6.769846787668604149e-01,0.000000000000000000e+00,0.000000000000000000e+00
6.780801232308845128e-01,0.000000000000000000e+00,0.000000000000000000e+00
6.791755676949084997e-01,0.000000000000000000e+00,0.000000000000000000e+00
6.802710121589325976e-01,0.000000000000000000e+00,0.000000000000000000e+00
6.813664566229565844e-01,0.000000000000000000e+00,0.000000000000000000e+00
6.824619010869806823e-01,0.000000000000000000e+00,0.000000000000000000e+00
6.835573455510046692e-01,0.000000000000000000e+00,0.000000000000000000e+00
6.846527900150287671e-01,0.000000000000000000e+00,0.000000000000000000e+00
6.857482344790527540e-01,0.000000000000000000e+00,0.000000000000000000e+00
6.868436789430767409e-01,0.000000000000000000e+00,0.000000000000000000e+00
6.879391234071009498e-01,0.000000000000000000e+00,0.000000000000000000e+00
6.890345678711249366e-01,0.000000000000000000e+00,0.000000000000000000e+00
6.901300123351489235e-01,0.000000000000000000e+00,0.000000000000000000e+00
6.912254567991730214e-01,0.000000000000000000e+00,0.000000000000000000e+00
6.923209012631971193e-01,0.000000000000000000e+00,0.000000000000000000e+00
6.934163457272211062e-01,0.000000000000000000e+00,0.000000000000000000e+00
6.945117901912450931e-01,0.000000000000000000e+00,0.000000000000000000e+00
6.956072346552691910e-01,0.000000000000000000e+00,0.000000000000000000e+00
6.967026791192932889e-01,0.000000000000000000e+00,0.000000000000000000e+00
6.977981235833172757e-01,0.000000000000000000e+00,0.000000000000000000e+00
6.988935680473413736e-01,0.000000000000000000e+00,0.000000000000000000e+00
6.999890125113653605e-01,0.000000000000000000e+00,0.000000000000000000e+00
7.010844569753894584e-01,0.000000000000000000e+00,0.000000000000000000e+00
7.021799014394134453e-01,0.000000000000000000e+00,0.000000000000000000e+00
7.032753459034375432e-01,0.000000000000000000e+00,0.000000000000000000e+00
7.043707903674615300e-01,0.000000000000000000e+00,0.000000000000000000e+00
7.054662348314856279e-01,0.000000000000000000e+00,0.000000000000000000e+00
7.065616792955097258e-01,0.000000000000000000e+00,0.000000000000000000e+00
7.076571237595337127e-01,0.000000000000000000e+00,0.000000000000000000e+00
7.087525682235576996e-01,0.000000000000000000e+00,0.000000000000000000e+00
7.098480126875817975e-01,0.000000000000000000e+00,0.000000000000000000e+00
7.109434571516058954e-01,0.000000000000000000e+00,0.000000000000000000e+00
7.120389016156298823e-01,0.000000000000000000e+00,0.000000000000000000e+00
7.131343460796538691e-01,0.000000000000000000e+00,0.000000000000000000e+00
7.142297905436779670e-01,0.000000000000000000e+00,0.000000000000000000e+00
7.153252350077020649e-01,0.000000000000000000e+00,0.000000000000000000e+00
7.164206794717260518e-01,0.000000000000000000e+00,0.000000000000000000e+00
7.175161239357501497e-01,0.000000000000000000e+00,0.000000000000000000e+00
7.186115683997741366e-01,0.000000000000000000e+00,0.000000000000000000e+00
7.197070128637982345e-01,0.000000000000000000e+00,0.000000000000000000e+00
7.208024573278222213e-01,0.000000000000000000e+00,0.000000000000000000e+00
7.218979017918463192e-01,0.000000000000000000e+00,0.000000000000000000e+00
7.229933462558703061e-01,0.000000000000000000e+00,0.000000000000000000e+00
7.240887907198944040e-01,0.000000000000000000e+00,0.000000000000000000e+00
7.251842351839185019e-01,0.000000000000000000e+00,0.000000000000000000e+00
7.262796796479424888e-01,0.000000000000000000e+00,0.000000000000000000e+00
7.273751241119664757e-01,0.000000000000000000e+00,0.000000000000000000e+00
7.284705685759905736e-01,0.000000000000000000e+00,0.000000000000000000e+00
7.295660130400146715e-01,0.000000000000000000e+00,0.000000000000000000e+00
7.306614575040386583e-01,0.000000000000000000e+00,0.000000000000000000e+00
7.317569019680626452e-01,0.000000000000000000e+00,0.000000000000000000e+00
7.328523464320868541e-01,0.000000000000000000e+00,0.000000000000000000e+00
7.339477908961108410e-01,0.000000000000000000e+00,0.000000000000000000e+00
7.350432353601348279e-01,0.000000000000000000e+00,0.000000000000000000e+00
7.361386798241589258e-01,0.000000000000000000e+00,0.000000000000000000e+00
7.372341242881830237e-01,0.000000000000000000e+00,0.000000000000000000e+00
7.383295687522070105e-01,0.000000000000000000e+00,0.000000000000000000e+00
7.394250132162309974e-01,0.000000000000000000e+00,0.000000000000000000e+00
7.405204576802550953e-01,0.000000000000000000e+00,0.000000000000000000e+00
7.416159021442790822e-01,0.000000000000000000e+00,0.000000000000000000e+00
7.427113466083031801e-01,0.000000000000000000e+00,0.000000000000000000e+00
7.438067910723272780e-01,0.000000000000000000e+00,0.000000000000000000e+00
7.449022355363512649e-01,0.000000000000000000e+00,0.000000000000000000e+00
7.459976800003752517e-01,0.000000000000000000e+00,0.000000000000000000e+00
7.470931244643993496e-01,0.000000000000000000e+00,0.000000000000000000e+00
7.481885689284234475e-01,0.000000000000000000e+00,0.000000000000000000e+00
7.492840133924474344e-01,0.000000000000000000e+00,0.000000000000000000e+00
7.503794578564714213e-01,0.000000000000000000e+00,0.000000000000000000e+00
7.514749023204956302e-01,0.000000000000000000e+00,0.000000000000000000e+00
7.525703467845196171e-01,0.000000000000000000e+00,0.000000000000000000e+00
7.536657912485436039e-01,0.000000000000000000e+00,0.000000000000000000e+00
7.547612357125677018e-01,0.000000000000000000e+00,0.000000000000000000e+00
7.558566801765917997e-01,0.000000000000000000e+00,0.000000000000000000e+00
7.569521246406157866e-01,0.000000000000000000e+00,0.000000000000000000e+00
7.580475691046397735e-01,0.000000000000000000e+00,0.000000000000000000e+00
7.591430135686638714e-01,0.000000000000000000e+00,0.000000000000000000e+00
7.602384580326879693e-01,0.000000000000000000e+00,0.000000000000000000e+00
7.613339024967119562e-01,0.000000000000000000e+00,0.000000000000000000e+00
7.624293469607360541e-01,0.000000000000000000e+00,0.000000000000000000e+00
7.635247914247600409e-01,0.000000000000000000e+00,0.000000000000000000e+00
7.646202358887841388e-01,0.000000000000000000e+00,0.000000000000000000e+00
7.657156803528081257e-01,0.000000000000000000e+00,0.000000000000000000e+00
7.668111248168322236e-01,0.000000000000000000e+00,0.000000000000000000e+00
7.679065692808562105e-01,0.000000000000000000e+00,0.000000000000000000e+00
7.690020137448801973e-01,0.000000000000000000e+00,0.000000000000000000e+00
7.700974582089044063e-01,0.000000000000000000e+00,0.000000000000000000e+00
7.711929026729283931e-01,0.000000000000000000e+00,0.000000000000000000e+00
7.722883471369523800e-01,0.000000000000000000e+00,0.000000000000000000e+00
7.733837916009764779e-01,0.000000000000000000e+00,0.000000000000000000e+00
7.744792360650005758e-01,0.000000000000000000e+00,0.000000000000000000e+00
7.755746805290245627e-01,0.000000000000000000e+00,0.000000000000000000e+00
7.766701249930485496e-01,0.000000000000000000e+00,0.000000000000000000e+00
7.777655694570726475e-01,0.000000000000000000e+00,0.000000000000000000e+00
7.788610139210967453e-01,0.000000000000000000e+00,0.000000000000000000e+00
7.799564583851207322e-01,0.000000000000000000e+00,0.000000000000000000e+00
7.810519028491448301e-01,0.000000000000000000e+00,0.000000000000000000e+00
7.821473473131688170e-01,0.000000000000000000e+00,0.000000000000000000e+00
7.832427917771929149e-01,0.000000000000000000e+00,0.000000000000000000e+00
7.843382362412169018e-01,0.000000000000000000e+00,0.000000000000000000e+00
7.854336807052409997e-01,0.000000000000000000e+00,0.000000000000000000e+00
7.865291251692649865e-01,0.000000000000000000e+00,0.000000000000000000e+00
7.876245696332890844e-01,0.000000000000000000e+00,0.000000000000000000e+00
7.887200140973131823e-01,0.000000000000000000e+00,0.000000000000000000e+00
7.898154585613371692e-01,0.000000000000000000e+00,0.000000000000000000e+00
7.909109030253611561e-01,0.000000000000000000e+00,0.000000000000000000e+00
7.920063474893852540e-01,0.000000000000000000e+00,0.000000000000000000e+00
7.931017919534093519e-01,0.000000000000000000e+00,0.000000000000000000e+00
7.941972364174333388e-01,0.000000000000000000e+00,0.000000000000000000e+00
7.952926808814573256e-01,0.000000000000000000e+00,0.000000000000000000e+00
7.963881253454814235e-01,0.000000000000000000e+00,0.000000000000000000e+00
7.974835698095055214e-01,0.000000000000000000e+00,0.000000000000000000e+00
7.985790142735295083e-01,0.000000000000000000e+00,0.000000000000000000e+00
7.996744587375536062e-01,0.000000000000000000e+00,0.000000000000000000e+00
8.007699032015775931e-01,0.000000000000000000e+00,0.000000000000000000e+00
8.018653476656016910e-01,0.000000000000000000e+00,0.000000000000000000e+00
8.029607921296256778e-01,0.000000000000000000e+00,0.000000000000000000e+00
8.040562365936497757e-01,0.000000000000000000e+00,0.000000000000000000e+00
8.051516810576737626e-01,0.000000000000000000e+00,0.000000000000000000e+00
8.062471255216978605e-01,0.000000000000000000e+00,0.000000000000000000e+00
8.073425699857219584e-01,0.000000000000000000e+00,0.000000000000000000e+00
8.084380144497459453e-01,0.000000000000000000e+00,0.000000000000000000e+00
8.095334589137699322e-01,0.000000000000000000e+00,0.000000000000000000e+00
8.106289033777940300e-01,0.000000000000000000e+00,0.000000000000000000e+00
8.117243478418181279e-01,0.000000000000000000e+00,0.000000000000000000e+00
8.128197923058421148e-01,0.000000000000000000e+00,0.000000000000000000e+00
8.139152367698661017e-01,0.000000000000000000e+00,0.000000000000000000e+00
8.150106812338903106e-01,0.000000000000000000e+00,0.000000000000000000e+00
8.161061256979142975e-01,0.000000000000000000e+00,0.000000000000000000e+00
8.172015701619382844e-01,0.000000000000000000e+00,0.000000000000000000e+00
8.182970146259623823e-01,0.000000000000000000e+00,0.000000000000000000e+00
8.193924590899864802e-01,0.000000000000000000e+00,0.000000000000000000e+00
8.204879035540104670e-01,0.000000000000000000e+00,0.000000000000000000e+00
8.215833480180344539e-01,0.000000000000000000e+00,0.000000000000000000e+00
8.226787924820585518e-01,0.000000000000000000e+00,0.000000000000000000e+00
8.237742369460825387e-01,0.000000000000000000e+00,0.000000000000000000e+00
8.248696814101066366e-01,0.000000000000000000e+00,0.000000000000000000e+00
8.259651258741307345e-01,0.000000000000000000e+00,0.000000000000000000e+00
8.270605703381547213e-01,0.000000000000000000e+00,0.000000000000000000e+00
8.281560148021787082e-01,0.000000000000000000e+00,0.000000000000000000e+00
8.292514592662028061e-01,0.000000000000000000e+00,0.000000000000000000e+00
8.303469037302269040e-01,0.000000000000000000e+00,0.000000000000000000e+00
8.314423481942508909e-01,0.000000000000000000e+00,0.000000000000000000e+00
8.325377926582748778e-01,0.000000000000000000e+00,0.000000000000000000e+00
8.336332371222990867e-01,0.000000000000000000e+00,0.000000000000000000e+00
8.347286815863230736e-01,0.000000000000000000e+00,0.000000000000000000e+00
8.358241260503470604e-01,0.000000000000000000e+00,0.000000000000000000e+00
8.369195705143711583e-01,0.000000000000000000e+00,0.000000000000000000e+00
8.380150149783952562e-01,0.000000000000000000e+00,0.000000000000000000e+00
8.391104594424192431e-01,0.000000000000000000e+00,0.000000000000000000e+00
8.402059039064432300e-01,0.000000000000000000e+00,0.000000000000000000e+00
8.413013483704673279e-01,0.000000000000000000e+00,0.000000000000000000e+00
8.423967928344914258e-01,0.000000000000000000e+00,0.000000000000000000e+00
8.434922372985154126e-01,0.000000000000000000e+00,0.000000000000000000e+00
8.445876817625395105e-01,0.000000000000000000e+00,0.000000000000000000e+00
8.456831262265634974e-01,0.000000000000000000e+00,0.000000000000000000e+00
8.467785706905875953e-01,0.000000000000000000e+00,0.000000000000000000e+00
8.478740151546115822e-01,0.000000000000000000e+00,0.000000000000000000e+00
8.489694596186356801e-01,0.000000000000000000e+00,0.000000000000000000e+00
8.500649040826596670e-01,0.000000000000000000e+00,0.000000000000000000e+00
8.511603485466836538e-01,0.000000000000000000e+00,0.000000000000000000e+00
8.522557930107078628e-01,0.000000000000000000e+00,0.000000000000000000e+00
8.533512374747318496e-01,0.000000000000000000e+00,0.000000000000000000e+00
8.544466819387558365e-01,0.000000000000000000e+00,0.000000000000000000e+00
8.555421264027798234e-01,0.000000000000000000e+00,0.000000000000000000e+00
8.566375708668040323e-01,0.000000000000000000e+00,0.000000000000000000e+00
8.577330153308280192e-01,0.000000000000000000e+00,0.000000000000000000e+00
8.588284597948520060e-01,0.000000000000000000e+00,0.000000000000000000e+00
8.599239042588761039e-01,0.000000000000000000e+00,0.000000000000000000e+00
8.610193487229002018e-01,0.000000000000000000e+00,0.000000000000000000e+00
8.621147931869241887e-01,0.000000000000000000e+00,0.000000000000000000e+00
8.632102376509482866e-01,0.000000000000000000e+00,0.000000000000000000e+00
8.643056821149722735e-01,0.000000000000000000e+00,0.000000000000000000e+00
8.654011265789963714e-01,0.000000000000000000e+00,0.000000000000000000e+00
8.664965710430203583e-01,0.000000000000000000e+00,0.000000000000000000e+00
8.675920155070444562e-01,0.000000000000000000e+00,0.000000000000000000e+00
8.686874599710684430e-01,0.000000000000000000e+00,0.000000000000000000e+00
8.697829044350925409e-01,0.000000000000000000e+00,0.000000000000000000e+00
8.708783488991166388e-01,0.000000000000000000e+00,0.000000000000000000e+00
8.719737933631406257e-01,0.000000000000000000e+00,0.000000000000000000e+00
8.730692378271646126e-01,0.000000000000000000e+00,0.000000000000000000e+00
8.741646822911887105e-01,0.000000000000000000e+00,0.000000000000000000e+00
8.752601267552128084e-01,0.000000000000000000e+00,0.000000000000000000e+00
8.763555712192367952e-01,0.000000000000000000e+00,0.000000000000000000e+00
8.774510156832607821e-01,0.000000000000000000e+00,0.000000000000000000e+00
8.785464601472848800e-01,0.000000000000000000e+00,0.000000000000000000e+00
8.796419046113088669e-01,0.000000000000000000e+00,0.000000000000000000e+00
8.807373490753328538e-01,0.000000000000000000e+00,0.000000000000000000e+00
8.818327935393570627e-01,0.000000000000000000e+00,0.000000000000000000e+00
8.829282380033811606e-01,0.000000000000000000e+00,0.000000000000000000e+00
8.840236824674051475e-01,0.000000000000000000e+00,0.000000000000000000e+00
8.851191269314291343e-01,0.000000000000000000e+00,0.000000000000000000e+00
8.862145713954532322e-01,0.000000000000000000e+00,0.000000000000000000e+00
8.873100158594772191e-01,0.000000000000000000e+00,0.000000000000000000e+00
8.884054603235012060e-01,0.000000000000000000e+00,0.000000000000000000e+00
8.895009047875253039e-01,0.000000000000000000e+00,0.000000000000000000e+00
8.905963492515495128e-01,0.000000000000000000e+00,0.000000000000000000e+00
8.916917937155734997e-01,0.000000000000000000e+00,0.000000000000000000e+00
8.927872381795974865e-01,0.000000000000000000e+00,0.000000000000000000e+00
8.938826826436215844e-01,0.000000000000000000e+00,0.000000000000000000e+00
8.949781271076455713e-01,0.000000000000000000e+00,0.000000000000000000e+00
8.960735715716695582e-01,0.000000000000000000e+00,0.000000000000000000e+00
8.971690160356936561e-01,0.000000000000000000e+00,0.000000000000000000e+00
8.982644604997176430e-01,0.000000000000000000e+00,0.000000000000000000e+00
8.993599049637418519e-01,0.000000000000000000e+00,0.000000000000000000e+00
9.004553494277658388e-01,0.000000000000000000e+00,0.000000000000000000e+00
9.015507938917899367e-01,0.000000000000000000e+00,0.000000000000000000e+00
9.026462383558139235e-01,0.000000000000000000e+00,0.000000000000000000e+00
9.037416828198379104e-01,0.000000000000000000e+00,0.000000000000000000e+00
9.048371272838620083e-01,0.000000000000000000e+00,0.000000000000000000e+00
9.059325717478859952e-01,0.000000000000000000e+00,0.000000000000000000e+00
9.070280162119099820e-01,0.000000000000000000e+00,0.000000000000000000e+00
9.081234606759340799e-01,0.000000000000000000e+00,0.000000000000000000e+00
9.092189051399582889e-01,0.000000000000000000e+00,0.000000000000000000e+00
9.103143496039822757e-01,0.000000000000000000e+00,0.000000000000000000e+00
9.114097940680062626e-01,0.000000000000000000e+00,0.000000000000000000e+00
9.125052385320303605e-01,0.000000000000000000e+00,0.000000000000000000e+00
9.136006829960543474e-01,0.000000000000000000e+00,0.000000000000000000e+00
9.146961274600783343e-01,0.000000000000000000e+00,0.000000000000000000e+00
9.157915719241024322e-01,0.000000000000000000e+00,0.000000000000000000e+00
9.168870163881264190e-01,0.000000000000000000e+00,0.000000000000000000e+00
9.179824608521506280e-01,0.000000000000000000e+00,0.000000000000000000e+00
9.190779053161746148e-01,0.000000000000000000e+00,0.000000000000000000e+00
9.201733497801987127e-01,0.000000000000000000e+00,0.000000000000000000e+00
9.212687942442226996e-01,0.000000000000000000e+00,0.000000000000000000e+00
9.223642387082466865e-01,0.000000000000000000e+00,0.000000000000000000e+00
9.234596831722707844e-01,0.000000000000000000e+00,0.000000000000000000e+00
9.245551276362947712e-01,0.000000000000000000e+00,0.000000000000000000e+00
9.256505721003187581e-01,0.000000000000000000e+00,0.000000000000000000e+00
9.267460165643429670e-01,0.000000000000000000e+00,0.000000000000000000e+00
9.278414610283670649e-01,0.000000000000000000e+00,0.000000000000000000e+00
9.289369054923910518e-01,0.000000000000000000e+00,0.000000000000000000e+00
9.300323499564150387e-01,0.000000000000000000e+00,0.000000000000000000e+00
9.311277944204391366e-01,0.000000000000000000e+00,0.000000000000000000e+00
9.322232388844631235e-01,0.000000000000000000e+00,0.000000000000000000e+00
9.333186833484871103e-01,0.000000000000000000e+00,0.000000000000000000e+00
9.344141278125112082e-01,0.000000000000000000e+00,0.000000000000000000e+00
9.355095722765351951e-01,0.000000000000000000e+00,0.000000000000000000e+00
9.366050167405594040e-01,0.000000000000000000e+00,0.000000000000000000e+00
9.377004612045833909e-01,0.000000000000000000e+00,0.000000000000000000e+00
9.387959056686074888e-01,0.000000000000000000e+00,0.000000000000000000e+00
9.398913501326314757e-01,0.000000000000000000e+00,0.000000000000000000e+00
9.409867945966554625e-01,0.000000000000000000e+00,0.000000000000000000e+00
9.420822390606795604e-01,0.000000000000000000e+00,0.000000000000000000e+00
9.431776835247035473e-01,0.000000000000000000e+00,0.000000000000000000e+00
9.442731279887275342e-01,0.000000000000000000e+00,0.000000000000000000e+00
9.453685724527517431e-01,0.000000000000000000e+00,0.000000000000000000e+00
9.464640169167758410e-01,0.000000000000000000e+00,0.000000000000000000e+00
9.475594613807998279e-01,0.000000000000000000e+00,0.000000000000000000e+00
9.486549058448238148e-01,0.000000000000000000e+00,0.000000000000000000e+00
9.497503503088479127e-01,0.000000000000000000e+00,0.000000000000000000e+00
9.508457947728718995e-01,0.000000000000000000e+00,0.000000000000000000e+00
9.519412392368958864e-01,0.000000000000000000e+00,0.000000000000000000e+00
9.530366837009199843e-01,0.000000000000000000e+00,0.000000000000000000e+00
9.541321281649441932e-01,0.000000000000000000e+00,0.000000000000000000e+00
9.552275726289681801e-01,0.000000000000000000e+00,0.000000000000000000e+00
9.563230170929921670e-01,0.000000000000000000e+00,0.000000000000000000e+00
9.574184615570162649e-01,0.000000000000000000e+00,0.000000000000000000e+00
9.585139060210402517e-01,0.000000000000000000e+00,0.000000000000000000e+00
9.596093504850642386e-01,0.000000000000000000e+00,0.000000000000000000e+00
9.607047949490883365e-01,0.000000000000000000e+00,0.000000000000000000e+00
9.618002394131123234e-01,0.000000000000000000e+00,0.000000000000000000e+00
9.628956838771363103e-01,0.000000000000000000e+00,0.000000000000000000e+00
9.639911283411605192e-01,0.000000000000000000e+00,0.000000000000000000e+00
9.650865728051846171e-01,0.000000000000000000e+00,0.000000000000000000e+00
9.661820172692086039e-01,0.000000000000000000e+00,0.000000000000000000e+00
9.672774617332325908e-01,0.000000000000000000e+00,0.000000000000000000e+00
9.683729061972566887e-01,0.000000000000000000e+00,0.000000000000000000e+00
9.694683506612806756e-01,0.000000000000000000e+00,0.000000000000000000e+00
9.705637951253046625e-01,0.000000000000000000e+00,0.000000000000000000e+00
9.716592395893287604e-01,0.000000000000000000e+00,0.000000000000000000e+00
9.727546840533529693e-01,0.000000000000000000e+00,0.000000000000000000e+00
9.738501285173769562e-01,0.000000000000000000e+00,0.000000000000000000e+00
9.749455729814009430e-01,0.000000000000000000e+00,0.000000000000000000e+00
9.760410174454250409e-01,0.000000000000000000e+00,0.000000000000000000e+00
9.771364619094490278e-01,0.000000000000000000e+00,0.000000000000000000e+00
9.782319063734730147e-01,0.000000000000000000e+00,0.000000000000000000e+00
9.793273508374971126e-01,0.000000000000000000e+00,0.000000000000000000e+00
9.804227953015210995e-01,0.000000000000000000e+00,0.000000000000000000e+00
9.815182397655453084e-01,0.000000000000000000e+00,0.000000000000000000e+00
9.826136842295692952e-01,0.000000000000000000e+00,0.000000000000000000e+00
9.837091286935933931e-01,0.000000000000000000e+00,0.000000000000000000e+00
9.848045731576173800e-01,0.000000000000000000e+00,0.000000000000000000e+00
9.859000176216413669e-01,0.000000000000000000e+00,0.000000000000000000e+00
9.869954620856654648e-01,0.000000000000000000e+00,0.000000000000000000e+00
9.880909065496894517e-01,0.000000000000000000e+00,0.000000000000000000e+00
9.891863510137134385e-01,0.000000000000000000e+00,0.000000000000000000e+00
9.902817954777375364e-01,0.000000000000000000e+00,0.000000000000000000e+00
9.913772399417617454e-01,0.000000000000000000e+00,0.000000000000000000e+00
9.924726844057857322e-01,0.000000000000000000e+00,0.000000000000000000e+00
9.935681288698097191e-01,0.000000000000000000e+00,0.000000000000000000e+00
9.946635733338338170e-01,0.000000000000000000e+00,0.000000000000000000e+00
9.957590177978578039e-01,0.000000000000000000e+00,0.000000000000000000e+00
9.968544622618817908e-01,0.000000000000000000e+00,0.000000000000000000e+00
9.979499067259058886e-01,0.000000000000000000e+00,0.000000000000000000e+00
9.990453511899298755e-01,0.000000000000000000e+00,0.000000000000000000e+00
1.000140795653954084e+00,0.000000000000000000e+00,0.000000000000000000e+00
1.001236240117978182e+00,0.000000000000000000e+00,0.000000000000000000e+00
1.002331684582002058e+00,0.000000000000000000e+00,0.000000000000000000e+00
1.003427129046026156e+00,0.000000000000000000e+00,0.000000000000000000e+00
1.004522573510050254e+00,0.000000000000000000e+00,0.000000000000000000e+00
1.005618017974074130e+00,0.000000000000000000e+00,0.000000000000000000e+00
1.006713462438098228e+00,0.000000000000000000e+00,0.000000000000000000e+00
1.007808906902122326e+00,0.000000000000000000e+00,0.000000000000000000e+00
1.008904351366146424e+00,0.000000000000000000e+00,0.000000000000000000e+00
1.009999795830170521e+00,0.000000000000000000e+00,0.000000000000000000e+00
1.011095240294194397e+00,0.000000000000000000e+00,0.000000000000000000e+00
1.012190684758218495e+00,0.000000000000000000e+00,0.000000000000000000e+00
1.013286129222242593e+00,0.000000000000000000e+00,0.000000000000000000e+00
1.014381573686266469e+00,0.000000000000000000e+00,0.000000000000000000e+00
1.015477018150290567e+00,0.000000000000000000e+00,0.000000000000000000e+00
1.016572462614314665e+00,0.000000000000000000e+00,0.000000000000000000e+00
1.017667907078338541e+00,0.000000000000000000e+00,0.000000000000000000e+00
1.018763351542362861e+00,0.000000000000000000e+00,0.000000000000000000e+00
1.019858796006386958e+00,0.000000000000000000e+00,0.000000000000000000e+00
1.020954240470410834e+00,0.000000000000000000e+00,0.000000000000000000e+00
1.022049684934434932e+00,0.000000000000000000e+00,0.000000000000000000e+00
1.023145129398459030e+00,0.000000000000000000e+00,0.000000000000000000e+00
1.024240573862482906e+00,0.000000000000000000e+00,0.000000000000000000e+00
1.025336018326507004e+00,0.000000000000000000e+00,0.000000000000000000e+00
1.026431462790531102e+00,0.000000000000000000e+00,0.000000000000000000e+00
1.027526907254555200e+00,0.000000000000000000e+00,0.000000000000000000e+00
1.028622351718579297e+00,0.000000000000000000e+00,0.000000000000000000e+00
1.029717796182603173e+00,0.000000000000000000e+00,0.000000000000000000e+00
1.030813240646627271e+00,0.000000000000000000e+00,0.000000000000000000e+00
1.031908685110651369e+00,0.000000000000000000e+00,0.000000000000000000e+00
1.033004129574675245e+00,0.000000000000000000e+00,0.000000000000000000e+00
1.034099574038699343e+00,0.000000000000000000e+00,0.000000000000000000e+00
1.035195018502723441e+00,0.000000000000000000e+00,0.000000000000000000e+00
1.036290462966747539e+00,0.000000000000000000e+00,0.000000000000000000e+00
1.037385907430771637e+00,0.000000000000000000e+00,0.000000000000000000e+00
1.038481351894795734e+00,0.000000000000000000e+00,0.000000000000000000e+00
1.039576796358819610e+00,0.000000000000000000e+00,0.000000000000000000e+00
1.040672240822843708e+00,0.000000000000000000e+00,0.000000000000000000e+00
1.041767685286867806e+00,0.000000000000000000e+00,0.000000000000000000e+00
1.042863129750891682e+00,0.000000000000000000e+00,0.000000000000000000e+00
1.043958574214915780e+00,0.000000000000000000e+00,0.000000000000000000e+00
1.045054018678939878e+00,0.000000000000000000e+00,0.000000000000000000e+00
1.046149463142963976e+00,0.000000000000000000e+00,0.000000000000000000e+00
1.047244907606988074e+00,0.000000000000000000e+00,0.000000000000000000e+00
1.048340352071011949e+00,0.000000000000000000e+00,0.000000000000000000e+00
1.049435796535036047e+00,0.000000000000000000e+00,0.000000000000000000e+00
1.050531240999060145e+00,0.000000000000000000e+00,0.000000000000000000e+00
1.051626685463084021e+00,0.000000000000000000e+00,0.000000000000000000e+00
1.052722129927108119e+00,0.000000000000000000e+00,0.000000000000000000e+00
1.053817574391132217e+00,0.000000000000000000e+00,0.000000000000000000e+00
1.054913018855156315e+00,0.000000000000000000e+00,0.000000000000000000e+00
1.056008463319180413e+00,0.000000000000000000e+00,0.000000000000000000e+00
1.057103907783204511e+00,0.000000000000000000e+00,0.000000000000000000e+00
1.058199352247228386e+00,0.000000000000000000e+00,0.000000000000000000e+00
1.059294796711252484e+00,0.000000000000000000e+00,0.000000000000000000e+00
1.060390241175276582e+00,0.000000000000000000e+00,0.000000000000000000e+00
1.061485685639300458e+00,0.000000000000000000e+00,0.000000000000000000e+00
1.062581130103324556e+00,0.000000000000000000e+00,0.000000000000000000e+00
1.063676574567348654e+00,0.000000000000000000e+00,0.000000000000000000e+00
1.064772019031372752e+00,0.000000000000000000e+00,0.000000000000000000e+00
1.065867463495396850e+00,0.000000000000000000e+00,0.000000000000000000e+00
1.066962907959420725e+00,0.000000000000000000e+00,0.000000000000000000e+00
1.068058352423444823e+00,0.000000000000000000e+00,0.000000000000000000e+00
1.069153796887468921e+00,0.000000000000000000e+00,0.000000000000000000e+00
1.070249241351492797e+00,0.000000000000000000e+00,0.000000000000000000e+00
1.071344685815516895e+00,0.000000000000000000e+00,0.000000000000000000e+00
1.072440130279540993e+00,0.000000000000000000e+00,0.000000000000000000e+00
1.073535574743565091e+00,0.000000000000000000e+00,0.000000000000000000e+00
1.074631019207589189e+00,0.000000000000000000e+00,0.000000000000000000e+00
1.075726463671613287e+00,0.000000000000000000e+00,0.000000000000000000e+00
1.076821908135637162e+00,0.000000000000000000e+00,0.000000000000000000e+00
1.077917352599661260e+00,0.000000000000000000e+00,0.000000000000000000e+00
1.079012797063685358e+00,0.000000000000000000e+00,0.000000000000000000e+00
1.080108241527709234e+00,0.000000000000000000e+00,0.000000000000000000e+00
1.081203685991733332e+00,0.000000000000000000e+00,0.000000000000000000e+00
1.082299130455757430e+00,0.000000000000000000e+00,0.000000000000000000e+00
1.083394574919781528e+00,0.000000000000000000e+00,0.000000000000000000e+00
1.084490019383805626e+00,0.000000000000000000e+00,0.000000000000000000e+00
1.085585463847829502e+00,0.000000000000000000e+00,0.000000000000000000e+00
1.086680908311853599e+00,0.000000000000000000e+00,0.000000000000000000e+00
1.087776352775877697e+00,0.000000000000000000e+00,0.000000000000000000e+00
1.088871797239901573e+00,0.000000000000000000e+00,0.000000000000000000e+00
1.089967241703925671e+00,0.000000000000000000e+00,0.000000000000000000e+00
1.091062686167949991e+00,0.000000000000000000e+00,0.000000000000000000e+00
1.092158130631973867e+00,0.000000000000000000e+00,0.000000000000000000e+00
1.093253575095997965e+00,0.000000000000000000e+00,0.000000000000000000e+00
1.094349019560022063e+00,0.000000000000000000e+00,0.000000000000000000e+00
1.095444464024045939e+00,0.000000000000000000e+00,0.000000000000000000e+00
1.096539908488070036e+00,0.000000000000000000e+00,0.000000000000000000e+00
1.097635352952094134e+00,0.000000000000000000e+00,0.000000000000000000e+00
1.098730797416118010e+00,0.000000000000000000e+00,0.000000000000000000e+00
1.099826241880142108e+00,0.000000000000000000e+00,0.000000000000000000e+00
1.100921686344166206e+00,0.000000000000000000e+00,0.000000000000000000e+00
1.102017130808190304e+00,0.000000000000000000e+00,0.000000000000000000e+00
1.103112575272214402e+00,0.000000000000000000e+00,0.000000000000000000e+00
1.104208019736238278e+00,0.000000000000000000e+00,0.000000000000000000e+00
1.105303464200262376e+00,0.000000000000000000e+00,0.000000000000000000e+00
1.106398908664286473e+00,0.000000000000000000e+00,0.000000000000000000e+00
1.107494353128310349e+00,0.000000000000000000e+00,0.000000000000000000e+00
1.108589797592334447e+00,0.000000000000000000e+00,0.000000000000000000e+00
1.109685242056358767e+00,0.000000000000000000e+00,0.000000000000000000e+00
1.110780686520382643e+00,0.000000000000000000e+00,0.000000000000000000e+00
1.111876130984406741e+00,0.000000000000000000e+00,0.000000000000000000e+00
1.112971575448430839e+00,0.000000000000000000e+00,0.000000000000000000e+00
1.114067019912454715e+00,0.000000000000000000e+00,0.000000000000000000e+00
1.115162464376478813e+00,0.000000000000000000e+00,0.000000000000000000e+00
1.116257908840502910e+00,0.000000000000000000e+00,0.000000000000000000e+00
1.117353353304526786e+00,0.000000000000000000e+00,0.000000000000000000e+00
1.118448797768551106e+00,0.000000000000000000e+00,0.000000000000000000e+00
1.119544242232574982e+00,0.000000000000000000e+00,0.000000000000000000e+00
1.120639686696599080e+00,0.000000000000000000e+00,0.000000000000000000e+00
1.121735131160623178e+00,0.000000000000000000e+00,0.000000000000000000e+00
1.122830575624647054e+00,0.000000000000000000e+00,0.000000000000000000e+00
1.123926020088671152e+00,0.000000000000000000e+00,0.000000000000000000e+00
1.125021464552695249e+00,0.000000000000000000e+00,0.000000000000000000e+00
1.126116909016719125e+00,0.000000000000000000e+00,0.000000000000000000e+00
1.127212353480743223e+00,0.000000000000000000e+00,0.000000000000000000e+00
1.128307797944767543e+00,0.000000000000000000e+00,0.000000000000000000e+00
1.129403242408791419e+00,0.000000000000000000e+00,0.000000000000000000e+00
1.130498686872815517e+00,0.000000000000000000e+00,0.000000000000000000e+00
1.131594131336839615e+00,0.000000000000000000e+00,0.000000000000000000e+00
1.132689575800863491e+00,0.000000000000000000e+00,0.000000000000000000e+00
1.133785020264887589e+00,0.000000000000000000e+00,0.000000000000000000e+00
1.134880464728911686e+00,0.000000000000000000e+00,0.000000000000000000e+00
1.135975909192935562e+00,0.000000000000000000e+00,0.000000000000000000e+00
1.137071353656959882e+00,0.000000000000000000e+00,0.000000000000000000e+00
1.138166798120983758e+00,0.000000000000000000e+00,0.000000000000000000e+00
1.139262242585007856e+00,0.000000000000000000e+00,0.000000000000000000e+00
1.140357687049031954e+00,0.000000000000000000e+00,0.000000000000000000e+00
1.141453131513055830e+00,0.000000000000000000e+00,0.000000000000000000e+00
1.142548575977079928e+00,0.000000000000000000e+00,0.000000000000000000e+00
1.143644020441104026e+00,0.000000000000000000e+00,0.000000000000000000e+00
1.144739464905127901e+00,0.000000000000000000e+00,0.000000000000000000e+00
1.145834909369152221e+00,0.000000000000000000e+00,0.000000000000000000e+00
1.146930353833176319e+00,0.000000000000000000e+00,0.000000000000000000e+00
1.148025798297200195e+00,0.000000000000000000e+00,0.000000000000000000e+00
1.149121242761224293e+00,0.000000000000000000e+00,0.000000000000000000e+00
1.150216687225248391e+00,0.000000000000000000e+00,0.000000000000000000e+00
1.151312131689272267e+00,0.000000000000000000e+00,0.000000000000000000e+00
1.152407576153296365e+00,0.000000000000000000e+00,0.000000000000000000e+00
1.153503020617320463e+00,0.000000000000000000e+00,0.000000000000000000e+00
1.154598465081344338e+00,0.000000000000000000e+00,0.000000000000000000e+00
1.155693909545368658e+00,0.000000000000000000e+00,0.000000000000000000e+00
1.156789354009392534e+00,0.000000000000000000e+00,0.000000000000000000e+00
1.157884798473416632e+00,0.000000000000000000e+00,0.000000000000000000e+00
1.158980242937440730e+00,0.000000000000000000e+00,0.000000000000000000e+00
1.160075687401464606e+00,0.000000000000000000e+00,0.000000000000000000e+00
1.161171131865488704e+00,0.000000000000000000e+00,0.000000000000000000e+00
1.162266576329512802e+00,0.000000000000000000e+00,0.000000000000000000e+00
1.163362020793536677e+00,0.000000000000000000e+00,0.000000000000000000e+00
1.164457465257560997e+00,0.000000000000000000e+00,0.000000000000000000e+00
1.165552909721585095e+00,0.000000000000000000e+00,0.000000000000000000e+00
1.166648354185608971e+00,0.000000000000000000e+00,0.000000000000000000e+00
1.167743798649633069e+00,0.000000000000000000e+00,0.000000000000000000e+00
1.168839243113657167e+00,0.000000000000000000e+00,0.000000000000000000e+00
1.169934687577681043e+00,0.000000000000000000e+00,0.000000000000000000e+00
1.171030132041705141e+00,0.000000000000000000e+00,0.000000000000000000e+00
1.172125576505729239e+00,0.000000000000000000e+00,0.000000000000000000e+00
1.173221020969753337e+00,0.000000000000000000e+00,0.000000000000000000e+00
1.174316465433777434e+00,0.000000000000000000e+00,0.000000000000000000e+00
1.175411909897801310e+00,0.000000000000000000e+00,0.000000000000000000e+00
1.176507354361825408e+00,0.000000000000000000e+00,0.000000000000000000e+00
1.177602798825849506e+00,0.000000000000000000e+00,0.000000000000000000e+00
1.178698243289873382e+00,0.000000000000000000e+00,0.000000000000000000e+00
1.179793687753897480e+00,0.000000000000000000e+00,0.000000000000000000e+00
1.180889132217921578e+00,0.000000000000000000e+00,0.000000000000000000e+00
1.181984576681945454e+00,0.000000000000000000e+00,0.000000000000000000e+00
1.183080021145969773e+00,0.000000000000000000e+00,0.000000000000000000e+00
1.184175465609993871e+00,0.000000000000000000e+00,0.000000000000000000e+00
1.185270910074017747e+00,0.000000000000000000e+00,0.000000000000000000e+00
1.186366354538041845e+00,0.000000000000000000e+00,0.000000000000000000e+00
1.187461799002065943e+00,0.000000000000000000e+00,0.000000000000000000e+00
1.188557243466089819e+00,0.000000000000000000e+00,0.000000000000000000e+00
1.189652687930113917e+00,0.000000000000000000e+00,0.000000000000000000e+00
1.190748132394138015e+00,0.000000000000000000e+00,0.000000000000000000e+00
1.191843576858162113e+00,0.000000000000000000e+00,0.000000000000000000e+00
1.192939021322186210e+00,0.000000000000000000e+00,0.000000000000000000e+00
1.194034465786210086e+00,0.000000000000000000e+00,0.000000000000000000e+00
1.195129910250234184e+00,0.000000000000000000e+00,0.000000000000000000e+00
1.196225354714258282e+00,0.000000000000000000e+00,0.000000000000000000e+00
1.197320799178282158e+00,0.000000000000000000e+00,0.000000000000000000e+00
1.198416243642306256e+00,0.000000000000000000e+00,0.000000000000000000e+00
1.199511688106330354e+00,0.000000000000000000e+00,0.000000000000000000e+00
1.200607132570354452e+00,0.000000000000000000e+00,0.000000000000000000e+00
1.201702577034378550e+00,0.000000000000000000e+00,0.000000000000000000e+00
1.202798021498402647e+00,0.000000000000000000e+00,0.000000000000000000e+00
1.203893465962426523e+00,0.000000000000000000e+00,0.000000000000000000e+00
1.204988910426450621e+00,0.000000000000000000e+00,0.000000000000000000e+00
1.206084354890474719e+00,0.000000000000000000e+00,0.000000000000000000e+00
1.207179799354498595e+00,0.000000000000000000e+00,0.000000000000000000e+00
1.208275243818522693e+00,0.000000000000000000e+00,0.000000000000000000e+00
1.209370688282546791e+00,0.000000000000000000e+00,0.000000000000000000e+00
1.210466132746570889e+00,0.000000000000000000e+00,0.000000000000000000e+00
1.211561577210594987e+00,0.000000000000000000e+00,0.000000000000000000e+00
1.212657021674618862e+00,0.000000000000000000e+00,0.000000000000000000e+00
1.213752466138642960e+00,0.000000000000000000e+00,0.000000000000000000e+00
1.214847910602667058e+00,0.000000000000000000e+00,0.000000000000000000e+00
1.215943355066690934e+00,0.000000000000000000e+00,0.000000000000000000e+00
1.217038799530715032e+00,0.000000000000000000e+00,0.000000000000000000e+00
1.218134243994739130e+00,0.000000000000000000e+00,0.000000000000000000e+00
1.219229688458763228e+00,0.000000000000000000e+00,0.000000000000000000e+00
1.220325132922787326e+00,0.000000000000000000e+00,0.000000000000000000e+00
1.221420577386811424e+00,0.000000000000000000e+00,0.000000000000000000e+00
1.222516021850835299e+00,0.000000000000000000e+00,0.000000000000000000e+00
1.223611466314859397e+00,0.000000000000000000e+00,0.000000000000000000e+00
1.224706910778883495e+00,0.000000000000000000e+00,0.000000000000000000e+00
1.225802355242907371e+00,0.000000000000000000e+00,0.000000000000000000e+00
1.226897799706931469e+00,0.000000000000000000e+00,0.000000000000000000e+00
1.227993244170955567e+00,0.000000000000000000e+00,0.000000000000000000e+00
1.229088688634979665e+00,0.000000000000000000e+00,0.000000000000000000e+00
1.230184133099003763e+00,0.000000000000000000e+00,0.000000000000000000e+00
1.231279577563027638e+00,0.000000000000000000e+00,0.000000000000000000e+00
1.232375022027051736e+00,0.000000000000000000e+00,0.000000000000000000e+00
1.233470466491075834e+00,0.000000000000000000e+00,0.000000000000000000e+00
1.234565910955099710e+00,0.000000000000000000e+00,0.000000000000000000e+00
1.235661355419123808e+00,0.000000000000000000e+00,0.000000000000000000e+00
1.236756799883147906e+00,0.000000000000000000e+00,0.000000000000000000e+00
1.237852244347172004e+00,0.000000000000000000e+00,0.000000000000000000e+00
1.238947688811196102e+00,0.000000000000000000e+00,0.000000000000000000e+00
1.240043133275220200e+00,0.000000000000000000e+00,0.000000000000000000e+00
1.241138577739244075e+00,0.000000000000000000e+00,0.000000000000000000e+00
1.242234022203268173e+00,0.000000000000000000e+00,0.000000000000000000e+00
1.243329466667292271e+00,0.000000000000000000e+00,0.000000000000000000e+00
1.244424911131316147e+00,0.000000000000000000e+00,0.000000000000000000e+00
1.245520355595340245e+00,0.000000000000000000e+00,0.000000000000000000e+00
1.246615800059364343e+00,0.000000000000000000e+00,0.000000000000000000e+00
1.247711244523388441e+00,0.000000000000000000e+00,0.000000000000000000e+00
1.248806688987412539e+00,0.000000000000000000e+00,0.000000000000000000e+00
1.249902133451436415e+00,0.000000000000000000e+00,0.000000000000000000e+00
1.250997577915460512e+00,0.000000000000000000e+00,0.000000000000000000e+00
1.252093022379484610e+00,0.000000000000000000e+00,0.000000000000000000e+00
1.253188466843508486e+00,0.000000000000000000e+00,0.000000000000000000e+00
1.254283911307532584e+00,0.000000000000000000e+00,0.000000000000000000e+00
1.255379355771556904e+00,0.000000000000000000e+00,0.000000000000000000e+00
1.256474800235580780e+00,0.000000000000000000e+00,0.000000000000000000e+00
1.257570244699604878e+00,0.000000000000000000e+00,0.000000000000000000e+00
1.258665689163628976e+00,0.000000000000000000e+00,0.000000000000000000e+00
1.259761133627652852e+00,0.000000000000000000e+00,0.000000000000000000e+00
1.260856578091676949e+00,0.000000000000000000e+00,0.000000000000000000e+00
1.261952022555701047e+00,0.000000000000000000e+00,0.000000000000000000e+00
1.263047467019724923e+00,0.000000000000000000e+00,0.000000000000000000e+00
1.264142911483749021e+00,0.000000000000000000e+00,0.000000000000000000e+00
1.265238355947773119e+00,0.000000000000000000e+00,0.000000000000000000e+00
1.266333800411797217e+00,0.000000000000000000e+00,0.000000000000000000e+00
1.267429244875821315e+00,0.000000000000000000e+00,0.000000000000000000e+00
1.268524689339845191e+00,0.000000000000000000e+00,0.000000000000000000e+00
1.269620133803869289e+00,0.000000000000000000e+00,0.000000000000000000e+00
1.270715578267893386e+00,0.000000000000000000e+00,0.000000000000000000e+00
1.271811022731917262e+00,0.000000000000000000e+00,0.000000000000000000e+00
1.272906467195941360e+00,0.000000000000000000e+00,0.000000000000000000e+00
1.274001911659965680e+00,0.000000000000000000e+00,0.000000000000000000e+00
1.275097356123989556e+00,0.000000000000000000e+00,0.000000000000000000e+00
1.276192800588013654e+00,0.000000000000000000e+00,0.000000000000000000e+00
1.277288245052037752e+00,0.000000000000000000e+00,0.000000000000000000e+00
1.278383689516061628e+00,0.000000000000000000e+00,0.000000000000000000e+00
1.279479133980085725e+00,0.000000000000000000e+00,0.000000000000000000e+00
1.280574578444109823e+00,0.000000000000000000e+00,0.000000000000000000e+00
1.281670022908133699e+00,0.000000000000000000e+00,0.000000000000000000e+00
1.282765467372158019e+00,0.000000000000000000e+00,0.000000000000000000e+00
1.283860911836181895e+00,0.000000000000000000e+00,0.000000000000000000e+00
1.284956356300205993e+00,0.000000000000000000e+00,0.000000000000000000e+00
1.286051800764230091e+00,0.000000000000000000e+00,0.000000000000000000e+00
1.287147245228253967e+00,0.000000000000000000e+00,0.000000000000000000e+00
1.288242689692278065e+00,0.000000000000000000e+00,0.000000000000000000e+00
1.289338134156302162e+00,0.000000000000000000e+00,0.000000000000000000e+00
1.290433578620326038e+00,0.000000000000000000e+00,0.000000000000000000e+00
1.291529023084350136e+00,0.000000000000000000e+00,0.000000000000000000e+00
1.292624467548374456e+00,0.000000000000000000e+00,0.000000000000000000e+00
1.293719912012398332e+00,0.000000000000000000e+00,0.000000000000000000e+00
1.294815356476422430e+00,0.000000000000000000e+00,0.000000000000000000e+00
1.295910800940446528e+00,0.000000000000000000e+00,0.000000000000000000e+00
1.297006245404470404e+00,0.000000000000000000e+00,0.000000000000000000e+00
1.298101689868494502e+00,0.000000000000000000e+00,0.000000000000000000e+00
1.299197134332518377e+00,0.000000000000000000e+00,0.000000000000000000e+00
1.300292578796542475e+00,0.000000000000000000e+00,0.000000000000000000e+00
1.301388023260566795e+00,0.000000000000000000e+00,0.000000000000000000e+00
1.302483467724590671e+00,0.000000000000000000e+00,0.000000000000000000e+00
1.303578912188614769e+00,0.000000000000000000e+00,0.000000000000000000e+00
1.304674356652638867e+00,0.000000000000000000e+00,0.000000000000000000e+00
1.305769801116662743e+00,0.000000000000000000e+00,0.000000000000000000e+00
1.306865245580686841e+00,0.000000000000000000e+00,0.000000000000000000e+00
1.307960690044710939e+00,0.000000000000000000e+00,0.000000000000000000e+00
1.309056134508734814e+00,0.000000000000000000e+00,0.000000000000000000e+00
1.310151578972759134e+00,0.000000000000000000e+00,0.000000000000000000e+00
1.311247023436783232e+00,0.000000000000000000e+00,0.000000000000000000e+00
1.312342467900807108e+00,0.000000000000000000e+00,0.000000000000000000e+00
1.313437912364831206e+00,0.000000000000000000e+00,0.000000000000000000e+00
1.314533356828855304e+00,0.000000000000000000e+00,0.000000000000000000e+00
1.315628801292879180e+00,0.000000000000000000e+00,0.000000000000000000e+00
1.316724245756903278e+00,0.000000000000000000e+00,0.000000000000000000e+00
1.317819690220927153e+00,0.000000000000000000e+00,0.000000000000000000e+00
1.318915134684951251e+00,0.000000000000000000e+00,0.000000000000000000e+00
1.320010579148975571e+00,0.000000000000000000e+00,0.000000000000000000e+00
1.321106023612999447e+00,0.000000000000000000e+00,0.000000000000000000e+00
1.322201468077023545e+00,0.000000000000000000e+00,0.000000000000000000e+00
1.323296912541047643e+00,0.000000000000000000e+00,0.000000000000000000e+00
1.324392357005071519e+00,0.000000000000000000e+00,0.000000000000000000e+00
1.325487801469095617e+00,0.000000000000000000e+00,0.000000000000000000e+00
1.326583245933119715e+00,0.000000000000000000e+00,0.000000000000000000e+00
1.327678690397143590e+00,0.000000000000000000e+00,0.000000000000000000e+00
1.328774134861167910e+00,0.000000000000000000e+00,0.000000000000000000e+00
1.329869579325192008e+00,0.000000000000000000e+00,0.000000000000000000e+00
1.330965023789215884e+00,0.000000000000000000e+00,0.000000000000000000e+00
1.332060468253239982e+00,0.000000000000000000e+00,0.000000000000000000e+00
1.333155912717263858e+00,0.000000000000000000e+00,0.000000000000000000e+00
1.334251357181287956e+00,0.000000000000000000e+00,0.000000000000000000e+00
1.335346801645312054e+00,0.000000000000000000e+00,0.000000000000000000e+00
1.336442246109335930e+00,0.000000000000000000e+00,0.000000000000000000e+00
1.337537690573360250e+00,0.000000000000000000e+00,0.000000000000000000e+00
1.338633135037384347e+00,0.000000000000000000e+00,0.000000000000000000e+00
1.339728579501408223e+00,0.000000000000000000e+00,0.000000000000000000e+00
1.340824023965432321e+00,0.000000000000000000e+00,0.000000000000000000e+00
1.341919468429456419e+00,0.000000000000000000e+00,0.000000000000000000e+00
1.343014912893480295e+00,0.000000000000000000e+00,0.000000000000000000e+00
1.344110357357504393e+00,0.000000000000000000e+00,0.000000000000000000e+00
1.345205801821528491e+00,0.000000000000000000e+00,0.000000000000000000e+00
1.346301246285552367e+00,0.000000000000000000e+00,0.000000000000000000e+00
1.347396690749576686e+00,0.000000000000000000e+00,0.000000000000000000e+00
1.348492135213600562e+00,0.000000000000000000e+00,0.000000000000000000e+00
1.349587579677624660e+00,0.000000000000000000e+00,0.000000000000000000e+00
1.350683024141648758e+00,0.000000000000000000e+00,0.000000000000000000e+00
1.351778468605672634e+00,0.000000000000000000e+00,0.000000000000000000e+00
1.352873913069696732e+00,0.000000000000000000e+00,0.000000000000000000e+00
1.353969357533720830e+00,0.000000000000000000e+00,0.000000000000000000e+00
1.355064801997744706e+00,0.000000000000000000e+00,0.000000000000000000e+00
1.356160246461769026e+00,0.000000000000000000e+00,0.000000000000000000e+00
1.357255690925793123e+00,0.000000000000000000e+00,0.000000000000000000e+00
1.358351135389816999e+00,0.000000000000000000e+00,0.000000000000000000e+00
1.359446579853841097e+00,0.000000000000000000e+00,0.000000000000000000e+00
1.360542024317865195e+00,0.000000000000000000e+00,0.000000000000000000e+00
1.361637468781889071e+00,0.000000000000000000e+00,0.000000000000000000e+00
1.362732913245913169e+00,0.000000000000000000e+00,0.000000000000000000e+00
1.363828357709937267e+00,0.000000000000000000e+00,0.000000000000000000e+00
1.364923802173961365e+00,0.000000000000000000e+00,0.000000000000000000e+00
1.366019246637985463e+00,0.000000000000000000e+00,0.000000000000000000e+00
1.367114691102009338e+00,0.000000000000000000e+00,0.000000000000000000e+00
1.368210135566033436e+00,0.000000000000000000e+00,0.000000000000000000e+00
1.369305580030057534e+00,0.000000000000000000e+00,0.000000000000000000e+00
