# omega(Hartree) S(1/Hartree) dS(1/Hartree)
1.095444464024046072e-03,1.499859780524256614e+00,7.585024176528855078e-01
2.190888928048092144e-03,1.516161842579113017e+00,7.257270755626820113e-01
3.286333392072138000e-03,1.534617628049068649e+00,6.890089278275828288e-01
4.381777856096184288e-03,1.555131865705926097e+00,6.492525042271920510e-01
5.477222320120230144e-03,1.577618298395869756e+00,6.073415439804313865e-01
6.572666784144275999e-03,1.601998221899044950e+00,5.641304465279024516e-01
7.668111248168322722e-03,1.628199228187013015e+00,5.204439542068745039e-01
8.763555712192368577e-03,1.656154122594194700e+00,4.770852863392127663e-01
9.859000176216414432e-03,1.685799989746465055e+00,4.348528265250711233e-01
1.095444464024046029e-02,1.717077387414379874e+00,3.945650248340831223e-01
1.204988910426450614e-02,1.749929650966979722e+00,3.570912634182797363e-01
1.314533356828855200e-02,1.784302293964147745e+00,3.233810757164007899e-01
1.424077803231259785e-02,1.820142492757102382e+00,2.944733132610253268e-01
1.533622249633664544e-02,1.857398644873043736e+00,2.714503691439603683e-01
1.643166696036068783e-02,1.896019992519748287e+00,2.552946356027522290e-01
1.752711142438473715e-02,1.935956303821267488e+00,2.466409062226402327e-01
1.862255588840878301e-02,1.977157605444760824e+00,2.455216982408353898e-01
1.971800035243282886e-02,2.019573961133982465e+00,2.512847588894308593e-01
2.081344481645687472e-02,2.063155291372196665e+00,2.627702955640734417e-01
2.190888928048092057e-02,2.107851229974469387e+00,2.786292503996267711e-01
2.300433374450496643e-02,2.153611013886654657e+00,2.975926353324526152e-01
2.409977820852901229e-02,2.200383402861343374e+00,3.186062242538490463e-01
2.519522267255305814e-02,2.248116626005995489e+00,3.408551513234822083e-01
2.629066713657710400e-02,2.296758352468353248e+00,3.637337482746383355e-01
2.738611160060114985e-02,2.346255683751221621e+00,3.868000375212455322e-01
2.848155606462519571e-02,2.396555165337796556e+00,4.097331377598892876e-01
2.957700052864924503e-02,2.447602815473213234e+00,4.322991869782130125e-01
3.067244499267329089e-02,2.499344169086571199e+00,4.543258502784706110e-01
3.176788945669733327e-02,2.551724334962964136e+00,4.756838671894494941e-01
3.286333392072137566e-02,2.604688064384359514e+00,4.962738413248879987e-01
3.395877838474542498e-02,2.658179829559963014e+00,5.160168448510525918e-01
3.505422284876947431e-02,2.712143910259847690e+00,5.348477141194627471e-01
3.614966731279351669e-02,2.766524487154237821e+00,5.527102743193899048e-01
3.724511177681756602e-02,2.821265740447687520e+00,5.695539540493099739e-01
3.834055624084160840e-02,2.876311952477851541e+00,5.853313671482671676e-01
3.943600070486565773e-02,2.931607613033588855e+00,5.999966413511421681e-01
4.053144516888970011e-02,2.987097526225379163e+00,6.135042871938284348e-01
4.162688963291374944e-02,3.042726917825268718e+00,6.258084817565013891e-01
4.272233409693779183e-02,3.098441542068886889e+00,6.368626797897156688e-01
4.381777856096184115e-02,3.154187786999343324e+00,6.466195028785863830e-01
4.491322302498588354e-02,3.209912777507906156e+00,6.550308627340281076e-01
4.600866748900993286e-02,3.265564475306195646e+00,6.620482996160158562e-01
4.710411195303397525e-02,3.321091775149303871e+00,6.676235383168545034e-01
4.819955641705802457e-02,3.376444596698415790e+00,6.717092612810788843e-01
4.929500088108207390e-02,3.431573971495986974e+00,6.742601145388680273e-01
5.039044534510611628e-02,3.486432124596385851e+00,6.752339909278235464e-01
5.148588980913015867e-02,3.540972550469715152e+00,6.745936117943885924e-01
5.258133427315420799e-02,3.595150082866173324e+00,6.723084806445607242e-01
5.367677873717825038e-02,3.648920958395030389e+00,6.683572748312434086e-01
5.477222320120229970e-02,3.702242873637768383e+00,6.627307680664169531e-01
5.586766766522634903e-02,3.755075035674548367e+00,6.554354113300998597e-01
5.696311212925039141e-02,3.807378205961125861e+00,6.464977150363795388e-01
5.805855659327444074e-02,3.859114737546622376e+00,6.359696198269930711e-01
5.915400105729849006e-02,3.910248605671597932e+00,6.239350784289741103e-01
6.024944552132253245e-02,3.960745431832251917e+00,6.105181125339954606e-01
6.134488998534658177e-02,4.010572501436943327e+00,5.958925785247346507e-01
6.244033444937061722e-02,4.059698775219175104e+00,5.802938720068435696e-01
6.353577891339466654e-02,4.108094894603686598e+00,5.640325971337476485e-01
6.463122337741870893e-02,4.155733181251989983e+00,5.475098058720753169e-01
6.572666784144275132e-02,4.202587631038491089e+00,5.312326158375388907e-01
6.682211230546680758e-02,4.248633902729295642e+00,5.158275624549107929e-01
6.791755676949084997e-02,4.293849301654053541e+00,5.020468949771295097e-01
6.901300123351489235e-02,4.338212758674483638e+00,4.907604077770092998e-01
7.010844569753894862e-02,4.381704804764565253e+00,4.829236074330180428e-01
7.120389016156299100e-02,4.424307541524304277e+00,4.795145228696972017e-01
7.229933462558703339e-02,4.466004607953911965e+00,4.814394879008078720e-01
7.339477908961108965e-02,4.506781143816728452e+00,4.894228269030684308e-01
7.449022355363513204e-02,4.546623749919374902e+00,5.039099075320612187e-01
7.558566801765917442e-02,4.585520445633277653e+00,5.250153130001978807e-01
7.668111248168321681e-02,4.623460623978455253e+00,5.525316800909013670e-01
7.777655694570725919e-02,4.660435004581702678e+00,5.859893378704411626e-01
7.887200140973131546e-02,4.696435584814991238e+00,6.247398468082102641e-01
7.996744587375535784e-02,4.731455589408346540e+00,6.680365286817467885e-01
8.106289033777940023e-02,4.765489418821358569e+00,7.150963443940414610e-01
8.215833480180345649e-02,4.798532596645539883e+00,7.651396628751730988e-01
8.325377926582749888e-02,4.830581716296531880e+00,8.174116658745597119e-01
8.434922372985154126e-02,4.861634387241992705e+00,8.711913959336600177e-01
8.544466819387558365e-02,4.891689180997556008e+00,9.257937470079056208e-01
8.654011265789963991e-02,4.920745577108113444e+00,9.805682193749972742e-01
8.763555712192368230e-02,4.948803909318223226e+00,1.034896684150564905e+00
8.873100158594772469e-02,4.975865312120482109e+00,1.088191414572414306e+00
8.982644604997176707e-02,5.001931667857015817e+00,1.139893900169860919e+00
9.092189051399580946e-02,5.027005554533851672e+00,1.189474641448548420e+00
9.201733497801986572e-02,5.051090194495565733e+00,1.236433808122824329e+00
9.311277944204390811e-02,5.074189404092841471e+00,1.280302670215847982e+00
9.420822390606795049e-02,5.096307544462757022e+00,1.320645581543765212e+00
9.530366837009200676e-02,5.117449473529093851e+00,1.357062322676603427e+00
9.639911283411604914e-02,5.137620499317485212e+00,1.389190621776901891e+00
9.749455729814009153e-02,5.156826334668529022e+00,1.416708697738551237e+00
9.859000176216414779e-02,5.175073053421141545e+00,1.439337627164060551e+00
9.968544622618819018e-02,5.192367048127517037e+00,1.456843468219422233e+00
1.007808906902122326e-01,5.208714989351563851e+00,1.469038984564960959e+00
1.018763351542362888e-01,5.224123786593236396e+00,1.475784922027618018e+00
1.029717796182603173e-01,5.238600550872165584e+00,1.476990735465940840e+00
1.040672240822843597e-01,5.252152558996601606e+00,1.472614769368849386e+00
1.051626685463084160e-01,5.264787219535884688e+00,1.462663828779017905e+00
1.062581130103324584e-01,5.276512040507644663e+00,1.447192168397961609e+00
1.073535574743565008e-01,5.287334598784908302e+00,1.426299922391500496e+00
1.084490019383805570e-01,5.297262511222844417e+00,1.400130981524255525e+00
1.095444464024045994e-01,5.306303407499069813e+00,1.368870403774130162e+00
1.106398908664286418e-01,5.314464904657506317e+00,1.332741411474189785e+00
1.117353353304526981e-01,5.321754583341317790e+00,1.292002067143873667e+00
1.128307797944767404e-01,5.328179965696539178e+00,1.246941705622196306e+00
1.139262242585007828e-01,5.333748494925822037e+00,1.197877271650909181e+00
1.150216687225248391e-01,5.338467516467479967e+00,1.145149648834632661e+00
1.161171131865488815e-01,5.342344260774033238e+00,1.089120160159054551e+00
1.172125576505729239e-01,5.345385827661570666e+00,1.030167407147490888e+00
1.183080021145969801e-01,5.347599172199474005e+00,9.686846927012187081e-01
1.194034465786210225e-01,5.348991092110249035e+00,9.050783327436420223e-01
1.204988910426450649e-01,5.349568216645096186e+00,8.397673390798908732e-01
1.215943355066691212e-01,5.349336996903295116e+00,7.731851878479863993e-01
1.226897799706931635e-01,5.348303697561020087e+00,7.057848712738743480e-01
1.237852244347171921e-01,5.346474389974815722e+00,6.380492860310593706e-01
1.248806688987412344e-01,5.343854946625747004e+00,5.705106916944836515e-01
1.259761133627652907e-01,5.340451036868902435e+00,5.037861971108157366e-01
1.270715578267893331e-01,5.336268123954559073e+00,4.386427455958830657e-01
1.281670022908133755e-01,5.331311463285517860e+00,3.761178980160220231e-01
1.292624467548374179e-01,5.325586101877836320e+00,3.177456762228343390e-01
1.303578912188614602e-01,5.319096878993090804e+00,2.659608869094861605e-01
1.314533356828855026e-01,5.311848427885394130e+00,2.246785938865007437e-01
1.325487801469095728e-01,5.303845178705066665e+00,1.994400470523122748e-01
1.336442246109336152e-01,5.295091362399210411e+00,1.951948782316775821e-01
1.347396690749576575e-01,5.285591015705639606e+00,2.117824666860408100e-01
1.358351135389816999e-01,5.275347987130812655e+00,2.436453827798585048e-01
1.369305580030057423e-01,5.264365943906661904e+00,2.844708826889707498e-01
1.380260024670297847e-01,5.252648379891709851e+00,3.298376931658975608e-01
1.391214469310538548e-01,5.240198624385600468e+00,3.771138229932380903e-01
1.402168913950778972e-01,5.227019851826823604e+00,4.247719983397971744e-01
1.413123358591019396e-01,5.213115092343580947e+00,4.719033159869905347e-01
1.424077803231259820e-01,5.198487243127029700e+00,5.179461038516167681e-01
1.435032247871500244e-01,5.183139080597270798e+00,5.625410985629828442e-01
1.445986692511740668e-01,5.167073273331175720e+00,6.054527288335658231e-01
1.456941137151981369e-01,5.150292395721723260e+00,6.465247019399146255e-01
1.467895581792221793e-01,5.132798942337568171e+00,6.856538085893997270e-01
1.478850026432462217e-01,5.114595342951491652e+00,7.227737824680836587e-01
1.489804471072702641e-01,5.095683978205489240e+00,7.578448929578829318e-01
1.500758915712943065e-01,5.076067195879175209e+00,7.908469540818522381e-01
1.511713360353183488e-01,5.055747327728675522e+00,8.217744444669980997e-01
1.522667804993423912e-01,5.034726706859967038e+00,8.506329604479447859e-01
1.533622249633664336e-01,5.013007685601669650e+00,8.774365747740791033e-01
1.544576694273904760e-01,4.990592653839590831e+00,9.022057970214322209e-01
1.555531138914145184e-01,4.967484057774364636e+00,9.249659750421034277e-01
1.566485583554385608e-01,4.943684419062573276e+00,9.457460062560250069e-01
1.577440028194626309e-01,4.919196354298976281e+00,9.645772960257570361e-01
1.588394472834866733e-01,4.894022594796923364e+00,9.814928985788449189e-01
1.599348917475107157e-01,4.868166006621329700e+00,9.965268042060561049e-01
1.610303362115347581e-01,4.841629610827632213e+00,1.009713352478369464e+00
1.621257806755588005e-01,4.814416603856738419e+00,1.021086738183513809e+00
1.632212251395828428e-01,4.786530378035962485e+00,1.030680605536766548e+00
1.643166696036069130e-01,4.757974542131845119e+00,1.038527712191714469e+00
1.654121140676309554e-01,4.728752941900030926e+00,1.044659653442518543e+00
1.665075585316549978e-01,4.698869680574948582e+00,1.049106640438450588e+00
1.676030029956790401e-01,4.668329139239536296e+00,1.051897324554311952e+00
1.686984474597030825e-01,4.637135997013773547e+00,1.053058663397659078e+00
1.697938919237271249e-01,4.605295250998456602e+00,1.052615823258876926e+00
1.708893363877511673e-01,4.572812235908643608e+00,1.050592115255894576e+00
1.719847808517752374e-01,4.539692643329979127e+00,1.047008962087615513e+00
1.730802253157992798e-01,4.505942540528375950e+00,1.041885896172892068e+00
1.741756697798233222e-01,4.471568388742944933e+00,1.035240583299203321e+00
1.752711142438473646e-01,4.436577060890506630e+00,1.027088878151950491e+00
1.763665587078714070e-01,4.400975858607925950e+00,1.017444907304444701e+00
1.774620031718954494e-01,4.364772528559336173e+00,1.006321185298489684e+00
1.785574476359194918e-01,4.327975277932649689e+00,9.937287652965507423e-01
1.796528920999435341e-01,4.290592789051272504e+00,9.796774287102670842e-01
1.807483365639675765e-01,4.252634233025303523e+00,9.641759221405229452e-01
1.818437810279916189e-01,4.214109282367654252e+00,9.472322486320664536e-01
1.829392254920156613e-01,4.175028122501031724e+00,9.288540241286560306e-01
1.840346699560397314e-01,4.135401462082704427e+00,9.090489159098864569e-01
1.851301144200637738e-01,4.095240542074980894e+00,8.878251799754220963e-01
1.862255588840878162e-01,4.054557143492342419e+00,8.651923248755472029e-01
1.873210033481118586e-01,4.013363593756431591e+00,8.411619376790242519e-01
1.884164478121359010e-01,3.971672771597043461e+00,8.157487143890547188e-01
1.895118922761599434e-01,3.929498110431387747e+00,7.889717625077693475e-01
1.906073367401840135e-01,3.886853600175559365e+00,7.608562622670642650e-01
1.917027812042080559e-01,3.843753787419016188e+00,7.314356080148505246e-01
1.927982256682320983e-01,3.800213773927392680e+00,7.007542096746023352e-01
1.938936701322561407e-01,3.756249213422535149e+00,6.688712023060834344e-01
1.949891145962801831e-01,3.711876306603680398e+00,6.358654431528201201e-01
1.960845590603042254e-01,3.667111794378030254e+00,6.018423383914396352e-01
1.971800035243282956e-01,3.621972949275892528e+00,5.669433307335983718e-01
1.982754479883523380e-01,3.576477565031507488e+00,5.313592734865424383e-01
1.993708924523763804e-01,3.530643944318975436e+00,4.953495263454132380e-01
2.004663369164004227e-01,3.484490884641077812e+00,4.592694211292126516e-01
2.015617813804244651e-01,3.438037662373891301e+00,4.236096442429989062e-01
2.026572258444485075e-01,3.391304014983452131e+00,3.890514535791785855e-01
2.037526703084725777e-01,3.344310121433450966e+00,3.565393228557249827e-01
2.048481147724966200e-01,3.297076580816602487e+00,3.273621070301347968e-01
2.059435592365206347e-01,3.249624389248525258e+00,3.032047234385072398e-01
2.070390037005446771e-01,3.201974915072216543e+00,2.860781940140107449e-01
2.081344481645687194e-01,3.154149872431108115e+00,2.779967417831782361e-01
2.092298926285927896e-01,3.106171293276297263e+00,2.803824186945920172e-01
2.103253370926168320e-01,3.058061497883393987e+00,2.935049236702594877e-01
2.114207815566408744e-01,3.009843063961874066e+00,3.164183166568533268e-01
2.125162260206649167e-01,2.961538794448988376e+00,3.474329504571054827e-01
2.136116704846889591e-01,2.913171684087314972e+00,3.846941962827368222e-01
2.147071149487130015e-01,2.864764884893422181e+00,4.265326953432343471e-01
2.158025594127370717e-01,2.816341670631544503e+00,4.715697960018364610e-01
2.168980038767611140e-01,2.767925400411908488e+00,5.186936038644043290e-01
2.179934483407851564e-01,2.719539481541580539e+00,5.669962513932332859e-01
2.190888928048091988e-01,2.671207331757725623e+00,6.157131706714690234e-01
2.201843372688332134e-01,2.622952340980201580e+00,6.641760631728139685e-01
2.212797817328572836e-01,2.574797832722841129e+00,7.117798359648725981e-01
2.223752261968813260e-01,2.526767025306059011e+00,7.579607229974744120e-01
2.234706706609053961e-01,2.478882993015703473e+00,8.021826924603097098e-01
2.245661151249294107e-01,2.431168627353658351e+00,8.439298634218999062e-01
2.256615595889534809e-01,2.383646598526548921e+00,8.827033239089875361e-01
2.267570040529774955e-01,2.336339317319032993e+00,9.180212179382563065e-01
2.278524485170015657e-01,2.289268897494958654e+00,9.494213206427958296e-01
2.289478929810256080e-01,2.242457118868810717e+00,9.764655240679320780e-01
2.300433374450496782e-01,2.195925391186920539e+00,9.987457918988172922e-01
2.311387819090736928e-01,2.149694718951855599e+00,1.015891206196435137e+00
2.322342263730977630e-01,2.103785667321523611e+00,1.027575760891352497e+00
2.333296708371217776e-01,2.058218329206015440e+00,1.033526577431667315e+00
2.344251153011458477e-01,2.013012293681015308e+00,1.033532192799814897e+00
2.355205597651698901e-01,1.968186615828051433e+00,1.027450599596068548e+00
2.366160042291939603e-01,1.923759788105126711e+00,1.015216680944210248e+00
2.377114486932179749e-01,1.879749713342935946e+00,9.968487158121077663e-01
2.388068931572420450e-01,1.836173679452130392e+00,9.724536325949134641e-01
2.399023376212660597e-01,1.793048335919192882e+00,9.422307366831550457e-01
2.409977820852901298e-01,1.750389672158499721e+00,9.064737041993906619e-01
2.420932265493141722e-01,1.708212997777693642e+00,8.655707107403238787e-01
2.431886710133382423e-01,1.666532924804647875e+00,8.200027093751861562e-01
2.442841154773622570e-01,1.625363351913303500e+00,7.703400359905502315e-01
2.453795599413863271e-01,1.584717450675372064e+00,7.172377750662918272e-01
2.464750044054103417e-01,1.544607653856105323e+00,6.614306525415971638e-01
2.475704488694343841e-01,1.505045645760021866e+00,6.037287418664195604e-01
2.486658933334584543e-01,1.466042354625493260e+00,5.450160244371968776e-01
2.497613377974824689e-01,1.427607947054328585e+00,4.862550595195548886e-01
2.508567822615065390e-01,1.389751824456138207e+00,4.285028432907531659e-01
2.519522267255305814e-01,1.352482621476666758e+00,3.729454324358835726e-01
2.530476711895546238e-01,1.315808206370518540e+00,3.209607791354670003e-01
2.541431156535786662e-01,1.279735683272740454e+00,2.742137062768969513e-01
2.552385601176027086e-01,1.244271396313420652e+00,2.347500501771365156e-01
2.563340045816267510e-01,1.209420935515155726e+00,2.049354146872620075e-01
2.574294490456507933e-01,1.175189144404873653e+00,1.868874082405109771e-01
2.585248935096748357e-01,1.141580129267344645e+00,1.812384533669992026e-01
2.596203379736989336e-01,1.108597269961147713e+00,1.862197892261043541e-01
2.607157824377229205e-01,1.076243232215222667e+00,1.983969362916656876e-01
2.618112269017470184e-01,1.044519981317678425e+00,2.142837386341670258e-01
2.629066713657710053e-01,1.013428797108579804e+00,2.312581339741436870e-01
2.640021158297951032e-01,9.829702901832150230e-01,2.476337083211228030e-01
2.650975602938191455e-01,9.531444192117376479e-01,2.624240455334040378e-01
2.661930047578431879e-01,9.239505092795944341e-01,2.751069158745017007e-01
2.672884492218672303e-01,8.953872711524019090e-01,2.854573206846925393e-01
2.683838936858912727e-01,8.674528213685803735e-01,2.934393159966734999e-01
2.694793381499153151e-01,8.401447030640938340e-01,2.991363954449660634e-01
2.705747826139393575e-01,8.134599074333543900e-01,3.027056061117875951e-01
2.716702270779633999e-01,7.873948957338825494e-01,3.043463613143116420e-01
2.727656715419874978e-01,7.619456217412260424e-01,3.042787164312302228e-01
2.738611160060114846e-01,7.371075545653598127e-01,3.027280738033971685e-01
2.749565604700355270e-01,7.128757017418744235e-01,2.999144968899857822e-01
2.760520049340595694e-01,6.892446325128319673e-01,2.960454737916040635e-01
2.771474493980836118e-01,6.662085012169343123e-01,2.913113294651307195e-01
2.782428938621077097e-01,6.437610707119384434e-01,2.858826864334280682e-01
2.793383383261316966e-01,6.218957357548704490e-01,2.799094928610187383e-01
2.804337827901557945e-01,6.006055462709696258e-01,2.735212173168536376e-01
2.815292272541797813e-01,5.798832304449133002e-01,2.668278721140003307e-01
2.826246717182038792e-01,5.597212175729440187e-01,2.599215821925922598e-01
2.837201161822279216e-01,5.401116606187552627e-01,2.528784683114240761e-01
2.848155606462519640e-01,5.210464584190015458e-01,2.457606618951171384e-01
2.859110051102760064e-01,5.025172774900883432e-01,2.386183139679364518e-01
2.870064495743000488e-01,4.845155733916610141e-01,2.314915007236520161e-01
2.881018940383240912e-01,4.670326116057176846e-01,2.244119626592427363e-01
2.891973385023481335e-01,4.500594878946583277e-01,2.174046423194968825e-01
2.902927829663721759e-01,4.335871481070738831e-01,2.104890075421736451e-01
2.913882274303962738e-01,4.176064074014836924e-01,2.036801631379550059e-01
2.924836718944202607e-01,4.021079688643430794e-01,1.969897648437914928e-01
2.935791163584443586e-01,3.870824415006657859e-01,1.904267560286137806e-01
2.946745608224683455e-01,3.725203575808953005e-01,1.839979509033083938e-01
2.957700052864924434e-01,3.584121893288378935e-01,1.777084887402794466e-01
2.968654497505164858e-01,3.447483649406475892e-01,1.715621826142319506e-01
2.979608942145405281e-01,3.315192839272289027e-01,1.655617840626159298e-01
2.990563386785645705e-01,3.187153317749971682e-01,1.597091823483836881e-01
3.001517831425886129e-01,3.063268939227999366e-01,1.540055540657807309e-01
3.012472276066126553e-01,2.943443690557343562e-01,1.484514759378704474e-01
3.023426720706366977e-01,2.827581817183876245e-01,1.430470109767640330e-01
3.034381165346607401e-01,2.715587942528471799e-01,1.377917758278547622e-01
3.045335609986847825e-01,2.607367180677725993e-01,1.326849951215696155e-01
3.056290054627088248e-01,2.502825242478040058e-01,1.277255470321768671e-01
3.067244499267328672e-01,2.401868535138445837e-01,1.229120029516331536e-01
3.078198943907569096e-01,2.304404255455302086e-01,1.182426632009932754e-01
3.089153388547809520e-01,2.210340476803624443e-01,1.137155899718058499e-01
3.100107833188050499e-01,2.119586229989720016e-01,1.093286381668325258e-01
3.111062277828290368e-01,2.032051578244964962e-01,1.050794844659417443e-01
3.122016722468531347e-01,1.947647686348454865e-01,1.009656547037677821e-01
3.132971167108771215e-01,1.866286884189473083e-01,9.698454953381388521e-02
3.143925611749012194e-01,1.787882724883101127e-01,9.313346828450279336e-02
3.154880056389252618e-01,1.712350037640220368e-01,8.940963090483752818e-02
3.165834501029493042e-01,1.639604975566016365e-01,8.581019791398843133e-02
3.176788945669733466e-01,1.569565058592238271e-01,8.233228830596847625e-02
3.187743390309973890e-01,1.502149211717228039e-01,7.897299540217703195e-02
3.198697834950214314e-01,1.437277798759114267e-01,7.572940069015696163e-02
3.209652279590454738e-01,1.374872651808226875e-01,7.259858572676354538e-02
3.220606724230695161e-01,1.314857096574293949e-01,6.957764221897770607e-02
3.231561168870936140e-01,1.257155973813550986e-01,6.666368042190004561e-02
3.242515613511176009e-01,1.201695657035691950e-01,6.385383601322555669e-02
3.253470058151416988e-01,1.148404066664209522e-01,6.114527561302955661e-02
3.264424502791656857e-01,1.097210680848589720e-01,5.853520112304128747e-02
3.275378947431897836e-01,1.048046543096076283e-01,5.602085305575040669e-02
3.286333392072138260e-01,1.000844266911202485e-01,5.359951301761956000e-02
3.297287836712378128e-01,9.555380376069973203e-02,5.126850549850249517e-02
3.308242281352619107e-01,9.120636114664845695e-02,4.902519910640701362e-02
3.319196725992858976e-01,8.703583124114144809e-02,4.686700737052502952e-02
3.330151170633099955e-01,8.303610263400200420e-02,4.479138921936857975e-02
3.341105615273339824e-01,7.920121932933112119e-02,4.279584922494252680e-02
3.352060059913580803e-01,7.552537975936239600e-02,4.087793768727050053e-02
3.363014504553821227e-01,7.200293561019710520e-02,3.903525061936542057e-02
3.373968949194061651e-01,6.862839047374683088e-02,3.726542967926919220e-02
3.384923393834302074e-01,6.539639833919570766e-02,3.556616208353426123e-02
3.395877838474542498e-01,6.230176193609496954e-02,3.393518052573141902e-02
3.406832283114782922e-01,5.933943094283353897e-02,3.237026311595327804e-02
3.417786727755023346e-01,5.650450007144965092e-02,3.086923334877968855e-02
3.428741172395263770e-01,5.379220704050382412e-02,2.942996010210411489e-02
3.439695617035504749e-01,5.119793044639076030e-02,2.805035766431231148e-02
3.450650061675744618e-01,4.871718754400724410e-02,2.672838578462644749e-02
3.461604506315985597e-01,4.634563194657804336e-02,2.546204973886252027e-02
3.472558950956225465e-01,4.407905125345409209e-02,2.424940040126527876e-02
3.483513395596466444e-01,4.191336461502281202e-02,2.308853431288287669e-02
3.494467840236706868e-01,3.984462024395765689e-02,2.197759373724978219e-02
3.505422284876947292e-01,3.786899287899526262e-02,2.091476669314003972e-02
3.516376729517187716e-01,3.598278121085069642e-02,1.989828695705099515e-02
3.527331174157428140e-01,3.418240527529513989e-02,1.892643402678345979e-02
3.538285618797668564e-01,3.246440382224589916e-02,1.799753304097527137e-02
3.549240063437908987e-01,3.082543166510233815e-02,1.710995464834209542e-02
3.560194508078149411e-01,2.926225701735308757e-02,1.626211482336925238e-02
3.571148952718389835e-01,2.777175882236934332e-02,1.545247462601801944e-02
3.582103397358630259e-01,2.635092407999792968e-02,1.467953990306915257e-02
3.593057841998870683e-01,2.499684517653781926e-02,1.394186093163174781e-02
3.604012286639111107e-01,2.370671722117347752e-02,1.323803200453177106e-02
3.614966731279351531e-01,2.247783539414058979e-02,1.256669095953511298e-02
3.625921175919592510e-01,2.130759230972607485e-02,1.192651865403695707e-02
3.636875620559832378e-01,2.019347539768863442e-02,1.131623838787847343e-02
3.647830065200073357e-01,1.913306430737417643e-02,1.073461527797735411e-02
3.658784509840313226e-01,1.812402833596196694e-02,1.018045558739113024e-02
3.669738954480554205e-01,1.716412388525659707e-02,9.652606013517132932e-03
3.680693399120794629e-01,1.625119194808214221e-02,9.149952938563557861e-03
3.691647843761035053e-01,1.538315562794274893e-02,8.671421647121823478e-03
3.702602288401275477e-01,1.455801769298363003e-02,8.215975514342126543e-03
3.713556733041515900e-01,1.377385816658296264e-02,7.782615169027724648e-03
3.724511177681756324e-01,1.302883195627830941e-02,7.370377635637803682e-03
3.735465622321996748e-01,1.232116652266040772e-02,6.978335459131575214e-03
3.746420066962237172e-01,1.164915958887607211e-02,6.605595815960961688e-03
3.757374511602478151e-01,1.101117689286907307e-02,6.251299615276958814e-03
3.768328956242718020e-01,1.040564998257947210e-02,5.914620593213125964e-03
3.779283400882958999e-01,9.831074055441429635e-03,5.594764403616150385e-03
3.790237845523198867e-01,9.286005842354292175e-03,5.290967707785453229e-03
3.801192290163439846e-01,8.769061537578674154e-03,5.002497266354741061e-03
3.812146734803680270e-01,8.278914774098092982e-03,4.728649035207970787e-03
3.823101179443920694e-01,7.814294645258110239e-03,4.468747267885918653e-03
3.834055624084161118e-01,7.373983772832964044e-03,4.222143626405041802e-03
3.845010068724400987e-01,6.956816421906354686e-03,3.988216302398891674e-03
3.855964513364641966e-01,6.561676662111676911e-03,3.766369149860682771e-03
3.866918958004882390e-01,6.187496575503506624e-03,3.556030831044377366e-03
3.877873402645122813e-01,5.833254510985373328e-03,3.356653976752286932e-03
3.888827847285363237e-01,5.497973384808061900e-03,3.167714361876642227e-03
3.899782291925603661e-01,5.180719027297398145e-03,2.988710097321425549e-03
3.910736736565844085e-01,4.880598575166843721e-03,2.819160838861918972e-03
3.921691181206084509e-01,4.596758908638058291e-03,2.658607013325184603e-03
3.932645625846324933e-01,4.328385134251829837e-03,2.506609063345024459e-03
3.943600070486565912e-01,4.074699111072826486e-03,2.362746710029939128e-03
3.954554515126805780e-01,3.834958021317271589e-03,2.226618234730249647e-03
3.965508959767046759e-01,3.608452983623166264e-03,2.097839779401421655e-03
3.976463404407286628e-01,3.394507709405768237e-03,1.976044666290081419e-03
3.987417849047527607e-01,3.192477200819485595e-03,1.860882736503446456e-03
3.998372293687768031e-01,3.001746489650746180e-03,1.752019707441302429e-03
4.009326738328008455e-01,2.821729417431408701e-03,1.649136549592328943e-03
4.020281182968248879e-01,2.651867454485072866e-03,1.551928881659975874e-03
4.031235627608489303e-01,2.491628558882214885e-03,1.460106384853683504e-03
4.042190072248729726e-01,2.340506072469605847e-03,1.373392234929006125e-03
4.053144516888970150e-01,2.198017655453312312e-03,1.291522553058446288e-03
4.064098961529210574e-01,2.063704257135022015e-03,1.214245874325251169e-03
4.075053406169451553e-01,1.937129122041803420e-03,1.141322633570910532e-03
4.086007850809691422e-01,1.817876831956851888e-03,1.072524669060193796e-03
4.096962295449932401e-01,1.705552381557702470e-03,1.007634742766661418e-03
4.107916740090172270e-01,1.599780287271825550e-03,9.464460771877786140e-04
4.118871184730412693e-01,1.500203728854851339e-03,8.887619085290467645e-04
4.129825629370653672e-01,1.406483723029653982e-03,8.343950559908649761e-04
4.140780074010893541e-01,1.318298327225588722e-03,7.831675061144546856e-04
4.151734518651134520e-01,1.235341873682383644e-03,7.349100124525176098e-04
4.162688963291374389e-01,1.157324232955273067e-03,6.894617101007505982e-04
4.173643407931615368e-01,1.083970105512930930e-03,6.466697444144533635e-04
4.184597852571855792e-01,1.015018340725627527e-03,6.063889135890305126e-04
4.195552297212096216e-01,9.502212832055336855e-04,5.684813251775074463e-04
4.206506741852336639e-01,8.893441444441135997e-04,5.328160654115513678e-04
4.217461186492577063e-01,8.321644001582907636e-04,4.992688816608624588e-04
4.228415631132817487e-01,7.784712113143414398e-04,4.677218769032136063e-04
4.239370075773057911e-01,7.280648697939476419e-04,4.380632168690852275e-04
4.250324520413298335e-01,6.807562658678253942e-04,4.101868482441749795e-04
4.261278965053539314e-01,6.363663785211368237e-04,3.839922286379819118e-04
4.272233409693779183e-01,5.947257868211839943e-04,3.593840673112391835e-04
4.283187854334020161e-01,5.556742020450159509e-04,3.362720765701457675e-04
4.294142298974260030e-01,5.190600199713542220e-04,3.145707335458814997e-04
4.305096743614501009e-01,4.847398919888733703e-04,2.941990516200488183e-04
4.316051188254741433e-01,4.525783152365297807e-04,2.750803617003054783e-04
4.327005632894981857e-01,4.224472406011826431e-04,2.571421027080829499e-04
4.337960077535222281e-01,3.942256979320615915e-04,2.403156209603500126e-04
4.348914522175462705e-01,3.677994378955612084e-04,2.245359781641975802e-04
4.359868966815703129e-01,3.430605901777305372e-04,2.097417679148809856e-04
4.370823411455943552e-01,3.199073367487155267e-04,1.958749399799753551e-04
4.381777856096183976e-01,2.982436001155867921e-04,1.828806323885486017e-04
4.392732300736424400e-01,2.779787462513424188e-04,1.707070111991981754e-04
4.403686745376664269e-01,2.590273007131029632e-04,1.593051170980200760e-04
4.414641190016905803e-01,2.413086785653491208e-04,1.486287192638169774e-04
4.425595634657145672e-01,2.247469262941498964e-04,1.386341754452167596e-04
4.436550079297386096e-01,2.092704766886323135e-04,1.292802989065801875e-04
4.447504523937626519e-01,1.948119146732773881e-04,1.205282310567738069e-04
4.458458968577867498e-01,1.813077552585112666e-04,1.123413205343072406e-04
4.469413413218107922e-01,1.686982310363317251e-04,1.046850072111743572e-04
4.480367857858347791e-01,1.569270912654623746e-04,9.752671242975567971e-05
4.491322302498588215e-01,1.459414099311838508e-04,9.083573390365392035e-05
4.502276747138829194e-01,1.356914036761167433e-04,8.458314588366942928e-05
4.513231191779069618e-01,1.261302584122302129e-04,7.874170389571638292e-05
4.524185636419310041e-01,1.172139653771797976e-04,7.328575457058564865e-05
4.535140081059549910e-01,1.089011644532399727e-04,6.819114924826578960e-05
4.546094525699791444e-01,1.011529961723581819e-04,6.343516228495152756e-05
4.557048970340031313e-01,9.393296063947369733e-05,5.899641299814041578e-05
4.568003414980271737e-01,8.720678477972016341e-05,5.485479216884038534e-05
4.578957859620512161e-01,8.094229503966205233e-05,5.099139133798965596e-05
4.589912304260753140e-01,7.510929758533902258e-05,4.738843621259420443e-05
4.600866748900993564e-01,6.967946487810497273e-05,4.402922351549688399e-05
4.611821193541233432e-01,6.462622760113604552e-05,4.089806066297183864e-05
4.622775638181473856e-01,5.992467267910108532e-05,3.798020876870354282e-05
4.633730082821714835e-01,5.555144681701873856e-05,3.526182864331877737e-05
4.644684527461955259e-01,5.148466513830083198e-05,3.272992955270546354e-05
4.655638972102195683e-01,4.770382454259877692e-05,3.037232052149490096e-05
4.666593416742435552e-01,4.418972186455302981e-05,2.817756425927864954e-05
4.677547861382675976e-01,4.092437683120915722e-05,2.613493373498857727e-05
4.688502306022916954e-01,3.789095900657488803e-05,2.423437090768985162e-05
4.699456750663157378e-01,3.507371826593860294e-05,2.246644734300739550e-05
4.710411195303397802e-01,3.245792016016933713e-05,2.082232760726520049e-05
4.721365639943637671e-01,3.002978411282203531e-05,1.929373414667224644e-05
4.732320084583879205e-01,2.777642534396139326e-05,1.787291424217615343e-05
4.743274529224119074e-01,2.568579993149215204e-05,1.655260868207650621e-05
4.754228973864359498e-01,2.374665351913377324e-05,1.532602249907331565e-05
4.765183418504599921e-01,2.194847185947929581e-05,1.418679662262431419e-05
4.776137863144840900e-01,2.028143570639212971e-05,1.312898208392991122e-05
4.787092307785081324e-01,1.873637690401097326e-05,1.214701475665909971e-05
4.798046752425321193e-01,1.730473787603700714e-05,1.123569207006780508e-05
4.809001197065561617e-01,1.597853311129890600e-05,1.039015080257264097e-05
4.819955641705802596e-01,1.475031317313348421e-05,9.605846310987590508e-06
4.830910086346043020e-01,1.361313043115131408e-05,8.878532688146219682e-06
4.841864530986283444e-01,1.256050735350744743e-05,8.204244406471123628e-06
4.852818975626523312e-01,1.158640634417489862e-05,7.579278799171220373e-06
4.863773420266764846e-01,1.068520101754039217e-05,7.000179317713396298e-06
4.874727864907004715e-01,9.851650608746784511e-06,6.463720688484509754e-06
4.885682309547245139e-01,9.080873759223092334e-06,5.966893517946399741e-06
4.896636754187485563e-01,8.368326206355515372e-06,5.506891321301995113e-06
4.907591198827726542e-01,7.709777690837067214e-06,5.081096911884015102e-06
4.918545643467966966e-01,7.101292594070651987e-06,4.687071123311063479e-06
4.929500088108206834e-01,6.539209059036928032e-06,4.322540421188849064e-06
4.940454532748447258e-01,6.020121917813485317e-06,3.985386917112336760e-06
4.951408977388687682e-01,5.540865261418442586e-06,3.673638049641630980e-06
4.962363422028928661e-01,5.098496314285428448e-06,3.385457032893524907e-06
4.973317866669169085e-01,4.690280620898625950e-06,3.119134086202245320e-06
4.984272311309408954e-01,4.313678030192300215e-06,2.873078110847741565e-06
4.995226755949649378e-01,3.966329638349574499e-06,2.645808926052496688e-06
5.006181200589890912e-01,3.646045220802574345e-06,2.435949757024897068e-06
5.017135645230130780e-01,3.350791617259204092e-06,2.242220288311420354e-06
5.028090089870370649e-01,3.078682542379928840e-06,2.063430605512232977e-06
5.039044534510611628e-01,2.827968264195252886e-06,1.898474989515702164e-06
5.049998979150852607e-01,2.597025588093240479e-06,1.746325856030521241e-06
5.060953423791092476e-01,2.384350056317841997e-06,1.606029128335331611e-06
5.071907868431332345e-01,2.188547119208708307e-06,1.476698871341794539e-06
5.082862313071573324e-01,2.008324100889856044e-06,1.357512409987024559e-06
5.093816757711814303e-01,1.842484116925406067e-06,1.247706721201935683e-06
5.104771202352054171e-01,1.689918376130221012e-06,1.146573694862426324e-06
5.115725646992295150e-01,1.549600414316869069e-06,1.053456660221781461e-06
5.126680091632535019e-01,1.420580159283212375e-06,9.677467632777647390e-07
5.137634536272775998e-01,1.301978309069594526e-06,8.888795215378727098e-07
5.148588980913015867e-01,1.192981458752058029e-06,8.163318556943407106e-07
5.159543425553256846e-01,1.092837559369272189e-06,7.496193191653783949e-07
5.170497870193496714e-01,1.000851209565651736e-06,6.882931846406949672e-07
5.181452314833737693e-01,9.163794166158384838e-07,6.319378229066475694e-07
5.192406759473978672e-01,8.388283437716252293e-07,5.801687351860459729e-07
5.203361204114218541e-01,7.676491363798452656e-07,5.326299277484456431e-07
5.214315648754458410e-01,7.023351196926220740e-07,4.889922092761343349e-07
5.225270093394699389e-01,6.424181547067352590e-07,4.489508837603270882e-07
5.236224538034940368e-01,5.874665900689749754e-07,4.122245322561790766e-07
5.247178982675180237e-01,5.370817894283905330e-07,3.785527832394391101e-07
5.258133427315420105e-01,4.908960177619578971e-07,3.476950103024023303e-07
5.269087871955661084e-01,4.485702552292137043e-07,3.194289650719615368e-07
5.280042316595902063e-01,4.097918227083936754e-07,2.935492589977827756e-07
5.290996761236141932e-01,3.742724508100947097e-07,2.698661404766603209e-07
5.301951205876382911e-01,3.417466844315587220e-07,2.482044985507378810e-07
5.312905650516622780e-01,3.119697788354923838e-07,2.284024849734638029e-07
5.323860095156863759e-01,2.847165119236649385e-07,2.103107825107178403e-07
5.334814539797103627e-01,2.597792203764089914e-07,1.937912932812479682e-07
5.345768984437344606e-01,2.369671478549531925e-07,1.787167792272722182e-07
5.356723429077584475e-01,2.161043196881894209e-07,1.649693980781365536e-07
5.367677873717825454e-01,1.970291638956400050e-07,1.524405298985332854e-07
5.378632318358066433e-01,1.795930478127134459e-07,1.410297866822754611e-07
5.389586762998306302e-01,1.636591458792530150e-07,1.306442521860153465e-07
5.400541207638546171e-01,1.491017228907735216e-07,1.211980380677163169e-07
5.411495652278787150e-01,1.358053663340622720e-07,1.126118064469734634e-07
5.422450096919028129e-01,1.236637916084472689e-07,1.048119350953468476e-07
5.433404541559267997e-01,1.125797189828276041e-07,9.773056298438028209e-08
5.444358986199507866e-01,1.024635364734498281e-07,9.130462521509510879e-08
5.455313430839749955e-01,9.323319692038758345e-08,8.547592794680441923e-08
5.466267875479989824e-01,8.481309539742937459e-08,8.019033325508904997e-08
5.477222320120229693e-01,7.713432964098609150e-08,7.539819727741988463e-08
5.488176764760470672e-01,7.013319997240925928e-08,7.105317161295689374e-08
5.499131209400710540e-01,6.375163582745085593e-08,6.711281169632381880e-08
5.510085654040951519e-01,5.793621848382330053e-08,6.353783339223970193e-08
5.521040098681191388e-01,5.263829926600532763e-08,6.029246877043424753e-08
5.531994543321432367e-01,4.781284499507200825e-08,5.734342435777115487e-08
5.542948987961672236e-01,4.341878695227964091e-08,5.466044887855008862e-08
5.553903432601913215e-01,3.941888664586184856e-08,5.221645896605221641e-08
5.564857877242154194e-01,3.577843902768608133e-08,4.998610201636974665e-08
5.575812321882394063e-01,3.246609977922511049e-08,4.794697816385383724e-08
5.586766766522633931e-01,2.945304679774754828e-08,4.607872263847810561e-08
5.597721211162874910e-01,2.671301113530540290e-08,4.436320665782234146e-08
5.608675655803115889e-01,2.422183565298729809e-08,4.278401205248849928e-08
5.619630100443355758e-01,2.195745967992459981e-08,4.132652659821641469e-08
5.630584545083595627e-01,1.989984129905839406e-08,3.997799437445928377e-08
5.641538989723837716e-01,1.803056819847275902e-08,3.872695386917791050e-08
5.652493434364077585e-01,1.633275316453745240e-08,3.756311953732354097e-08
5.663447879004317453e-01,1.479107333508439264e-08,3.647761533677334870e-08
5.674402323644558432e-01,1.339166408493659987e-08,3.546297511746004398e-08
5.685356768284799411e-01,1.212157327506496031e-08,3.451191616099216874e-08
5.696311212925039280e-01,1.096923240331234397e-08,3.361867971921716284e-08
5.707265657565279149e-01,9.923907289263126452e-09,3.277771337436932768e-08
5.718220102205520128e-01,8.975981191102811651e-09,3.198467386834208915e-08
5.729174546845761107e-01,8.116505053351099947e-09,3.123515858410287477e-08
5.740128991486000976e-01,7.337585240370206734e-09,3.052627918657027393e-08
5.751083436126241955e-01,6.631698400282633624e-09,2.985425179490331810e-08
5.762037880766481823e-01,5.992289248299709947e-09,2.921696328344462794e-08
5.772992325406721692e-01,5.413208632213455147e-09,2.861183455027068104e-08
5.783946770046962671e-01,4.888761058590121670e-09,2.803596953223725565e-08
5.794901214687203650e-01,4.414029939895400994e-09,2.748819214072490510e-08
5.805855659327443519e-01,3.984395115869225652e-09,2.696673315074831325e-08
5.816810103967683387e-01,3.595836252572466675e-09,2.647132518542400594e-08
5.827764548607925477e-01,3.244210132259640989e-09,2.599826973570866297e-08
5.838718993248165345e-01,2.926346414805803414e-09,2.554858226941160561e-08
5.849673437888405214e-01,2.638765400736397706e-09,2.511830229155212591e-08
5.860627882528646193e-01,2.379035623418529866e-09,2.471037756541173932e-08
5.871582327168887172e-01,2.144248673506008732e-09,2.432099479439671645e-08
5.882536771809127041e-01,1.932250650963085996e-09,2.395162952187417027e-08
5.893491216449366910e-01,1.740628846678627747e-09,2.359827092301286537e-08
5.904445661089607889e-01,1.567754771232983054e-09,2.326436604752967882e-08
5.915400105729848867e-01,1.411570238000968899e-09,2.294517458355124954e-08
5.926354550370088736e-01,1.270742389392360355e-09,2.264431269994580269e-08
5.937308995010329715e-01,1.143575417319817524e-09,2.235716039202272092e-08
5.948263439650569584e-01,1.028995470561337323e-09,2.208785786821144412e-08
5.959217884290810563e-01,9.255886578419179722e-10,2.183158851941853743e-08
5.970172328931050432e-01,8.323918182803280039e-10,2.159046685329037974e-08
5.981126773571291411e-01,7.483004312258342532e-10,2.136081495318015367e-08
5.992081218211531279e-01,7.373232431730882518e-10,2.318189799126653045e-08
6.003035662851772258e-01,7.375875576387853564e-10,2.556210079480392261e-08
6.013990107492013237e-01,7.378516351465017875e-10,2.820899141440849224e-08
6.024944552132253106e-01,7.381154723002063880e-10,3.115466133609506789e-08
6.035898996772492975e-01,7.383790657591375209e-10,3.443530622598331664e-08
6.046853441412733954e-01,7.386424122370982084e-10,3.809177875902066201e-08
6.057807886052974933e-01,7.389055085017640914e-10,4.217021942700315249e-08
6.068762330693214802e-01,7.391683513739989378e-10,4.672277678771245952e-08
6.079716775333454670e-01,7.394309377271763546e-10,5.180843036588316194e-08
6.090671219973695649e-01,7.396932644865161816e-10,5.749393144159680849e-08
6.101625664613936628e-01,7.399553286284202662e-10,6.385487930768288789e-08
6.112580109254176497e-01,7.402171271798268484e-10,7.097695329797872881e-08
6.123534553894417476e-01,7.404786572175633954e-10,7.895732404199343937e-08
6.134488998534657345e-01,7.407399158677136019e-10,8.790627106387854983e-08
6.145443443174898324e-01,7.410009003049912140e-10,9.794903809540680473e-08
6.156397887815138192e-01,7.412616077521201611e-10,1.092279624133167790e-07
6.167352332455379171e-01,7.415220354792248203e-10,1.219049202572392008e-07
6.178306777095619040e-01,7.417821808032237960e-10,1.361641370667547144e-07
6.189261221735860019e-01,7.420420410872365219e-10,1.522154190577460755e-07
6.200215666376100998e-01,7.423016137399932739e-10,1.702978717190023978e-07
6.211170111016340867e-01,7.425608962152554202e-10,1.906841813725461967e-07
6.222124555656580736e-01,7.428198860112399101e-10,2.136855482564229723e-07
6.233079000296821714e-01,7.430785806700531724e-10,2.396573739594658405e-07
6.244033444937062693e-01,7.433369777771322517e-10,2.690058228152668126e-07
6.254987889577302562e-01,7.435950749606910106e-10,3.021953964613421271e-07
6.265942334217542431e-01,7.438528698911740874e-10,3.397576836778005080e-07
6.276896778857784520e-01,7.441103602807190218e-10,3.823014744086202632e-07
6.287851223498024389e-01,7.443675438826231370e-10,4.305244582246935861e-07
6.298805668138264258e-01,7.446244184908191072e-10,4.852267641852997056e-07
6.309760112778505237e-01,7.448809819393526964e-10,5.473266420598188562e-07
6.320714557418745105e-01,7.451372321018747661e-10,6.178786352664525799e-07
6.331669002058986084e-01,7.453931668911297675e-10,6.980946549943598436e-07
6.342623446699225953e-01,7.456487842584611911e-10,7.893684343156067698e-07
6.353577891339466932e-01,7.459040821933121560e-10,8.933039225129215669e-07
6.364532335979706801e-01,7.461590587227420267e-10,1.011748275457813559e-06
6.375486780619947780e-01,7.464137119109431323e-10,1.146830210233577674e-06
6.386441225260188759e-01,7.466680398587651381e-10,1.301004624278737957e-06
6.397395669900428627e-01,7.469220407032436558e-10,1.477104534676209213e-06
6.408350114540668496e-01,7.471757126171409516e-10,1.678401576000832945e-06
6.419304559180909475e-01,7.474290538084811741e-10,1.908676510323979258e-06
6.430259003821150454e-01,7.476820625201052274e-10,2.172301456367932614e-06
6.441213448461390323e-01,7.479347370292158223e-10,2.474335843444853096e-06
6.452167893101630192e-01,7.481870756469438264e-10,2.820638447881504186e-06
6.463122337741872281e-01,7.484390767179060330e-10,3.217998285136055053e-06
6.474076782382112150e-01,7.486907386197783358e-10,3.674287621717431831e-06
6.485031227022352018e-01,7.489420597628696272e-10,4.198640952018352055e-06
6.495985671662591887e-01,7.491930385897007639e-10,4.801664474649773163e-06
6.506940116302833976e-01,7.494436735745904592e-10,5.495681424486476557e-06
6.517894560943073845e-01,7.496939632232466557e-10,6.295019601842823332e-06
6.528849005583313714e-01,7.499439060723591395e-10,7.216348633146003460e-06
6.539803450223554693e-01,7.501935006892040435e-10,8.279075962865910671e-06
6.550757894863795672e-01,7.504427456712438032e-10,9.505812414678730928e-06
6.561712339504035540e-01,7.506916396457415863e-10,1.092292053366742629e-05
6.572666784144276519e-01,7.509401812693749997e-10,1.256116210588227648e-05
6.583621228784516388e-01,7.511883692278546560e-10,1.445646572547224931e-05
6.594575673424756257e-01,7.514362022355501841e-10,1.665084189478324250e-05
6.605530118064997236e-01,7.516836790351179982e-10,1.919348344000062784e-05
6.616484562705238215e-01,7.519307983971347533e-10,2.214210581886645189e-05
6.627439007345478084e-01,7.521775591197360742e-10,2.556461036847915925e-05
6.638393451985717952e-01,7.524239600282597302e-10,2.954120326832920842e-05
6.649347896625960042e-01,7.526699999748901542e-10,3.416719171601634650e-05
6.660302341266199910e-01,7.529156778383123715e-10,3.955683937660879916e-05
6.671256785906439779e-01,7.531609925233645835e-10,4.584895615243326275e-05
6.682211230546679648e-01,7.534059429607008849e-10,5.321543351213899899e-05
6.693165675186921737e-01,7.536505281064535672e-10,6.187491530275924232e-05
6.704120119827161606e-01,7.538947469419004888e-10,7.211556321457106040e-05
6.715074564467401474e-01,7.541385984731388557e-10,8.433401240868299085e-05
6.726029009107642453e-01,7.543820817307602425e-10,9.910298096576754734e-05
6.736983453747883432e-01,7.546251957695304742e-10,1.172886469741887605e-04
6.747937898388123301e-01,7.548679396680746763e-10,1.402514747300580354e-04
6.758892343028363170e-01,7.551103125285637743e-10,1.701793697911813846e-04
6.769846787668604149e-01,7.553523134764084362e-10,2.106148857249624221e-04
6.780801232308845128e-01,7.555939416599506377e-10,2.672424490267577253e-04
6.791755676949084997e-01,7.558351962501668079e-10,3.490042354923300985e-04
6.802710121589325976e-01,7.560760764403688032e-10,4.696547213221804930e-04
6.813664566229565844e-01,7.563165814459105689e-10,6.500064477920964364e-04
6.824619010869806823e-01,7.565567105038989356e-10,9.214300648412410925e-04
6.835573455510046692e-01,7.567964628729054505e-10,1.331988271793510753e-03
6.846527900150287671e-01,7.570358378326854460e-10,1.960030019966429744e-03
6.857482344790527540e-01,7.572748346838982461e-10,2.957107064086987504e-03
6.868436789430767409e-01,7.575134527478298540e-10,4.721564593639961983e-03
6.879391234071009498e-01,7.577516913661218433e-10,8.612034424443127528e-03
6.890345678711249366e-01,7.579895499005022148e-10,2.038194544691112123e-02
6.901300123351489235e-01,7.582270277325179062e-10,1.999144984593321239e-01
6.912254567991730214e-01,0.000000000000000000e+00,0.000000000000000000e+00
6.923209012631971193e-01,0.000000000000000000e+00,0.000000000000000000e+00
6.934163457272211062e-01,0.000000000000000000e+00,0.000000000000000000e+00
6.945117901912450931e-01,0.000000000000000000e+00,0.000000000000000000e+00
6.956072346552691910e-01,0.000000000000000000e+00,0.000000000000000000e+00
6.967026791192932889e-01,0.000000000000000000e+00,0.000000000000000000e+00
6.977981235833172757e-01,0.000000000000000000e+00,0.000000000000000000e+00
6.988935680473413736e-01,0.000000000000000000e+00,0.000000000000000000e+00
6.999890125113653605e-01,0.000000000000000000e+00,0.000000000000000000e+00
7.010844569753894584e-01,0.000000000000000000e+00,0.000000000000000000e+00
7.021799014394134453e-01,0.000000000000000000e+00,0.000000000000000000e+00
7.032753459034375432e-01,0.000000000000000000e+00,0.000000000000000000e+00
7.043707903674615300e-01,0.000000000000000000e+00,0.000000000000000000e+00
7.054662348314856279e-01,0.000000000000000000e+00,0.000000000000000000e+00
7.065616792955097258e-01,0.000000000000000000e+00,0.000000000000000000e+00
7.076571237595337127e-01,0.000000000000000000e+00,0.000000000000000000e+00
7.087525682235576996e-01,0.000000000000000000e+00,0.000000000000000000e+00
7.098480126875817975e-01,0.000000000000000000e+00,0.000000000000000000e+00
7.109434571516058954e-01,0.000000000000000000e+00,0.000000000000000000e+00
7.120389016156298823e-01,0.000000000000000000e+00,0.000000000000000000e+00
7.131343460796538691e-01,0.000000000000000000e+00,0.000000000000000000e+00
7.142297905436779670e-01,0.000000000000000000e+00,0.000000000000000000e+00
7.153252350077020649e-01,0.000000000000000000e+00,0.000000000000000000e+00
7.164206794717260518e-01,0.000000000000000000e+00,0.000000000000000000e+00
7.175161239357501497e-01,0.000000000000000000e+00,0.000000000000000000e+00
7.186115683997741366e-01,0.000000000000000000e+00,0.000000000000000000e+00
7.197070128637982345e-01,0.000000000000000000e+00,0.000000000000000000e+00
7.208024573278222213e-01,0.000000000000000000e+00,0.000000000000000000e+00
7.218979017918463192e-01,0.000000000000000000e+00,0.000000000000000000e+00
7.229933462558703061e-01,0.000000000000000000e+00,0.000000000000000000e+00
7.240887907198944040e-01,0.000000000000000000e+00,0.000000000000000000e+00
7.251842351839185019e-01,0.000000000000000000e+00,0.000000000000000000e+00
7.262796796479424888e-01,0.000000000000000000e+00,0.000000000000000000e+00
7.273751241119664757e-01,0.000000000000000000e+00,0.000000000000000000e+00
7.284705685759905736e-01,0.000000000000000000e+00,0.000000000000000000e+00
7.295660130400146715e-01,0.000000000000000000e+00,0.000000000000000000e+00
7.306614575040386583e-01,0.000000000000000000e+00,0.000000000000000000e+00
7.317569019680626452e-01,0.000000000000000000e+00,0.000000000000000000e+00
7.328523464320868541e-01,0.000000000000000000e+00,0.000000000000000000e+00
7.339477908961108410e-01,0.000000000000000000e+00,0.000000000000000000e+00
7.350432353601348279e-01,0.000000000000000000e+00,0.000000000000000000e+00
7.361386798241589258e-01,0.000000000000000000e+00,0.000000000000000000e+00
7.372341242881830237e-01,0.000000000000000000e+00,0.000000000000000000e+00
7.383295687522070105e-01,0.000000000000000000e+00,0.000000000000000000e+00
7.394250132162309974e-01,0.000000000000000000e+00,0.000000000000000000e+00
7.405204576802550953e-01,0.000000000000000000e+00,0.000000000000000000e+00
7.416159021442790822e-01,0.000000000000000000e+00,0.000000000000000000e+00
7.427113466083031801e-01,0.000000000000000000e+00,0.000000000000000000e+00
7.438067910723272780e-01,0.000000000000000000e+00,0.000000000000000000e+00
7.449022355363512649e-01,0.000000000000000000e+00,0.000000000000000000e+00
7.459976800003752517e-01,0.000000000000000000e+00,0.000000000000000000e+00
7.470931244643993496e-01,0.000000000000000000e+00,0.000000000000000000e+00
7.481885689284234475e-01,0.000000000000000000e+00,0.000000000000000000e+00
7.492840133924474344e-01,0.000000000000000000e+00,0.000000000000000000e+00
7.503794578564714213e-01,0.000000000000000000e+00,0.000000000000000000e+00
7.514749023204956302e-01,0.000000000000000000e+00,0.000000000000000000e+00
7.525703467845196171e-01,0.000000000000000000e+00,0.000000000000000000e+00
7.536657912485436039e-01,0.000000000000000000e+00,0.000000000000000000e+00
7.547612357125677018e-01,0.000000000000000000e+00,0.000000000000000000e+00
7.558566801765917997e-01,0.000000000000000000e+00,0.000000000000000000e+00
7.569521246406157866e-01,0.000000000000000000e+00,0.000000000000000000e+00
7.580475691046397735e-01,0.000000000000000000e+00,0.000000000000000000e+00
7.591430135686638714e-01,0.000000000000000000e+00,0.000000000000000000e+00
7.602384580326879693e-01,0.000000000000000000e+00,0.000000000000000000e+00
7.613339024967119562e-01,0.000000000000000000e+00,0.000000000000000000e+00
7.624293469607360541e-01,0.000000000000000000e+00,0.000000000000000000e+00
7.635247914247600409e-01,0.000000000000000000e+00,0.000000000000000000e+00
7.646202358887841388e-01,0.000000000000000000e+00,0.000000000000000000e+00
7.657156803528081257e-01,0.000000000000000000e+00,0.000000000000000000e+00
7.668111248168322236e-01,0.000000000000000000e+00,0.000000000000000000e+00
7.679065692808562105e-01,0.000000000000000000e+00,0.000000000000000000e+00
7.690020137448801973e-01,0.000000000000000000e+00,0.000000000000000000e+00
7.700974582089044063e-01,0.000000000000000000e+00,0.000000000000000000e+00
7.711929026729283931e-01,0.000000000000000000e+00,0.000000000000000000e+00
7.722883471369523800e-01,0.000000000000000000e+00,0.000000000000000000e+00
7.733837916009764779e-01,0.000000000000000000e+00,0.000000000000000000e+00
7.744792360650005758e-01,0.000000000000000000e+00,0.000000000000000000e+00
7.755746805290245627e-01,0.000000000000000000e+00,0.000000000000000000e+00
7.766701249930485496e-01,0.000000000000000000e+00,0.000000000000000000e+00
7.777655694570726475e-01,0.000000000000000000e+00,0.000000000000000000e+00
7.788610139210967453e-01,0.000000000000000000e+00,0.000000000000000000e+00
7.799564583851207322e-01,0.000000000000000000e+00,0.000000000000000000e+00
7.810519028491448301e-01,0.000000000000000000e+00,0.000000000000000000e+00
7.821473473131688170e-01,0.000000000000000000e+00,0.000000000000000000e+00
7.832427917771929149e-01,0.000000000000000000e+00,0.000000000000000000e+00
7.843382362412169018e-01,0.000000000000000000e+00,0.000000000000000000e+00
7.854336807052409997e-01,0.000000000000000000e+00,0.000000000000000000e+00
7.865291251692649865e-01,0.000000000000000000e+00,0.000000000000000000e+00
7.876245696332890844e-01,0.000000000000000000e+00,0.000000000000000000e+00
7.887200140973131823e-01,0.000000000000000000e+00,0.000000000000000000e+00
7.898154585613371692e-01,0.000000000000000000e+00,0.000000000000000000e+00
7.909109030253611561e-01,0.000000000000000000e+00,0.000000000000000000e+00
7.920063474893852540e-01,0.000000000000000000e+00,0.000000000000000000e+00
7.931017919534093519e-01,0.000000000000000000e+00,0.000000000000000000e+00
7.941972364174333388e-01,0.000000000000000000e+00,0.000000000000000000e+00
7.952926808814573256e-01,0.000000000000000000e+00,0.000000000000000000e+00
7.963881253454814235e-01,0.000000000000000000e+00,0.000000000000000000e+00
7.974835698095055214e-01,0.000000000000000000e+00,0.000000000000000000e+00
7.985790142735295083e-01,0.000000000000000000e+00,0.000000000000000000e+00
7.996744587375536062e-01,0.000000000000000000e+00,0.000000000000000000e+00
8.007699032015775931e-01,0.000000000000000000e+00,0.000000000000000000e+00
8.018653476656016910e-01,0.000000000000000000e+00,0.000000000000000000e+00
8.029607921296256778e-01,0.000000000000000000e+00,0.000000000000000000e+00
8.040562365936497757e-01,0.000000000000000000e+00,0.000000000000000000e+00
8.051516810576737626e-01,0.000000000000000000e+00,0.000000000000000000e+00
8.062471255216978605e-01,0.000000000000000000e+00,0.000000000000000000e+00
8.073425699857219584e-01,0.000000000000000000e+00,0.000000000000000000e+00
8.084380144497459453e-01,0.000000000000000000e+00,0.000000000000000000e+00
8.095334589137699322e-01,0.000000000000000000e+00,0.000000000000000000e+00
8.106289033777940300e-01,0.000000000000000000e+00,0.000000000000000000e+00
8.117243478418181279e-01,0.000000000000000000e+00,0.000000000000000000e+00
8.128197923058421148e-01,0.000000000000000000e+00,0.000000000000000000e+00
8.139152367698661017e-01,0.000000000000000000e+00,0.000000000000000000e+00
8.150106812338903106e-01,0.000000000000000000e+00,0.000000000000000000e+00
8.161061256979142975e-01,0.000000000000000000e+00,0.000000000000000000e+00
8.172015701619382844e-01,0.000000000000000000e+00,0.000000000000000000e+00
8.182970146259623823e-01,0.000000000000000000e+00,0.000000000000000000e+00
8.193924590899864802e-01,0.000000000000000000e+00,0.000000000000000000e+00
8.204879035540104670e-01,0.000000000000000000e+00,0.000000000000000000e+00
8.215833480180344539e-01,0.000000000000000000e+00,0.000000000000000000e+00
8.226787924820585518e-01,0.000000000000000000e+00,0.000000000000000000e+00
8.237742369460825387e-01,0.000000000000000000e+00,0.000000000000000000e+00
8.248696814101066366e-01,0.000000000000000000e+00,0.000000000000000000e+00
8.259651258741307345e-01,0.000000000000000000e+00,0.000000000000000000e+00
8.270605703381547213e-01,0.000000000000000000e+00,0.000000000000000000e+00
8.281560148021787082e-01,0.000000000000000000e+00,0.000000000000000000e+00
8.292514592662028061e-01,0.000000000000000000e+00,0.000000000000000000e+00
8.303469037302269040e-01,0.000000000000000000e+00,0.000000000000000000e+00
8.314423481942508909e-01,0.000000000000000000e+00,0.000000000000000000e+00
8.325377926582748778e-01,0.000000000000000000e+00,0.000000000000000000e+00
8.336332371222990867e-01,0.000000000000000000e+00,0.000000000000000000e+00
8.347286815863230736e-01,0.000000000000000000e+00,0.000000000000000000e+00
8.358241260503470604e-01,0.000000000000000000e+00,0.000000000000000000e+00
8.369195705143711583e-01,0.000000000000000000e+00,0.000000000000000000e+00
8.380150149783952562e-01,0.000000000000000000e+00,0.000000000000000000e+00
8.391104594424192431e-01,0.000000000000000000e+00,0.000000000000000000e+00
8.402059039064432300e-01,0.000000000000000000e+00,0.000000000000000000e+00
8.413013483704673279e-01,0.000000000000000000e+00,0.000000000000000000e+00
8.423967928344914258e-01,0.000000000000000000e+00,0.000000000000000000e+00
8.434922372985154126e-01,0.000000000000000000e+00,0.000000000000000000e+00
8.445876817625395105e-01,0.000000000000000000e+00,0.000000000000000000e+00
8.456831262265634974e-01,0.000000000000000000e+00,0.000000000000000000e+00
8.467785706905875953e-01,0.000000000000000000e+00,0.000000000000000000e+00
8.478740151546115822e-01,0.000000000000000000e+00,0.000000000000000000e+00
8.489694596186356801e-01,0.000000000000000000e+00,0.000000000000000000e+00
8.500649040826596670e-01,0.000000000000000000e+00,0.000000000000000000e+00
8.511603485466836538e-01,0.000000000000000000e+00,0.000000000000000000e+00
8.522557930107078628e-01,0.000000000000000000e+00,0.000000000000000000e+00
8.533512374747318496e-01,0.000000000000000000e+00,0.000000000000000000e+00
8.544466819387558365e-01,0.000000000000000000e+00,0.000000000000000000e+00
8.555421264027798234e-01,0.000000000000000000e+00,0.000000000000000000e+00
8.566375708668040323e-01,0.000000000000000000e+00,0.000000000000000000e+00
8.577330153308280192e-01,0.000000000000000000e+00,0.000000000000000000e+00
8.588284597948520060e-01,0.000000000000000000e+00,0.000000000000000000e+00
8.599239042588761039e-01,0.000000000000000000e+00,0.000000000000000000e+00
8.610193487229002018e-01,0.000000000000000000e+00,0.000000000000000000e+00
8.621147931869241887e-01,0.000000000000000000e+00,0.000000000000000000e+00
8.632102376509482866e-01,0.000000000000000000e+00,0.000000000000000000e+00
8.643056821149722735e-01,0.000000000000000000e+00,0.000000000000000000e+00
8.654011265789963714e-01,0.000000000000000000e+00,0.000000000000000000e+00
8.664965710430203583e-01,0.000000000000000000e+00,0.000000000000000000e+00
8.675920155070444562e-01,0.000000000000000000e+00,0.000000000000000000e+00
8.686874599710684430e-01,0.000000000000000000e+00,0.000000000000000000e+00
8.697829044350925409e-01,0.000000000000000000e+00,0.000000000000000000e+00
8.708783488991166388e-01,0.000000000000000000e+00,0.000000000000000000e+00
8.719737933631406257e-01,0.000000000000000000e+00,0.000000000000000000e+00
8.730692378271646126e-01,0.000000000000000000e+00,0.000000000000000000e+00
8.741646822911887105e-01,0.000000000000000000e+00,0.000000000000000000e+00
8.752601267552128084e-01,0.000000000000000000e+00,0.000000000000000000e+00
8.763555712192367952e-01,0.000000000000000000e+00,0.000000000000000000e+00
8.774510156832607821e-01,0.000000000000000000e+00,0.000000000000000000e+00
8.785464601472848800e-01,0.000000000000000000e+00,0.000000000000000000e+00
8.796419046113088669e-01,0.000000000000000000e+00,0.000000000000000000e+00
8.807373490753328538e-01,0.000000000000000000e+00,0.000000000000000000e+00
8.818327935393570627e-01,0.000000000000000000e+00,0.000000000000000000e+00
8.829282380033811606e-01,0.000000000000000000e+00,0.000000000000000000e+00
8.840236824674051475e-01,0.000000000000000000e+00,0.000000000000000000e+00
8.851191269314291343e-01,0.000000000000000000e+00,0.000000000000000000e+00
8.862145713954532322e-01,0.000000000000000000e+00,0.000000000000000000e+00
8.873100158594772191e-01,0.000000000000000000e+00,0.000000000000000000e+00
8.884054603235012060e-01,0.000000000000000000e+00,0.000000000000000000e+00
8.895009047875253039e-01,0.000000000000000000e+00,0.000000000000000000e+00
8.905963492515495128e-01,0.000000000000000000e+00,0.000000000000000000e+00
8.916917937155734997e-01,0.000000000000000000e+00,0.000000000000000000e+00
8.927872381795974865e-01,0.000000000000000000e+00,0.000000000000000000e+00
8.938826826436215844e-01,0.000000000000000000e+00,0.000000000000000000e+00
8.949781271076455713e-01,0.000000000000000000e+00,0.000000000000000000e+00
8.960735715716695582e-01,0.000000000000000000e+00,0.000000000000000000e+00
8.971690160356936561e-01,0.000000000000000000e+00,0.000000000000000000e+00
8.982644604997176430e-01,0.000000000000000000e+00,0.000000000000000000e+00
8.993599049637418519e-01,0.000000000000000000e+00,0.000000000000000000e+00
9.004553494277658388e-01,0.000000000000000000e+00,0.000000000000000000e+00
9.015507938917899367e-01,0.000000000000000000e+00,0.000000000000000000e+00
9.026462383558139235e-01,0.000000000000000000e+00,0.000000000000000000e+00
9.037416828198379104e-01,0.000000000000000000e+00,0.000000000000000000e+00
9.048371272838620083e-01,0.000000000000000000e+00,0.000000000000000000e+00
9.059325717478859952e-01,0.000000000000000000e+00,0.000000000000000000e+00
9.070280162119099820e-01,0.000000000000000000e+00,0.000000000000000000e+00
9.081234606759340799e-01,0.000000000000000000e+00,0.000000000000000000e+00
9.092189051399582889e-01,0.000000000000000000e+00,0.000000000000000000e+00
9.103143496039822757e-01,0.000000000000000000e+00,0.000000000000000000e+00
9.114097940680062626e-01,0.000000000000000000e+00,0.000000000000000000e+00
9.125052385320303605e-01,0.000000000000000000e+00,0.000000000000000000e+00
9.136006829960543474e-01,0.000000000000000000e+00,0.000000000000000000e+00
9.146961274600783343e-01,0.000000000000000000e+00,0.000000000000000000e+00
9.157915719241024322e-01,0.000000000000000000e+00,0.000000000000000000e+00
9.168870163881264190e-01,0.000000000000000000e+00,0.000000000000000000e+00
9.179824608521506280e-01,0.000000000000000000e+00,0.000000000000000000e+00
9.190779053161746148e-01,0.000000000000000000e+00,0.000000000000000000e+00
9.201733497801987127e-01,0.000000000000000000e+00,0.000000000000000000e+00
9.212687942442226996e-01,0.000000000000000000e+00,0.000000000000000000e+00
9.223642387082466865e-01,0.000000000000000000e+00,0.000000000000000000e+00
9.234596831722707844e-01,0.000000000000000000e+00,0.000000000000000000e+00
9.245551276362947712e-01,0.000000000000000000e+00,0.000000000000000000e+00
9.256505721003187581e-01,0.000000000000000000e+00,0.000000000000000000e+00
9.267460165643429670e-01,0.000000000000000000e+00,0.000000000000000000e+00
9.278414610283670649e-01,0.000000000000000000e+00,0.000000000000000000e+00
9.289369054923910518e-01,0.000000000000000000e+00,0.000000000000000000e+00
9.300323499564150387e-01,0.000000000000000000e+00,0.000000000000000000e+00
9.311277944204391366e-01,0.000000000000000000e+00,0.000000000000000000e+00
9.322232388844631235e-01,0.000000000000000000e+00,0.000000000000000000e+00
9.333186833484871103e-01,0.000000000000000000e+00,0.000000000000000000e+00
9.344141278125112082e-01,0.000000000000000000e+00,0.000000000000000000e+00
9.355095722765351951e-01,0.000000000000000000e+00,0.000000000000000000e+00
9.366050167405594040e-01,0.000000000000000000e+00,0.000000000000000000e+00
9.377004612045833909e-01,0.000000000000000000e+00,0.000000000000000000e+00
9.387959056686074888e-01,0.000000000000000000e+00,0.000000000000000000e+00
9.398913501326314757e-01,0.000000000000000000e+00,0.000000000000000000e+00
9.409867945966554625e-01,0.000000000000000000e+00,0.000000000000000000e+00
9.420822390606795604e-01,0.000000000000000000e+00,0.000000000000000000e+00
9.431776835247035473e-01,0.000000000000000000e+00,0.000000000000000000e+00
9.442731279887275342e-01,0.000000000000000000e+00,0.000000000000000000e+00
9.453685724527517431e-01,0.000000000000000000e+00,0.000000000000000000e+00
9.464640169167758410e-01,0.000000000000000000e+00,0.000000000000000000e+00
9.475594613807998279e-01,0.000000000000000000e+00,0.000000000000000000e+00
9.486549058448238148e-01,0.000000000000000000e+00,0.000000000000000000e+00
9.497503503088479127e-01,0.000000000000000000e+00,0.000000000000000000e+00
9.508457947728718995e-01,0.000000000000000000e+00,0.000000000000000000e+00
9.519412392368958864e-01,0.000000000000000000e+00,0.000000000000000000e+00
9.530366837009199843e-01,0.000000000000000000e+00,0.000000000000000000e+00
9.541321281649441932e-01,0.000000000000000000e+00,0.000000000000000000e+00
9.552275726289681801e-01,0.000000000000000000e+00,0.000000000000000000e+00
9.563230170929921670e-01,0.000000000000000000e+00,0.000000000000000000e+00
9.574184615570162649e-01,0.000000000000000000e+00,0.000000000000000000e+00
9.585139060210402517e-01,0.000000000000000000e+00,0.000000000000000000e+00
9.596093504850642386e-01,0.000000000000000000e+00,0.000000000000000000e+00
9.607047949490883365e-01,0.000000000000000000e+00,0.000000000000000000e+00
9.618002394131123234e-01,0.000000000000000000e+00,0.000000000000000000e+00
9.628956838771363103e-01,0.000000000000000000e+00,0.000000000000000000e+00
9.639911283411605192e-01,0.000000000000000000e+00,0.000000000000000000e+00
9.650865728051846171e-01,0.000000000000000000e+00,0.000000000000000000e+00
9.661820172692086039e-01,0.000000000000000000e+00,0.000000000000000000e+00
9.672774617332325908e-01,0.000000000000000000e+00,0.000000000000000000e+00
9.683729061972566887e-01,0.000000000000000000e+00,0.000000000000000000e+00
9.694683506612806756e-01,0.000000000000000000e+00,0.000000000000000000e+00
9.705637951253046625e-01,0.000000000000000000e+00,0.000000000000000000e+00
9.716592395893287604e-01,0.000000000000000000e+00,0.000000000000000000e+00
9.727546840533529693e-01,0.000000000000000000e+00,0.000000000000000000e+00
9.738501285173769562e-01,0.000000000000000000e+00,0.000000000000000000e+00
9.749455729814009430e-01,0.000000000000000000e+00,0.000000000000000000e+00
9.760410174454250409e-01,0.000000000000000000e+00,0.000000000000000000e+00
9.771364619094490278e-01,0.000000000000000000e+00,0.000000000000000000e+00
9.782319063734730147e-01,0.000000000000000000e+00,0.000000000000000000e+00
9.793273508374971126e-01,0.000000000000000000e+00,0.000000000000000000e+00
9.804227953015210995e-01,0.000000000000000000e+00,0.000000000000000000e+00
9.815182397655453084e-01,0.000000000000000000e+00,0.000000000000000000e+00
9.826136842295692952e-01,0.000000000000000000e+00,0.000000000000000000e+00
9.837091286935933931e-01,0.000000000000000000e+00,0.000000000000000000e+00
9.848045731576173800e-01,0.000000000000000000e+00,0.000000000000000000e+00
9.859000176216413669e-01,0.000000000000000000e+00,0.000000000000000000e+00
9.869954620856654648e-01,0.000000000000000000e+00,0.000000000000000000e+00
9.880909065496894517e-01,0.000000000000000000e+00,0.000000000000000000e+00
9.891863510137134385e-01,0.000000000000000000e+00,0.000000000000000000e+00
9.902817954777375364e-01,0.000000000000000000e+00,0.000000000000000000e+00
9.913772399417617454e-01,0.000000000000000000e+00,0.000000000000000000e+00
9.924726844057857322e-01,0.000000000000000000e+00,0.000000000000000000e+00
9.935681288698097191e-01,0.000000000000000000e+00,0.000000000000000000e+00
9.946635733338338170e-01,0.000000000000000000e+00,0.000000000000000000e+00
9.957590177978578039e-01,0.000000000000000000e+00,0.000000000000000000e+00
9.968544622618817908e-01,0.000000000000000000e+00,0.000000000000000000e+00
9.979499067259058886e-01,0.000000000000000000e+00,0.000000000000000000e+00
9.990453511899298755e-01,0.000000000000000000e+00,0.000000000000000000e+00
1.000140795653954084e+00,0.000000000000000000e+00,0.000000000000000000e+00
1.001236240117978182e+00,0.000000000000000000e+00,0.000000000000000000e+00
1.002331684582002058e+00,0.000000000000000000e+00,0.000000000000000000e+00
1.003427129046026156e+00,0.000000000000000000e+00,0.000000000000000000e+00
1.004522573510050254e+00,0.000000000000000000e+00,0.000000000000000000e+00
1.005618017974074130e+00,0.000000000000000000e+00,0.000000000000000000e+00
1.006713462438098228e+00,0.000000000000000000e+00,0.000000000000000000e+00
1.007808906902122326e+00,0.000000000000000000e+00,0.000000000000000000e+00
1.008904351366146424e+00,0.000000000000000000e+00,0.000000000000000000e+00
1.009999795830170521e+00,0.000000000000000000e+00,0.000000000000000000e+00
1.011095240294194397e+00,0.000000000000000000e+00,0.000000000000000000e+00
1.012190684758218495e+00,0.000000000000000000e+00,0.000000000000000000e+00
1.013286129222242593e+00,0.000000000000000000e+00,0.000000000000000000e+00
1.014381573686266469e+00,0.000000000000000000e+00,0.000000000000000000e+00
1.015477018150290567e+00,0.000000000000000000e+00,0.000000000000000000e+00
1.016572462614314665e+00,0.000000000000000000e+00,0.000000000000000000e+00
1.017667907078338541e+00,0.000000000000000000e+00,0.000000000000000000e+00
1.018763351542362861e+00,0.000000000000000000e+00,0.000000000000000000e+00
1.019858796006386958e+00,0.000000000000000000e+00,0.000000000000000000e+00
1.020954240470410834e+00,0.000000000000000000e+00,0.000000000000000000e+00
1.022049684934434932e+00,0.000000000000000000e+00,0.000000000000000000e+00
1.023145129398459030e+00,0.000000000000000000e+00,0.000000000000000000e+00
1.024240573862482906e+00,0.000000000000000000e+00,0.000000000000000000e+00
1.025336018326507004e+00,0.000000000000000000e+00,0.000000000000000000e+00
1.026431462790531102e+00,0.000000000000000000e+00,0.000000000000000000e+00
1.027526907254555200e+00,0.000000000000000000e+00,0.000000000000000000e+00
1.028622351718579297e+00,0.000000000000000000e+00,0.000000000000000000e+00
1.029717796182603173e+00,0.000000000000000000e+00,0.000000000000000000e+00
1.030813240646627271e+00,0.000000000000000000e+00,0.000000000000000000e+00
1.031908685110651369e+00,0.000000000000000000e+00,0.000000000000000000e+00
1.033004129574675245e+00,0.000000000000000000e+00,0.000000000000000000e+00
1.034099574038699343e+00,0.000000000000000000e+00,0.000000000000000000e+00
1.035195018502723441e+00,0.000000000000000000e+00,0.000000000000000000e+00
1.036290462966747539e+00,0.000000000000000000e+00,0.000000000000000000e+00
1.037385907430771637e+00,0.000000000000000000e+00,0.000000000000000000e+00
1.038481351894795734e+00,0.000000000000000000e+00,0.000000000000000000e+00
1.039576796358819610e+00,0.000000000000000000e+00,0.000000000000000000e+00
1.040672240822843708e+00,0.000000000000000000e+00,0.000000000000000000e+00
1.041767685286867806e+00,0.000000000000000000e+00,0.000000000000000000e+00
1.042863129750891682e+00,0.000000000000000000e+00,0.000000000000000000e+00
1.043958574214915780e+00,0.000000000000000000e+00,0.000000000000000000e+00
1.045054018678939878e+00,0.000000000000000000e+00,0.000000000000000000e+00
1.046149463142963976e+00,0.000000000000000000e+00,0.000000000000000000e+00
1.047244907606988074e+00,0.000000000000000000e+00,0.000000000000000000e+00
1.048340352071011949e+00,0.000000000000000000e+00,0.000000000000000000e+00
1.049435796535036047e+00,0.000000000000000000e+00,0.000000000000000000e+00
1.050531240999060145e+00,0.000000000000000000e+00,0.000000000000000000e+00
1.051626685463084021e+00,0.000000000000000000e+00,0.000000000000000000e+00
1.052722129927108119e+00,0.000000000000000000e+00,0.000000000000000000e+00
1.053817574391132217e+00,0.000000000000000000e+00,0.000000000000000000e+00
1.054913018855156315e+00,0.000000000000000000e+00,0.000000000000000000e+00
1.056008463319180413e+00,0.000000000000000000e+00,0.000000000000000000e+00
1.057103907783204511e+00,0.000000000000000000e+00,0.000000000000000000e+00
1.058199352247228386e+00,0.000000000000000000e+00,0.000000000000000000e+00
1.059294796711252484e+00,0.000000000000000000e+00,0.000000000000000000e+00
1.060390241175276582e+00,0.000000000000000000e+00,0.000000000000000000e+00
1.061485685639300458e+00,0.000000000000000000e+00,0.000000000000000000e+00
1.062581130103324556e+00,0.000000000000000000e+00,0.000000000000000000e+00
1.063676574567348654e+00,0.000000000000000000e+00,0.000000000000000000e+00
1.064772019031372752e+00,0.000000000000000000e+00,0.000000000000000000e+00
1.065867463495396850e+00,0.000000000000000000e+00,0.000000000000000000e+00
1.066962907959420725e+00,0.000000000000000000e+00,0.000000000000000000e+00
1.068058352423444823e+00,0.000000000000000000e+00,0.000000000000000000e+00
1.069153796887468921e+00,0.000000000000000000e+00,0.000000000000000000e+00
1.070249241351492797e+00,0.000000000000000000e+00,0.000000000000000000e+00
1.071344685815516895e+00,0.000000000000000000e+00,0.000000000000000000e+00
1.072440130279540993e+00,0.000000000000000000e+00,0.000000000000000000e+00
1.073535574743565091e+00,0.000000000000000000e+00,0.000000000000000000e+00
1.074631019207589189e+00,0.000000000000000000e+00,0.000000000000000000e+00
1.075726463671613287e+00,0.000000000000000000e+00,0.000000000000000000e+00
1.076821908135637162e+00,0.000000000000000000e+00,0.000000000000000000e+00
1.077917352599661260e+00,0.000000000000000000e+00,0.000000000000000000e+00
1.079012797063685358e+00,0.000000000000000000e+00,0.000000000000000000e+00
1.080108241527709234e+00,0.000000000000000000e+00,0.000000000000000000e+00
1.081203685991733332e+00,0.000000000000000000e+00,0.000000000000000000e+00
1.082299130455757430e+00,0.000000000000000000e+00,0.000000000000000000e+00
1.083394574919781528e+00,0.000000000000000000e+00,0.000000000000000000e+00
1.084490019383805626e+00,0.000000000000000000e+00,0.000000000000000000e+00
1.085585463847829502e+00,0.000000000000000000e+00,0.000000000000000000e+00
1.086680908311853599e+00,0.000000000000000000e+00,0.000000000000000000e+00
1.087776352775877697e+00,0.000000000000000000e+00,0.000000000000000000e+00
1.088871797239901573e+00,0.000000000000000000e+00,0.000000000000000000e+00
1.089967241703925671e+00,0.000000000000000000e+00,0.000000000000000000e+00
1.091062686167949991e+00,0.000000000000000000e+00,0.000000000000000000e+00
1.092158130631973867e+00,0.000000000000000000e+00,0.000000000000000000e+00
1.093253575095997965e+00,0.000000000000000000e+00,0.000000000000000000e+00
1.094349019560022063e+00,0.000000000000000000e+00,0.000000000000000000e+00
1.095444464024045939e+00,0.000000000000000000e+00,0.000000000000000000e+00
1.096539908488070036e+00,0.000000000000000000e+00,0.000000000000000000e+00
1.097635352952094134e+00,0.000000000000000000e+00,0.000000000000000000e+00
1.098730797416118010e+00,0.000000000000000000e+00,0.000000000000000000e+00
1.099826241880142108e+00,0.000000000000000000e+00,0.000000000000000000e+00
1.100921686344166206e+00,0.000000000000000000e+00,0.000000000000000000e+00
1.102017130808190304e+00,0.000000000000000000e+00,0.000000000000000000e+00
1.103112575272214402e+00,0.000000000000000000e+00,0.000000000000000000e+00
1.104208019736238278e+00,0.000000000000000000e+00,0.000000000000000000e+00
1.105303464200262376e+00,0.000000000000000000e+00,0.000000000000000000e+00
1.106398908664286473e+00,0.000000000000000000e+00,0.000000000000000000e+00
1.107494353128310349e+00,0.000000000000000000e+00,0.000000000000000000e+00
1.108589797592334447e+00,0.000000000000000000e+00,0.000000000000000000e+00
1.109685242056358767e+00,0.000000000000000000e+00,0.000000000000000000e+00
1.110780686520382643e+00,0.000000000000000000e+00,0.000000000000000000e+00
1.111876130984406741e+00,0.000000000000000000e+00,0.000000000000000000e+00
1.112971575448430839e+00,0.000000000000000000e+00,0.000000000000000000e+00
1.114067019912454715e+00,0.000000000000000000e+00,0.000000000000000000e+00
1.115162464376478813e+00,0.000000000000000000e+00,0.000000000000000000e+00
1.116257908840502910e+00,0.000000000000000000e+00,0.000000000000000000e+00
1.117353353304526786e+00,0.000000000000000000e+00,0.000000000000000000e+00
1.118448797768551106e+00,0.000000000000000000e+00,0.000000000000000000e+00
1.119544242232574982e+00,0.000000000000000000e+00,0.000000000000000000e+00
1.120639686696599080e+00,0.000000000000000000e+00,0.000000000000000000e+00
1.121735131160623178e+00,0.000000000000000000e+00,0.000000000000000000e+00
1.122830575624647054e+00,0.000000000000000000e+00,0.000000000000000000e+00
1.123926020088671152e+00,0.000000000000000000e+00,0.000000000000000000e+00
1.125021464552695249e+00,0.000000000000000000e+00,0.000000000000000000e+00
1.126116909016719125e+00,0.000000000000000000e+00,0.000000000000000000e+00
1.127212353480743223e+00,0.000000000000000000e+00,0.000000000000000000e+00
1.128307797944767543e+00,0.000000000000000000e+00,0.000000000000000000e+00
1.129403242408791419e+00,0.000000000000000000e+00,0.000000000000000000e+00
1.130498686872815517e+00,0.000000000000000000e+00,0.000000000000000000e+00
1.131594131336839615e+00,0.000000000000000000e+00,0.000000000000000000e+00
1.132689575800863491e+00,0.000000000000000000e+00,0.000000000000000000e+00
1.133785020264887589e+00,0.000000000000000000e+00,0.000000000000000000e+00
1.134880464728911686e+00,0.000000000000000000e+00,0.000000000000000000e+00
1.135975909192935562e+00,0.000000000000000000e+00,0.000000000000000000e+00
1.137071353656959882e+00,0.000000000000000000e+00,0.000000000000000000e+00
1.138166798120983758e+00,0.000000000000000000e+00,0.000000000000000000e+00
1.139262242585007856e+00,0.000000000000000000e+00,0.000000000000000000e+00
1.140357687049031954e+00,0.000000000000000000e+00,0.000000000000000000e+00
1.141453131513055830e+00,0.000000000000000000e+00,0.000000000000000000e+00
1.142548575977079928e+00,0.000000000000000000e+00,0.000000000000000000e+00
1.143644020441104026e+00,0.000000000000000000e+00,0.000000000000000000e+00
1.144739464905127901e+00,0.000000000000000000e+00,0.000000000000000000e+00
1.145834909369152221e+00,0.000000000000000000e+00,0.000000000000000000e+00
1.146930353833176319e+00,0.000000000000000000e+00,0.000000000000000000e+00
1.148025798297200195e+00,0.000000000000000000e+00,0.000000000000000000e+00
1.149121242761224293e+00,0.000000000000000000e+00,0.000000000000000000e+00
1.150216687225248391e+00,0.000000000000000000e+00,0.000000000000000000e+00
1.151312131689272267e+00,0.000000000000000000e+00,0.000000000000000000e+00
1.152407576153296365e+00,0.000000000000000000e+00,0.000000000000000000e+00
1.153503020617320463e+00,0.000000000000000000e+00,0.000000000000000000e+00
1.154598465081344338e+00,0.000000000000000000e+00,0.000000000000000000e+00
1.155693909545368658e+00,0.000000000000000000e+00,0.000000000000000000e+00
1.156789354009392534e+00,0.000000000000000000e+00,0.000000000000000000e+00
1.157884798473416632e+00,0.000000000000000000e+00,0.000000000000000000e+00
1.158980242937440730e+00,0.000000000000000000e+00,0.000000000000000000e+00
1.160075687401464606e+00,0.000000000000000000e+00,0.000000000000000000e+00
1.161171131865488704e+00,0.000000000000000000e+00,0.000000000000000000e+00
1.162266576329512802e+00,0.000000000000000000e+00,0.000000000000000000e+00
1.163362020793536677e+00,0.000000000000000000e+00,0.000000000000000000e+00
1.164457465257560997e+00,0.000000000000000000e+00,0.000000000000000000e+00
1.165552909721585095e+00,0.000000000000000000e+00,0.000000000000000000e+00
1.166648354185608971e+00,0.000000000000000000e+00,0.000000000000000000e+00
1.167743798649633069e+00,0.000000000000000000e+00,0.000000000000000000e+00
1.168839243113657167e+00,0.000000000000000000e+00,0.000000000000000000e+00
1.169934687577681043e+00,0.000000000000000000e+00,0.000000000000000000e+00
1.171030132041705141e+00,0.000000000000000000e+00,0.000000000000000000e+00
1.172125576505729239e+00,0.000000000000000000e+00,0.000000000000000000e+00
1.173221020969753337e+00,0.000000000000000000e+00,0.000000000000000000e+00
1.174316465433777434e+00,0.000000000000000000e+00,0.000000000000000000e+00
1.175411909897801310e+00,0.000000000000000000e+00,0.000000000000000000e+00
1.176507354361825408e+00,0.000000000000000000e+00,0.000000000000000000e+00
1.177602798825849506e+00,0.000000000000000000e+00,0.000000000000000000e+00
1.178698243289873382e+00,0.000000000000000000e+00,0.000000000000000000e+00
1.179793687753897480e+00,0.000000000000000000e+00,0.000000000000000000e+00
1.180889132217921578e+00,0.000000000000000000e+00,0.000000000000000000e+00
1.181984576681945454e+00,0.000000000000000000e+00,0.000000000000000000e+00
1.183080021145969773e+00,0.000000000000000000e+00,0.000000000000000000e+00
1.184175465609993871e+00,0.000000000000000000e+00,0.000000000000000000e+00
1.185270910074017747e+00,0.000000000000000000e+00,0.000000000000000000e+00
1.186366354538041845e+00,0.000000000000000000e+00,0.000000000000000000e+00
1.187461799002065943e+00,0.000000000000000000e+00,0.000000000000000000e+00
1.188557243466089819e+00,0.000000000000000000e+00,0.000000000000000000e+00
1.189652687930113917e+00,0.000000000000000000e+00,0.000000000000000000e+00
1.190748132394138015e+00,0.000000000000000000e+00,0.000000000000000000e+00
1.191843576858162113e+00,0.000000000000000000e+00,0.000000000000000000e+00
1.192939021322186210e+00,0.000000000000000000e+00,0.000000000000000000e+00
1.194034465786210086e+00,0.000000000000000000e+00,0.000000000000000000e+00
1.195129910250234184e+00,0.000000000000000000e+00,0.000000000000000000e+00
1.196225354714258282e+00,0.000000000000000000e+00,0.000000000000000000e+00
1.197320799178282158e+00,0.000000000000000000e+00,0.000000000000000000e+00
1.198416243642306256e+00,0.000000000000000000e+00,0.000000000000000000e+00
1.199511688106330354e+00,0.000000000000000000e+00,0.000000000000000000e+00
1.200607132570354452e+00,0.000000000000000000e+00,0.000000000000000000e+00
1.201702577034378550e+00,0.000000000000000000e+00,0.000000000000000000e+00
1.202798021498402647e+00,0.000000000000000000e+00,0.000000000000000000e+00
1.203893465962426523e+00,0.000000000000000000e+00,0.000000000000000000e+00
1.204988910426450621e+00,0.000000000000000000e+00,0.000000000000000000e+00
1.206084354890474719e+00,0.000000000000000000e+00,0.000000000000000000e+00
1.207179799354498595e+00,0.000000000000000000e+00,0.000000000000000000e+00
1.208275243818522693e+00,0.000000000000000000e+00,0.000000000000000000e+00
1.209370688282546791e+00,0.000000000000000000e+00,0.000000000000000000e+00
1.210466132746570889e+00,0.000000000000000000e+00,0.000000000000000000e+00
1.211561577210594987e+00,0.000000000000000000e+00,0.000000000000000000e+00
1.212657021674618862e+00,0.000000000000000000e+00,0.000000000000000000e+00
1.213752466138642960e+00,0.000000000000000000e+00,0.000000000000000000e+00
1.214847910602667058e+00,0.000000000000000000e+00,0.000000000000000000e+00
1.215943355066690934e+00,0.000000000000000000e+00,0.000000000000000000e+00
1.217038799530715032e+00,0.000000000000000000e+00,0.000000000000000000e+00
1.218134243994739130e+00,0.000000000000000000e+00,0.000000000000000000e+00
1.219229688458763228e+00,0.000000000000000000e+00,0.000000000000000000e+00
1.220325132922787326e+00,0.000000000000000000e+00,0.000000000000000000e+00
1.221420577386811424e+00,0.000000000000000000e+00,0.000000000000000000e+00
1.222516021850835299e+00,0.000000000000000000e+00,0.000000000000000000e+00
1.223611466314859397e+00,0.000000000000000000e+00,0.000000000000000000e+00
1.224706910778883495e+00,0.000000000000000000e+00,0.000000000000000000e+00
1.225802355242907371e+00,0.000000000000000000e+00,0.000000000000000000e+00
1.226897799706931469e+00,0.000000000000000000e+00,0.000000000000000000e+00
1.227993244170955567e+00,0.000000000000000000e+00,0.000000000000000000e+00
1.229088688634979665e+00,0.000000000000000000e+00,0.000000000000000000e+00
1.230184133099003763e+00,0.000000000000000000e+00,0.000000000000000000e+00
1.231279577563027638e+00,0.000000000000000000e+00,0.000000000000000000e+00
1.232375022027051736e+00,0.000000000000000000e+00,0.000000000000000000e+00
1.233470466491075834e+00,0.000000000000000000e+00,0.000000000000000000e+00
1.234565910955099710e+00,0.000000000000000000e+00,0.000000000000000000e+00
1.235661355419123808e+00,0.000000000000000000e+00,0.000000000000000000e+00
1.236756799883147906e+00,0.000000000000000000e+00,0.000000000000000000e+00
1.237852244347172004e+00,0.000000000000000000e+00,0.000000000000000000e+00
1.238947688811196102e+00,0.000000000000000000e+00,0.000000000000000000e+00
1.240043133275220200e+00,0.000000000000000000e+00,0.000000000000000000e+00
1.241138577739244075e+00,0.000000000000000000e+00,0.000000000000000000e+00
1.242234022203268173e+00,0.000000000000000000e+00,0.000000000000000000e+00
1.243329466667292271e+00,0.000000000000000000e+00,0.000000000000000000e+00
1.244424911131316147e+00,0.000000000000000000e+00,0.000000000000000000e+00
1.245520355595340245e+00,0.000000000000000000e+00,0.000000000000000000e+00
1.246615800059364343e+00,0.000000000000000000e+00,0.000000000000000000e+00
1.247711244523388441e+00,0.000000000000000000e+00,0.000000000000000000e+00
1.248806688987412539e+00,0.000000000000000000e+00,0.000000000000000000e+00
1.249902133451436415e+00,0.000000000000000000e+00,0.000000000000000000e+00
1.250997577915460512e+00,0.000000000000000000e+00,0.000000000000000000e+00
1.252093022379484610e+00,0.000000000000000000e+00,0.000000000000000000e+00
1.253188466843508486e+00,0.000000000000000000e+00,0.000000000000000000e+00
1.254283911307532584e+00,0.000000000000000000e+00,0.000000000000000000e+00
1.255379355771556904e+00,0.000000000000000000e+00,0.000000000000000000e+00
1.256474800235580780e+00,0.000000000000000000e+00,0.000000000000000000e+00
1.257570244699604878e+00,0.000000000000000000e+00,0.000000000000000000e+00
1.258665689163628976e+00,0.000000000000000000e+00,0.000000000000000000e+00
1.259761133627652852e+00,0.000000000000000000e+00,0.000000000000000000e+00
1.260856578091676949e+00,0.000000000000000000e+00,0.000000000000000000e+00
1.261952022555701047e+00,0.000000000000000000e+00,0.000000000000000000e+00
1.263047467019724923e+00,0.000000000000000000e+00,0.000000000000000000e+00
1.264142911483749021e+00,0.000000000000000000e+00,0.000000000000000000e+00
1.265238355947773119e+00,0.000000000000000000e+00,0.000000000000000000e+00
1.266333800411797217e+00,0.000000000000000000e+00,0.000000000000000000e+00
1.267429244875821315e+00,0.000000000000000000e+00,0.000000000000000000e+00
1.268524689339845191e+00,0.000000000000000000e+00,0.000000000000000000e+00
1.269620133803869289e+00,0.000000000000000000e+00,0.000000000000000000e+00
1.270715578267893386e+00,0.000000000000000000e+00,0.000000000000000000e+00
1.271811022731917262e+00,0.000000000000000000e+00,0.000000000000000000e+00
1.272906467195941360e+00,0.000000000000000000e+00,0.000000000000000000e+00
1.274001911659965680e+00,0.000000000000000000e+00,0.000000000000000000e+00
1.275097356123989556e+00,0.000000000000000000e+00,0.000000000000000000e+00
1.276192800588013654e+00,0.000000000000000000e+00,0.000000000000000000e+00
1.277288245052037752e+00,0.000000000000000000e+00,0.000000000000000000e+00
1.278383689516061628e+00,0.000000000000000000e+00,0.000000000000000000e+00
1.279479133980085725e+00,0.000000000000000000e+00,0.000000000000000000e+00
1.280574578444109823e+00,0.000000000000000000e+00,0.000000000000000000e+00
1.281670022908133699e+00,0.000000000000000000e+00,0.000000000000000000e+00
1.282765467372158019e+00,0.000000000000000000e+00,0.000000000000000000e+00
1.283860911836181895e+00,0.000000000000000000e+00,0.000000000000000000e+00
1.284956356300205993e+00,0.000000000000000000e+00,0.000000000000000000e+00
1.286051800764230091e+00,0.000000000000000000e+00,0.000000000000000000e+00
1.287147245228253967e+00,0.000000000000000000e+00,0.000000000000000000e+00
1.288242689692278065e+00,0.000000000000000000e+00,0.000000000000000000e+00
1.289338134156302162e+00,0.000000000000000000e+00,0.000000000000000000e+00
1.290433578620326038e+00,0.000000000000000000e+00,0.000000000000000000e+00
1.291529023084350136e+00,0.000000000000000000e+00,0.000000000000000000e+00
1.292624467548374456e+00,0.000000000000000000e+00,0.000000000000000000e+00
1.293719912012398332e+00,0.000000000000000000e+00,0.000000000000000000e+00
1.294815356476422430e+00,0.000000000000000000e+00,0.000000000000000000e+00
1.295910800940446528e+00,0.000000000000000000e+00,0.000000000000000000e+00
1.297006245404470404e+00,0.000000000000000000e+00,0.000000000000000000e+00
1.298101689868494502e+00,0.000000000000000000e+00,0.000000000000000000e+00
1.299197134332518377e+00,0.000000000000000000e+00,0.000000000000000000e+00
1.300292578796542475e+00,0.000000000000000000e+00,0.000000000000000000e+00
1.301388023260566795e+00,0.000000000000000000e+00,0.000000000000000000e+00
1.302483467724590671e+00,0.000000000000000000e+00,0.000000000000000000e+00
1.303578912188614769e+00,0.000000000000000000e+00,0.000000000000000000e+00
1.304674356652638867e+00,0.000000000000000000e+00,0.000000000000000000e+00
1.305769801116662743e+00,0.000000000000000000e+00,0.000000000000000000e+00
1.306865245580686841e+00,0.000000000000000000e+00,0.000000000000000000e+00
1.307960690044710939e+00,0.000000000000000000e+00,0.000000000000000000e+00
1.309056134508734814e+00,0.000000000000000000e+00,0.000000000000000000e+00
1.310151578972759134e+00,0.000000000000000000e+00,0.000000000000000000e+00
1.311247023436783232e+00,0.000000000000000000e+00,0.000000000000000000e+00
1.312342467900807108e+00,0.000000000000000000e+00,0.000000000000000000e+00
1.313437912364831206e+00,0.000000000000000000e+00,0.000000000000000000e+00
1.314533356828855304e+00,0.000000000000000000e+00,0.000000000000000000e+00
1.315628801292879180e+00,0.000000000000000000e+00,0.000000000000000000e+00
1.316724245756903278e+00,0.000000000000000000e+00,0.000000000000000000e+00
1.317819690220927153e+00,0.000000000000000000e+00,0.000000000000000000e+00
1.318915134684951251e+00,0.000000000000000000e+00,0.000000000000000000e+00
1.320010579148975571e+00,0.000000000000000000e+00,0.000000000000000000e+00
1.321106023612999447e+00,0.000000000000000000e+00,0.000000000000000000e+00
1.322201468077023545e+00,0.000000000000000000e+00,0.000000000000000000e+00
1.323296912541047643e+00,0.000000000000000000e+00,0.000000000000000000e+00
1.324392357005071519e+00,0.000000000000000000e+00,0.000000000000000000e+00
1.325487801469095617e+00,0.000000000000000000e+00,0.000000000000000000e+00
1.326583245933119715e+00,0.000000000000000000e+00,0.000000000000000000e+00
1.327678690397143590e+00,0.000000000000000000e+00,0.000000000000000000e+00
1.328774134861167910e+00,0.000000000000000000e+00,0.000000000000000000e+00
1.329869579325192008e+00,0.000000000000000000e+00,0.000000000000000000e+00
1.330965023789215884e+00,0.000000000000000000e+00,0.000000000000000000e+00
1.332060468253239982e+00,0.000000000000000000e+00,0.000000000000000000e+00
1.333155912717263858e+00,0.000000000000000000e+00,0.000000000000000000e+00
1.334251357181287956e+00,0.000000000000000000e+00,0.000000000000000000e+00
1.335346801645312054e+00,0.000000000000000000e+00,0.000000000000000000e+00
1.336442246109335930e+00,0.000000000000000000e+00,0.000000000000000000e+00
1.337537690573360250e+00,0.000000000000000000e+00,0.000000000000000000e+00
1.338633135037384347e+00,0.000000000000000000e+00,0.000000000000000000e+00
1.339728579501408223e+00,0.000000000000000000e+00,0.000000000000000000e+00
1.340824023965432321e+00,0.000000000000000000e+00,0.000000000000000000e+00
1.341919468429456419e+00,0.000000000000000000e+00,0.000000000000000000e+00
1.343014912893480295e+00,0.000000000000000000e+00,0.000000000000000000e+00
1.344110357357504393e+00,0.000000000000000000e+00,0.000000000000000000e+00
1.345205801821528491e+00,0.000000000000000000e+00,0.000000000000000000e+00
1.346301246285552367e+00,0.000000000000000000e+00,0.000000000000000000e+00
1.347396690749576686e+00,0.000000000000000000e+00,0.000000000000000000e+00
1.348492135213600562e+00,0.000000000000000000e+00,0.000000000000000000e+00
1.349587579677624660e+00,0.000000000000000000e+00,0.000000000000000000e+00
1.350683024141648758e+00,0.000000000000000000e+00,0.000000000000000000e+00
1.351778468605672634e+00,0.000000000000000000e+00,0.000000000000000000e+00
1.352873913069696732e+00,0.000000000000000000e+00,0.000000000000000000e+00
1.353969357533720830e+00,0.000000000000000000e+00,0.000000000000000000e+00
1.355064801997744706e+00,0.000000000000000000e+00,0.000000000000000000e+00
1.356160246461769026e+00,0.000000000000000000e+00,0.000000000000000000e+00
1.357255690925793123e+00,0.000000000000000000e+00,0.000000000000000000e+00
1.358351135389816999e+00,0.000000000000000000e+00,0.000000000000000000e+00
1.359446579853841097e+00,0.000000000000000000e+00,0.000000000000000000e+00
1.360542024317865195e+00,0.000000000000000000e+00,0.000000000000000000e+00
1.361637468781889071e+00,0.000000000000000000e+00,0.000000000000000000e+00
1.362732913245913169e+00,0.000000000000000000e+00,0.000000000000000000e+00
1.363828357709937267e+00,0.000000000000000000e+00,0.000000000000000000e+00
1.364923802173961365e+00,0.000000000000000000e+00,0.000000000000000000e+00
1.366019246637985463e+00,0.000000000000000000e+00,0.000000000000000000e+00
1.367114691102009338e+00,0.000000000000000000e+00,0.000000000000000000e+00
1.368210135566033436e+00,0.000000000000000000e+00,0.000000000000000000e+00
1.369305580030057534e+00,0.000000000000000000e+00,0.000000000000000000e+00
