# omega(Hartree) S(1/Hartree) dS(1/Hartree)
1.095444464024046072e-03,4.121337815733482124e+00,2.503590893960862829e+01
2.190888928048092144e-03,4.095068611657019630e+00,6.209910888378505689e+00
3.286333392072138000e-03,4.076802965429660475e+00,3.647572382488869280e+00
4.381777856096184288e-03,4.065875363618483007e+00,2.540132075054099658e+00
5.477222320120230144e-03,4.061694555525754424e+00,2.092454792182558698e+00
6.572666784144275999e-03,4.063732551537067472e+00,1.837158502751775391e+00
7.668111248168322722e-03,4.071515332978365542e+00,1.679714476385071986e+00
8.763555712192368577e-03,4.084614986363928502e+00,1.598977454735014847e+00
9.859000176216414432e-03,4.102643028096242261e+00,1.567535947703774246e+00
1.095444464024046029e-02,4.125244728256768134e+00,1.561462472714011618e+00
1.204988910426450614e-02,4.152094276368031522e+00,1.566675812951082047e+00
1.314533356828855200e-02,4.182890659606864681e+00,1.576719920788486329e+00
1.424077803231259785e-02,4.217354146282098704e+00,1.589169646973262351e+00
1.533622249633664544e-02,4.255223285502601094e+00,1.603290345683249463e+00
1.643166696036068783e-02,4.296252348703102797e+00,1.618907346522260982e+00
1.752711142438473715e-02,4.340209150726265008e+00,1.635962093848360110e+00
1.862255588840878301e-02,4.386873197977006811e+00,1.654378606942108476e+00
1.971800035243282886e-02,4.436034119258247976e+00,1.674045609357348807e+00
2.081344481645687472e-02,4.487490341508233449e+00,1.694830410929478504e+00
2.190888928048092057e-02,4.541047978143271102e+00,1.716594512694233687e+00
2.300433374450496643e-02,4.596519902227463206e+00,1.739203342407393382e+00
2.409977820852901229e-02,4.653724980449695181e+00,1.762530315065663933e+00
2.519522267255305814e-02,4.712487447009485741e+00,1.786457236352946509e+00
2.629066713657710400e-02,4.772636399136447771e+00,1.810872891505603377e+00
2.738611160060114985e-02,4.834005398157352751e+00,1.835671034423042025e+00
2.848155606462519571e-02,4.896432161891548951e+00,1.860748442251736412e+00
2.957700052864924503e-02,4.959758335732593615e+00,1.886003331183927267e+00
3.067244499267329089e-02,5.023829331131691056e+00,1.911334217827656001e+00
3.176788945669733327e-02,5.088494221369816550e+00,1.936639205981429912e+00
3.286333392072137566e-02,5.153605685531920777e+00,1.961815638549898599e+00
3.395877838474542498e-02,5.219019992495649518e+00,1.986760048759178776e+00
3.505422284876947431e-02,5.284597017550468401e+00,2.011368350577032338e+00
3.614966731279351669e-02,5.350200284983135823e+00,2.035536227043484914e+00
3.724511177681756602e-02,5.415697030635147513e+00,2.059159685687502517e+00
3.834055624084160840e-02,5.480958279004326528e+00,2.082135759835217925e+00
3.943600070486565773e-02,5.545858930066693837e+00,2.104363335844237515e+00
4.053144516888970011e-02,5.610277851465840016e+00,2.125744075329807359e+00
4.162688963291374944e-02,5.674097972228127951e+00,2.146183372635392050e+00
4.272233409693779183e-02,5.737206374603494474e+00,2.165591237268079006e+00
4.381777856096184115e-02,5.799494381063118986e+00,2.183882908847651461e+00
4.491322302498588354e-02,5.860857633885608209e+00,2.200978896761947023e+00
4.600866748900993286e-02,5.921196165145141244e+00,2.216803993605398926e+00
4.710411195303397525e-02,5.980414455270157248e+00,2.231284662701473298e+00
4.819955641705802457e-02,6.038421478680594312e+00,2.244344128579764064e+00
4.929500088108207390e-02,6.095130735323382787e+00,2.255894643832887514e+00
5.039044534510611628e-02,6.150460267221787625e+00,2.265827080866856136e+00
5.148588980913015867e-02,6.204332659426904151e+00,2.273999694090215407e+00
5.258133427315420799e-02,6.256675025010092206e+00,2.280231429597841419e+00
5.367677873717825038e-02,6.307418973968579756e+00,2.284311624263307028e+00
5.477222320120229970e-02,6.356500566124844376e+00,2.286048570485001985e+00
5.586766766522634903e-02,6.403860248291103119e+00,2.285394926435855290e+00
5.696311212925039141e-02,6.449442776140666744e+00,2.282706553595746701e+00
5.805855659327444074e-02,6.493197121377025205e+00,2.279204185848137776e+00
5.915400105729849006e-02,6.535076364924108816e+00,2.277688233321216948e+00
6.024944552132253245e-02,6.575037576973079112e+00,2.283446130995427481e+00
6.134488998534658177e-02,6.613041684817670074e+00,2.304991256570806168e+00
6.244033444937061722e-02,6.649053329487991881e+00,2.353745835860602043e+00
6.353577891339466654e-02,6.683040712258142335e+00,2.441444124220664591e+00
6.463122337741870893e-02,6.714975432150361634e+00,2.575381826820512643e+00
6.572666784144275132e-02,6.744832315596097416e+00,2.756964576031926573e+00
6.682211230546680758e-02,6.772589239438042696e+00,2.998622312686063829e+00
6.791755676949084997e-02,6.798226948470574627e+00,3.377330806886775783e+00
6.901300123351489235e-02,6.821728868719962868e+00,4.087897913666957983e+00
7.010844569753894862e-02,6.843080917661929163e+00,5.324131706238398820e+00
7.120389016156299100e-02,6.862271312562124415e+00,7.146920648546151611e+00
7.229933462558703339e-02,6.879290378098830594e+00,1.090353810059371220e+01
7.339477908961108965e-02,6.894130354479564460e+00,2.084743851058899367e+01
7.449022355363513204e-02,6.906785206977532177e+00,5.293789253999986499e+01
7.558566801765917442e-02,6.917250438305111437e+00,4.254760792689197046e+01
7.668111248168321681e-02,6.925522904561744575e+00,1.687854454041318064e+01
7.777655694570725919e-02,6.931600635981927994e+00,9.858424345441012093e+00
7.887200140973131546e-02,6.935482663417444904e+00,7.056289650005370007e+00
7.996744587375535784e-02,6.937168851531498426e+00,5.435874048526980751e+00
8.106289033777940023e-02,6.936659739641380718e+00,4.344622511092389061e+00
8.215833480180345649e-02,6.933956391118157647e+00,3.728662680760139292e+00
8.325377926582749888e-02,6.929060252222590144e+00,3.365477229762912970e+00
8.434922372985154126e-02,6.921973021231058176e+00,3.093813185075213745e+00
8.544466819387558365e-02,6.912696528678490715e+00,2.866133632848384849e+00
8.654011265789963991e-02,6.901232629523062378e+00,2.683361729756991387e+00
8.763555712192368230e-02,6.887583108012532485e+00,2.549862817828042250e+00
8.873100158594772469e-02,6.871749596011023975e+00,2.461108134724713903e+00
8.982644604997176707e-02,6.853733505521066860e+00,2.406285425052099303e+00
9.092189051399580946e-02,6.833535976112591115e+00,2.373647587954505145e+00
9.201733497801986572e-02,6.811157837944684879e+00,2.353821483944057213e+00
9.311277944204390811e-02,6.786599591037807855e+00,2.340671773788300492e+00
9.420822390606795049e-02,6.759861401420648619e+00,2.330794139357550421e+00
9.530366837009200676e-02,6.730943114739050159e+00,2.322610443687159520e+00
9.639911283411604914e-02,6.699844287868202741e+00,2.315560989369048528e+00
9.749455729814009153e-02,6.666564239016684823e+00,2.309543270615292521e+00
9.859000176216414779e-02,6.631102116747229047e+00,2.304584300204894465e+00
9.968544622618819018e-02,6.593456988263221241e+00,2.300682733400992053e+00
1.007808906902122326e-01,6.553627947222106620e+00,2.297755786499173336e+00
1.018763351542362888e-01,6.511614241231445277e+00,2.295641213130926950e+00
1.029717796182603173e-01,6.467415419063375914e+00,2.294121874745037371e+00
1.040672240822843597e-01,6.421031497482684536e+00,2.292954482537466809e+00
1.051626685463084160e-01,6.372463147425300178e+00,2.291893779779117679e+00
1.062581130103324584e-01,6.321711899082901986e+00,2.290709302367329947e+00
1.073535574743565008e-01,6.268780365247692998e+00,2.289194933784191477e+00
1.084490019383805570e-01,6.213672482047836176e+00,2.287172759757510221e+00
1.095444464024045994e-01,6.156393765957716369e+00,2.284493007746136062e+00
1.106398908664286418e-01,6.096951585701091858e+00,2.281031650780930953e+00
1.117353353304526981e-01,6.035355447378652372e+00,2.276686879992993351e+00
1.128307797944767404e-01,5.971617290849339454e+00,2.271375265940014376e+00
1.139262242585007828e-01,5.905751795076722210e+00,2.265028109542352563e+00
1.150216687225248391e-01,5.837776689826470466e+00,2.257588245862728549e+00
1.161171131865488815e-01,5.767713070769486805e+00,2.249007403214111633e+00
1.172125576505729239e-01,5.695585714717649850e+00,2.239244120796696880e+00
1.183080021145969801e-01,5.621423391397337710e+00,2.228262172797038865e+00
1.194034465786210225e-01,5.545259167868700878e+00,2.216029421811725797e+00
1.204988910426450649e-01,5.467130701418504657e+00,2.202517018030302420e+00
1.215943355066691212e-01,5.387080516520561524e+00,2.187698864282364486e+00
1.226897799706931635e-01,5.305156261263955564e+00,2.171551276281635356e+00
1.237852244347171921e-01,5.221410938519755796e+00,2.154052777928082918e+00
1.248806688987412344e-01,5.135903107048030769e+00,2.135183981581123547e+00
1.259761133627652907e-01,5.048697047766702362e+00,2.114927512035979174e+00
1.270715578267893331e-01,4.959862890502687804e+00,2.093267938722839894e+00
1.281670022908133755e-01,4.869476696746708022e+00,2.070191684249367725e+00
1.292624467548374179e-01,4.777620494230760961e+00,2.045686876528406639e+00
1.303578912188614602e-01,4.684382259569893847e+00,2.019743106148320866e+00
1.314533356828855026e-01,4.589855845694174263e+00,1.992351036971894418e+00
1.325487801469095728e-01,4.494140851457677499e+00,1.963501792800732559e+00
1.336442246109336152e-01,4.397342431502357485e+00,1.933185999111515230e+00
1.347396690749576575e-01,4.299571045284930726e+00,1.901392286009108812e+00
1.358351135389816999e-01,4.200942145062383837e+00,1.868104941327453972e+00
1.369305580030057423e-01,4.101575803591685165e+00,1.833300222350262576e+00
1.380260024670297847e-01,4.001596283299430290e+00,1.796940568601277377e+00
1.391214469310538548e-01,3.901131549700486367e+00,1.758965603168433534e+00
1.402168913950778972e-01,3.800312732866015786e+00,1.719278414879353178e+00
1.413123358591019396e-01,3.699273541732815307e+00,1.677725397103121630e+00
1.424077803231259820e-01,3.598149636982499899e+00,1.634068507697433503e+00
1.435032247871500244e-01,3.497077969074060100e+00,1.587951790480714775e+00
1.445986692511740668e-01,3.396196088759348974e+00,1.538872972492175917e+00
1.456941137151981369e-01,3.295641438031264858e+00,1.486193512786910143e+00
1.467895581792221793e-01,3.195550629914763352e+00,1.429270900867831262e+00
1.478850026432462217e-01,3.096058725823751523e+00,1.367896334722017437e+00
1.489804471072702641e-01,2.997298519320025889e+00,1.303375141608714038e+00
1.500758915712943065e-01,2.899399835064538244e+00,1.240663245016486727e+00
1.511713360353183488e-01,2.802488851508822432e+00,1.191283384589394645e+00
1.522667804993423912e-01,2.706687455464940939e+00,1.173940204760681727e+00
1.533622249633664336e-01,2.612112636116113329e+00,1.210600534146066387e+00
1.544576694273904760e-01,2.518875925302470176e+00,1.361818351778461444e+00
1.555531138914145184e-01,2.427082890072935761e+00,1.905991266292127895e+00
1.566485583554385608e-01,2.336832682540155748e+00,3.233882718924570021e+00
1.577440028194626309e-01,2.248217651034801090e+00,6.937960959471652700e+00
1.588394472834866733e-01,2.161323015499164946e+00,2.787592716641830393e+01
1.599348917475107157e-01,2.076226608947206564e+00,1.526426432358534413e+01
1.610303362115347581e-01,1.992998685738163189e+00,5.741540887264985571e+00
1.621257806755588005e-01,1.911701796357770711e+00,3.638309628792412376e+00
1.632212251395828428e-01,1.832390727406249864e+00,2.588439486116915322e+00
1.643166696036069130e-01,1.755112504575128130e+00,2.116857475387527998e+00
1.654121140676309554e-01,1.679906455581818392e+00,1.733265174307419443e+00
1.665075585316549978e-01,1.606804329312622848e+00,1.436904387646204206e+00
1.676030029956790401e-01,1.535830466838789876e+00,1.273402737205600266e+00
1.686984474597030825e-01,1.467002019496370213e+00,1.198992512665102650e+00
1.697938919237271249e-01,1.400329208876138543e+00,1.147213646911418916e+00
1.708893363877511673e-01,1.335815623341995106e+00,1.084050380477965536e+00
1.719847808517752374e-01,1.273458545587665247e+00,1.004978499759838773e+00
1.730802253157992798e-01,1.213249305736098904e+00,9.175762995507256159e-01
1.741756697798233222e-01,1.155173654580450959e+00,8.314127868869970461e-01
1.752711142438473646e-01,1.099212151742924082e+00,7.543191782426345027e-01
1.763665587078714070e-01,1.045340563778776266e+00,6.911031238567487689e-01
1.774620031718954494e-01,9.935302675629607005e-01,6.430261624024765643e-01
1.785574476359194918e-01,9.437486546533123688e-01,6.080771867130676522e-01
1.796528920999435341e-01,8.959595327146051558e-01,5.822265156988969403e-01
1.807483365639675765e-01,8.501235205005159834e-01,5.611128415262189861e-01
1.818437810279916189e-01,8.061984333135752134e-01,5.413050557849300448e-01
1.829392254920156613e-01,7.641396562889196664e-01,5.207658422206968840e-01
1.840346699560397314e-01,7.239005032648982985e-01,4.987062919273553829e-01
1.851301144200637738e-01,6.854325594080826756e-01,4.751867112365670276e-01
1.862255588840878162e-01,6.486860061439270186e-01,4.507154626770749073e-01
1.873210033481118586e-01,6.136099273039499202e-01,4.259532588463898484e-01
1.884164478121359010e-01,5.801525957321693738e-01,4.015361757982882640e-01
1.895118922761599434e-01,5.482617398949007903e-01,3.779896514180373646e-01
1.906073367401840135e-01,5.178847903095838978e-01,3.556982925996780009e-01
1.917027812042080559e-01,4.889691058454485040e-01,3.349043348924780616e-01
1.927982256682320983e-01,4.614621801590069183e-01,3.157191277541038232e-01
1.938936701322561407e-01,4.353118287020153465e-01,2.981410003137539566e-01
1.949891145962801831e-01,4.104663568895751680e-01,2.820775426868705749e-01
1.960845590603042254e-01,3.868747101366142305e-01,2.673714184773909874e-01
1.971800035243282956e-01,3.644866065668589394e-01,2.538279877946951757e-01
1.982754479883523380e-01,3.432526532713630618e-01,2.412419396705455521e-01
1.993708924523763804e-01,3.231244470459374574e-01,2.294198625090968224e-01
2.004663369164004227e-01,3.040546605703970950e-01,2.181964459944677193e-01
2.015617813804244651e-01,2.859971150103478577e-01,2.074434026194904301e-01
2.026572258444485075e-01,2.689068400255928415e-01,1.970716144458708741e-01
2.037526703084725777e-01,2.527401221607510906e-01,1.870280056660641455e-01
2.048481147724966200e-01,2.374545425757974837e-01,1.772890642240987913e-01
2.059435592365206347e-01,2.230090050470564522e-01,1.678528693792575854e-01
2.070390037005446771e-01,2.093637551361684224e-01,1.587311121241587186e-01
2.081344481645687194e-01,1.964803913869030694e-01,1.499421060814145890e-01
2.092298926285927896e-01,1.843218693661546337e-01,1.415053121952958293e-01
2.103253370926168320e-01,1.728524993225566686e-01,1.334375173011699278e-01
2.114207815566408744e-01,1.620379381879581970e-01,1.257505430431921090e-01
2.125162260206649167e-01,1.518451766007746506e-01,1.184502139621910061e-01
2.136116704846889591e-01,1.422425215827063938e-01,1.115362600322434283e-01
2.147071149487130015e-01,1.331995754529613774e-01,1.050028404994635539e-01
2.158025594127370717e-01,1.246872115189009145e-01,9.883942435615597488e-02
2.168980038767611140e-01,1.166775470370192830e-01,9.303182542277037281e-02
2.179934483407851564e-01,1.091439138953777532e-01,8.756325143399693034e-02
2.190888928048091988e-01,1.020608274281780553e-01,8.241527838574475018e-02
2.201843372688332134e-01,9.540395373370609555e-02,7.756870079788534544e-02
2.212797817328572836e-01,8.915007583048373263e-02,7.300423603483621737e-02
2.223752261968813260e-01,8.327705895265645475e-02,6.870307863991047259e-02
2.234706706609053961e-01,7.776381525237990866e-02,6.464731144139070074e-02
2.245661151249294107e-01,7.259026814799246496e-02,6.082018634939714147e-02
2.256615595889534809e-01,6.773731652927561520e-02,5.720629105294197658e-02
2.267570040529774955e-01,6.318679900450595299e-02,5.379161939662430170e-02
2.278524485170015657e-01,5.892145835239640667e-02,5.056356371728635418e-02
2.289478929810256080e-01,5.492490631835401926e-02,4.751084715855434515e-02
2.300433374450496782e-01,5.118158887763320231e-02,4.462341309665050076e-02
2.311387819090736928e-01,4.767675206766319729e-02,4.189228736964911715e-02
2.322342263730977630e-01,4.439640847785107647e-02,3.930942709627262971e-02
2.333296708371217776e-01,4.132730446936227348e-02,3.686756761212641592e-02
2.344251153011458477e-01,3.845688818522285946e-02,3.456007659785558656e-02
2.355205597651698901e-01,3.577327839889311162e-02,3.238082198742828210e-02
2.366160042291939603e-01,3.326523423987437500e-02,3.032405788433570337e-02
2.377114486932179749e-01,3.092212582414368555e-02,2.838433060420316595e-02
2.388068931572420450e-01,2.873390581116443479e-02,2.655640519913550837e-02
2.399023376212660597e-01,2.669108190053568960e-02,2.483521144289117799e-02
2.409977820852901298e-01,2.478469027496536109e-02,2.321580727907199965e-02
2.420932265493141722e-01,2.300626999221309574e-02,2.169335713262844634e-02
2.431886710133382423e-01,2.134783832175748269e-02,2.026312220551721929e-02
2.442841154773622570e-01,1.980186702001253754e-02,1.892045986596069262e-02
2.453795599413863271e-01,1.836125953228364902e-02,1.766082942251494259e-02
2.464750044054103417e-01,1.701932910875883498e-02,1.647980189195998382e-02
2.475704488694343841e-01,1.576977781698095035e-02,1.537307175756368050e-02
2.486658933334584543e-01,1.460667643363584671e-02,1.433646913228266151e-02
2.497613377974824689e-01,1.352444519426656937e-02,1.336597114389165807e-02
2.508567822615065390e-01,1.251783538069296819e-02,1.245771173024585836e-02
2.519522267255305814e-01,1.158191172169194955e-02,1.160798934725766098e-02
2.530476711895546238e-01,1.071203558549106878e-02,1.081327235534457372e-02
2.541431156535786662e-01,9.903848938474577382e-03,1.007020204762164306e-02
2.552385601176027086e-01,9.153259045513992276e-03,9.375593431132610289e-03
2.563340045816267510e-01,8.456423888922960652e-03,8.726433973310330355e-03
2.574294490456507933e-01,7.809738278374037460e-03,8.119880580582144319e-03
2.585248935096748357e-01,7.209820629772252173e-03,7.553255109677385268e-03
2.596203379736989336e-01,6.653500386213787206e-03,7.024038711277176723e-03
2.607157824377229205e-01,6.137806058349391282e-03,6.529865297005625104e-03
2.618112269017470184e-01,5.659953858355608498e-03,6.068514393295562463e-03
2.629066713657710053e-01,5.217336905881685138e-03,5.637903619143808803e-03
2.640021158297951032e-01,4.807514980496567329e-03,5.236080986679549423e-03
2.650975602938191455e-01,4.428204800023812643e-03,4.861217194074551710e-03
2.661930047578431879e-01,4.077270800939276733e-03,4.511598043595964856e-03
2.672884492218672303e-01,3.752716400544914201e-03,4.185617090559022938e-03
2.683838936858912727e-01,3.452675718722865612e-03,3.881768599127621063e-03
2.694793381499153151e-01,3.175405740133990188e-03,3.598640859983221092e-03
2.705747826139393575e-01,2.919278895780103716e-03,3.334909901946888754e-03
2.716702270779633999e-01,2.682776045836313041e-03,3.089333615575427100e-03
2.727656715419874978e-01,2.464479845038577196e-03,2.860746291873484965e-03
2.738611160060114846e-01,2.263068471954809459e-03,2.648053567952245602e-03
2.749565604700355270e-01,2.077309706429944763e-03,2.450227766123708011e-03
2.760520049340595694e-01,1.906055336783538806e-03,2.266303603277129534e-03
2.771474493980836118e-01,1.748235882485265529e-03,2.095374247607425123e-03
2.782428938621077097e-01,1.602855615586362518e-03,1.936587693943028939e-03
2.793383383261316966e-01,1.468987866965232184e-03,1.789143430536303207e-03
2.804337827901557945e-01,1.345770602710739212e-03,1.652289368738262074e-03
2.815292272541797813e-01,1.232402257326678041e-03,1.525319008847166946e-03
2.826246717182038792e-01,1.128137810518668868e-03,1.407568816378312708e-03
2.837201161822279216e-01,1.032285094935436005e-03,1.298415785022460260e-03
2.848155606462519640e-01,9.442013232365059020e-04,1.197275165356479409e-03
2.859110051102760064e-01,8.632898226891299763e-04,1.103598339858797694e-03
2.870064495743000488e-01,7.889969664257739674e-04,1.016870827658580140e-03
2.881018940383240912e-01,7.208092906560418676e-04,9.366104043200924271e-04
2.891973385023481335e-01,6.582507886487192275e-04,8.623653254727494744e-04
2.902927829663721759e-01,6.008803703327254570e-04,7.937126419432619139e-04
2.913882274303962738e-01,5.482894804973291892e-04,7.302566005926787625e-04
2.924836718944202607e-01,5.000998645635335547e-04,6.716271208375709052e-04
2.935791163584443586e-01,4.559614759868025518e-04,6.174783442878452756e-04
2.946745608224683455e-01,4.155505150828505486e-04,5.674872498806231205e-04
2.957700052864924434e-01,3.785675940671075278e-04,5.213523339426053308e-04
2.968654497505164858e-01,3.447360189788975559e-04,4.787923493092366661e-04
2.979608942145405281e-01,3.138001833632550648e-04,4.395451033695236685e-04
2.990563386785645705e-01,2.855240663659477842e-04,4.033663118567842659e-04
3.001517831425886129e-01,2.596898293992601684e-04,3.700285070851140807e-04
3.012472276066126553e-01,2.360965053910698522e-04,3.393199988886465832e-04
3.023426720706366977e-01,2.145587754317522305e-04,3.110438873413508385e-04
3.034381165346607401e-01,1.949058270225339433e-04,2.850171251035309812e-04
3.045335609986847825e-01,1.769802896518529614e-04,2.610696290299212535e-04
3.056290054627088248e-01,1.606372424769850920e-04,2.390434389134629288e-04
3.067244499267328672e-01,1.457432895536481927e-04,2.187919217619021574e-04
3.078198943907569096e-01,1.321756992832445103e-04,2.001790214315496863e-04
3.089153388547809520e-01,1.198216029143044363e-04,1.830785503276939901e-04
3.100107833188050499e-01,1.085772493499049824e-04,1.673735230874097977e-04
3.111062277828290368e-01,9.834731188021598764e-05,1.529555293596995770e-04
3.122016722468531347e-01,8.904424428083355415e-05,1.397241452179319237e-04
3.132971167108771215e-01,8.058768241557113350e-05,1.275863804415647881e-04
3.143925611749012194e-01,7.290388891861387770e-05,1.164561608207659494e-04
3.154880056389252618e-01,6.592523758906642533e-05,1.062538429058712005e-04
3.165834501029493042e-01,5.958973573238242197e-05,9.690576091108535546e-05
3.176788945669733466e-01,5.384058055677112034e-05,8.834380186287096122e-05
3.187743390309973890e-01,4.862574907252682175e-05,8.050501023813832905e-05
3.198697834950214314e-01,4.389761748881374664e-05,7.333121758565700442e-05
3.209652279590454738e-01,3.961260956806818105e-05,6.676869807628680719e-05
3.220606724230695161e-01,3.573087103966359276e-05,6.076784693802999188e-05
3.231561168870936140e-01,3.221596833696702350e-05,5.528288046521320613e-05
3.242515613511176009e-01,2.903461069159031817e-05,5.027155749856275654e-05
3.253470058151416988e-01,2.615639293383372995e-05,4.569491929736325622e-05
3.264424502791656857e-01,2.355355843512683831e-05,4.151704815916901084e-05
3.275378947431897836e-01,2.120077999038147399e-05,3.770484224023646041e-05
3.286333392072138260e-01,1.907495807679917757e-05,3.422780677163039369e-05
3.297287836712378128e-01,1.715503454336014032e-05,3.105785936660741386e-05
3.308242281352619107e-01,1.542182142670904524e-05,2.816914993580264226e-05
3.319196725992858976e-01,1.385784267194073174e-05,2.553789222161995988e-05
3.330151170633099955e-01,1.244718910259651160e-05,2.314220850859764533e-05
3.341105615273339824e-01,1.117538450034874620e-05,2.096198451116973316e-05
3.352060059913580803e-01,1.002926288427379100e-05,1.897873543305898163e-05
3.363014504553821227e-01,8.996855330094135592e-06,1.717548091498936088e-05
3.373968949194061651e-01,8.067286286375364608e-06,1.553662952673032726e-05
3.384923393834302074e-01,7.230678500127336591e-06,1.404787185579240681e-05
3.395877838474542498e-01,6.478065213953713132e-06,1.269608028298068260e-05
3.406832283114782922e-01,5.801310386545702699e-06,1.146921752013866887e-05
3.417786727755023346e-01,5.193035033770117704e-06,1.035625082746083747e-05
3.428741172395263770e-01,4.646550009489115721e-06,9.347073066236352015e-06
3.439695617035504749e-01,4.155794182931369849e-06,8.432429049571586900e-06
3.450650061675744618e-01,3.715278342073865324e-06,7.603848342572342034e-06
3.461604506315985597e-01,3.320033249231771711e-06,6.853581803303022721e-06
3.472558950956225465e-01,2.965562801252213467e-06,6.174544214090605003e-06
3.483513395596466444e-01,2.647800611025525416e-06,5.560259970999687129e-06
3.494467840236706868e-01,2.363070938102710909e-06,5.004814106220618260e-06
3.505422284876947292e-01,2.108052490280239593e-06,4.502805926640302708e-06
3.516376729517187716e-01,1.879745882963436210e-06,4.049307231532781184e-06
3.527331174157428140e-01,1.675443412931021573e-06,3.639822570411581564e-06
3.538285618797668564e-01,1.492702140122716068e-06,3.270253937141598430e-06
3.549240063437908987e-01,1.329319012498864988e-06,2.936867461809531213e-06
3.560194508078149411e-01,1.183307953544549976e-06,2.636262123721982504e-06
3.571148952718389835e-01,1.052879695669710670e-06,2.365342444225785369e-06
3.582103397358630259e-01,9.364227738861309995e-07,2.121291875998331439e-06
3.593057841998870683e-01,8.324867977106551767e-07,1.901549550089045913e-06
3.604012286639111107e-01,7.397666218119280218e-07,1.703787463641113567e-06
3.614966731279351531e-01,6.570887895470408938e-07,1.525891382250790519e-06
3.625921175919592510e-01,5.833982288172418726e-07,1.365940996270640342e-06
3.636875620559832378e-01,5.177473748052158214e-07,1.222194468847060022e-06
3.647830065200073357e-01,4.592848726345498208e-07,1.093070900147203172e-06
3.658784509840313226e-01,4.072470445154079227e-07,9.771382682543360856e-07
3.669738954480554205e-01,3.609482789499576807e-07,8.730979063306907455e-07
3.680693399120794629e-01,3.197740985130521972e-07,7.797745102150394327e-07
3.691647843761035053e-01,2.831735479425219522e-07,6.961037706651297733e-07
3.702602288401275477e-01,2.506530792409978505e-07,6.211229153907994872e-07
3.713556733041515900e-01,2.217708141569003545e-07,5.539615568822562813e-07
3.724511177681756324e-01,1.961311340462324421e-07,4.938327602800788310e-07
3.735465622321996748e-01,1.733801307930752841e-07,4.400257199545792767e-07
3.746420066962237172e-01,1.532014099322750057e-07,3.918988535602448797e-07
3.757374511602478151e-01,1.353121067235409450e-07,3.488729951780717746e-07
3.768328956242718020e-01,1.194595432069965043e-07,3.104258216578284341e-07
3.779283400882958999e-01,1.054181556462810345e-07,2.760866251548306534e-07
3.790237845523198867e-01,9.298656976028324313e-08,2.454311403591805104e-07
3.801192290163439846e-01,8.198517495335176689e-08,2.180773758304341571e-07
3.812146734803680270e-01,7.225372045089739243e-08,1.936812369055517088e-07
3.823101179443920694e-01,6.364953397192052151e-08,1.719335611036866053e-07
3.834055624084161118e-01,5.604537386098774198e-08,1.525559596603083091e-07
3.845010068724400987e-01,4.932810422095561515e-08,1.352986710048919300e-07
3.855964513364641966e-01,4.339686886407211914e-08,1.199368829827857458e-07
3.866918958004882390e-01,3.816210010095526954e-08,1.062691680999496470e-07
3.877873402645122813e-01,3.354405012961793328e-08,9.411446971519985144e-08
3.888827847285363237e-01,2.947191499361424525e-08,8.331059135843105357e-08
3.899782291925603661e-01,2.588274641840755403e-08,7.371198270405594911e-08
3.910736736565844085e-01,2.272069065003795792e-08,6.518833591244858581e-08
3.921691181206084509e-01,1.993617064097275922e-08,5.762293028482159493e-08
3.932645625846324933e-01,1.748521692411039453e-08,5.091131333672820292e-08
3.943600070486565912e-01,1.532888849894420024e-08,4.496016709581104381e-08
3.954554515126805780e-01,1.343254674480416973e-08,3.968567185996428145e-08
3.965508959767046759e-01,1.176561527745865902e-08,3.501322789720395295e-08
3.976463404407286628e-01,1.030099986136423227e-08,3.087613168472992359e-08
3.987417849047527607e-01,9.014758994846803019e-09,2.721493795471630435e-08
3.998372293687768031e-01,7.885630772621850395e-09,2.397634547440489611e-08
4.009326738328008455e-01,6.894909387032693967e-09,2.111309503753297854e-08
4.020281182968248879e-01,6.025969099801157101e-09,1.858276674656236241e-08
4.031235627608489303e-01,5.264267806281379803e-09,1.634800691492326379e-08
4.042190072248729726e-01,4.596784929609213576e-09,1.437498826737128924e-08
4.053144516888970150e-01,4.012101025782680101e-09,1.263381913545508136e-08
4.064098961529210574e-01,3.500349892845367656e-09,1.109856005118562795e-08
4.075053406169451553e-01,3.052490727669810933e-09,9.745064495323760681e-09
4.086007850809691422e-01,2.660733280080249655e-09,8.552431484745765112e-09
4.096962295449932401e-01,2.318244611342387277e-09,7.502189716252357851e-09
4.107916740090172270e-01,2.018958735182189503e-09,6.577779184322142440e-09
4.118871184730412693e-01,1.757535222776228155e-09,5.764496973045600065e-09
4.129825629370653672e-01,1.529294986555591700e-09,5.049362720482471024e-09
4.140780074010893541e-01,1.330066796486163592e-09,4.420679343750856316e-09
4.151734518651134520e-01,1.156328340090019094e-09,3.868559331593922696e-09
4.162688963291374389e-01,1.004785908036574713e-09,3.383579430456757303e-09
4.173643407931615368e-01,8.727779631235605208e-10,2.958172746807967484e-09
4.184597852571855792e-01,7.577514476246721248e-10,2.584910919506041119e-09
4.195552297212096216e-01,6.575765726214180176e-10,2.257596258509207152e-09
4.206506741852336639e-01,5.704307487161968659e-10,1.970906717372597310e-09
4.217461186492577063e-01,4.945227711332888261e-10,1.719470252602673893e-09
4.228415631132817487e-01,4.286349433769595573e-10,1.499764911291764694e-09
4.239370075773057911e-01,3.712952391570257100e-10,1.307266812835700284e-09
4.250324520413298335e-01,3.706185253750255471e-10,1.312995401042162265e-09
4.261278965053539314e-01,3.709536210257706946e-10,1.322296663600631267e-09
4.272233409693779183e-01,3.712905981773351811e-10,1.331614223801970350e-09
4.283187854334020161e-01,3.716294272814804626e-10,1.340947389592529757e-09
4.294142298974260030e-01,3.719700791612474961e-10,1.350295476245939128e-09
4.305096743614501009e-01,3.723125250056740537e-10,1.359657806568234229e-09
4.316051188254741433e-01,3.726567363646001841e-10,1.369033711079829448e-09
4.327005632894981857e-01,3.730026851435605785e-10,1.378422528175131603e-09
4.337960077535222281e-01,3.733503435987663247e-10,1.387823604260441495e-09
4.348914522175462705e-01,3.736996843321696887e-10,1.397236293870937924e-09
4.359868966815703129e-01,3.740506802866164748e-10,1.406659959767469612e-09
4.370823411455943552e-01,3.744033047410760886e-10,1.416093973013951388e-09
4.381777856096183976e-01,3.747575313059509570e-10,1.425537713036174250e-09
4.392732300736424400e-01,3.751133339184723386e-10,1.434990567662769209e-09
4.403686745376664269e-01,3.754706868381625648e-10,1.444451933149161198e-09
4.414641190016905803e-01,3.758295646423818105e-10,1.453921214185339609e-09
4.425595634657145672e-01,3.761899422219431057e-10,1.463397823888166544e-09
4.436550079297386096e-01,3.765517947768029832e-10,1.472881183779112632e-09
4.447504523937626519e-01,3.769150978118239358e-10,1.482370723748171893e-09
4.458458968577867498e-01,3.772798271326020139e-10,1.491865882004730105e-09
4.469413413218107922e-01,3.776459588413693342e-10,1.501366105016209923e-09
4.480367857858347791e-01,3.780134693329593003e-10,1.510870847435230389e-09
4.491322302498588215e-01,3.783823352908392885e-10,1.520379572016066445e-09
4.502276747138829194e-01,3.787525336832055804e-10,1.529891749521131202e-09
4.513231191779069618e-01,3.791240417591467956e-10,1.539406858618225634e-09
4.524185636419310041e-01,3.794968370448645553e-10,1.548924385769279060e-09
4.535140081059549910e-01,3.798708973399545815e-10,1.558443825111297592e-09
4.546094525699791444e-01,3.802462007137547465e-10,1.567964678330149192e-09
4.557048970340031313e-01,3.806227255017406848e-10,1.577486454527919676e-09
4.568003414980271737e-01,3.810004503019889243e-10,1.587008670084449095e-09
4.578957859620512161e-01,3.813793539716901128e-10,1.596530848513676927e-09
4.589912304260753140e-01,3.817594156237211300e-10,1.606052520315435512e-09
4.600866748900993564e-01,3.821406146232680712e-10,1.615573222823231029e-09
4.611821193541233432e-01,3.825229305845072363e-10,1.625092500048616910e-09
4.622775638181473856e-01,3.829063433673325453e-10,1.634609902522718240e-09
4.633730082821714835e-01,3.832908330741386843e-10,1.644124987135358151e-09
4.644684527461955259e-01,3.836763800466538309e-10,1.653637316972381587e-09
4.655638972102195683e-01,3.840629648628199944e-10,1.663146461151593755e-09
4.666593416742435552e-01,3.844505683337220044e-10,1.672651994657816788e-09
4.677547861382675976e-01,3.848391715005679911e-10,1.682153498177427157e-09
4.688502306022916954e-01,3.852287556317100879e-10,1.691650557932914380e-09
4.699456750663157378e-01,3.856193022197149708e-10,1.701142765517719517e-09
4.710411195303397802e-01,3.860107929784817549e-10,1.710629717731828067e-09
4.721365639943637671e-01,3.864032098403955103e-10,1.720111016418412341e-09
4.732320084583879205e-01,3.867965349535353210e-10,1.729586268301884799e-09
4.743274529224119074e-01,3.871907506789147589e-10,1.739055084827660553e-09
4.754228973864359498e-01,3.875858395877712124e-10,1.748517082003924129e-09
4.765183418504599921e-01,3.879817844588929042e-10,1.757971880245650907e-09
4.776137863144840900e-01,3.883785682759847865e-10,1.767419104221200486e-09
4.787092307785081324e-01,3.887761742250798276e-10,1.776858382701600237e-09
4.798046752425321193e-01,3.891745856919825062e-10,1.786289348412877641e-09
4.809001197065561617e-01,3.895737862597537180e-10,1.795711637891508203e-09
4.819955641705802596e-01,3.899737597062335757e-10,1.805124891343232680e-09
4.830910086346043020e-01,3.903744900015995724e-10,1.814528752505405123e-09
4.841864530986283444e-01,3.907759613059602095e-10,1.823922868512960465e-09
4.852818975626523312e-01,3.911781579669881230e-10,1.833306889768227871e-09
4.863773420266764846e-01,3.915810645175828328e-10,1.842680469814591307e-09
4.874727864907004715e-01,3.919846656735717491e-10,1.852043265214203500e-09
4.885682309547245139e-01,3.923889463314418887e-10,1.861394935429775007e-09
4.896636754187485563e-01,3.927938915661067969e-10,1.870735142710537646e-09
4.907591198827726542e-01,3.931994866287048515e-10,1.880063551982450952e-09
4.918545643467966966e-01,3.936057169444306537e-10,1.889379830742636355e-09
4.929500088108206834e-01,3.940125681103964043e-10,1.898683648958194379e-09
4.940454532748447258e-01,3.944200258935225930e-10,1.907974678969302911e-09
4.951408977388687682e-01,3.948280762284657561e-10,1.917252595396720632e-09
4.962363422028928661e-01,3.952367052155671204e-10,1.926517075053608314e-09
4.973317866669169085e-01,3.956458991188345404e-10,1.935767796861730055e-09
4.984272311309408954e-01,3.960556443639565933e-10,1.945004441771983964e-09
4.995226755949649378e-01,3.964659275363379216e-10,1.954226692689243293e-09
5.006181200589890912e-01,3.968767353791679729e-10,1.963434234401529923e-09
5.017135645230130780e-01,3.972880547915158997e-10,1.972626753513361804e-09
5.028090089870370649e-01,3.976998728264481031e-10,1.981803938383378990e-09
5.039044534510611628e-01,3.981121766891795876e-10,1.990965479066096884e-09
5.049998979150852607e-01,3.985249537352435138e-10,2.000111067257728810e-09
5.060953423791092476e-01,0.000000000000000000e+00,0.000000000000000000e+00
5.071907868431332345e-01,0.000000000000000000e+00,0.000000000000000000e+00
5.082862313071573324e-01,0.000000000000000000e+00,0.000000000000000000e+00
5.093816757711814303e-01,0.000000000000000000e+00,0.000000000000000000e+00
5.104771202352054171e-01,0.000000000000000000e+00,0.000000000000000000e+00
5.115725646992295150e-01,0.000000000000000000e+00,0.000000000000000000e+00
5.126680091632535019e-01,0.000000000000000000e+00,0.000000000000000000e+00
5.137634536272775998e-01,0.000000000000000000e+00,0.000000000000000000e+00
5.148588980913015867e-01,0.000000000000000000e+00,0.000000000000000000e+00
5.159543425553256846e-01,0.000000000000000000e+00,0.000000000000000000e+00
5.170497870193496714e-01,0.000000000000000000e+00,0.000000000000000000e+00
5.181452314833737693e-01,0.000000000000000000e+00,0.000000000000000000e+00
5.192406759473978672e-01,0.000000000000000000e+00,0.000000000000000000e+00
5.203361204114218541e-01,0.000000000000000000e+00,0.000000000000000000e+00
5.214315648754458410e-01,0.000000000000000000e+00,0.000000000000000000e+00
5.225270093394699389e-01,0.000000000000000000e+00,0.000000000000000000e+00
5.236224538034940368e-01,0.000000000000000000e+00,0.000000000000000000e+00
5.247178982675180237e-01,0.000000000000000000e+00,0.000000000000000000e+00
5.258133427315420105e-01,0.000000000000000000e+00,0.000000000000000000e+00
5.269087871955661084e-01,0.000000000000000000e+00,0.000000000000000000e+00
5.280042316595902063e-01,0.000000000000000000e+00,0.000000000000000000e+00
5.290996761236141932e-01,0.000000000000000000e+00,0.000000000000000000e+00
5.301951205876382911e-01,0.000000000000000000e+00,0.000000000000000000e+00
5.312905650516622780e-01,0.000000000000000000e+00,0.000000000000000000e+00
5.323860095156863759e-01,0.000000000000000000e+00,0.000000000000000000e+00
5.334814539797103627e-01,0.000000000000000000e+00,0.000000000000000000e+00
5.345768984437344606e-01,0.000000000000000000e+00,0.000000000000000000e+00
5.356723429077584475e-01,0.000000000000000000e+00,0.000000000000000000e+00
5.367677873717825454e-01,0.000000000000000000e+00,0.000000000000000000e+00
5.378632318358066433e-01,0.000000000000000000e+00,0.000000000000000000e+00
5.389586762998306302e-01,0.000000000000000000e+00,0.000000000000000000e+00
5.400541207638546171e-01,0.000000000000000000e+00,0.000000000000000000e+00
5.411495652278787150e-01,0.000000000000000000e+00,0.000000000000000000e+00
5.422450096919028129e-01,0.000000000000000000e+00,0.000000000000000000e+00
5.433404541559267997e-01,0.000000000000000000e+00,0.000000000000000000e+00
5.444358986199507866e-01,0.000000000000000000e+00,0.000000000000000000e+00
5.455313430839749955e-01,0.000000000000000000e+00,0.000000000000000000e+00
5.466267875479989824e-01,0.000000000000000000e+00,0.000000000000000000e+00
5.477222320120229693e-01,0.000000000000000000e+00,0.000000000000000000e+00
5.488176764760470672e-01,0.000000000000000000e+00,0.000000000000000000e+00
5.499131209400710540e-01,0.000000000000000000e+00,0.000000000000000000e+00
5.510085654040951519e-01,0.000000000000000000e+00,0.000000000000000000e+00
5.521040098681191388e-01,0.000000000000000000e+00,0.000000000000000000e+00
5.531994543321432367e-01,0.000000000000000000e+00,0.000000000000000000e+00
5.542948987961672236e-01,0.000000000000000000e+00,0.000000000000000000e+00
5.553903432601913215e-01,0.000000000000000000e+00,0.000000000000000000e+00
5.564857877242154194e-01,0.000000000000000000e+00,0.000000000000000000e+00
5.575812321882394063e-01,0.000000000000000000e+00,0.000000000000000000e+00
5.586766766522633931e-01,0.000000000000000000e+00,0.000000000000000000e+00
5.597721211162874910e-01,0.000000000000000000e+00,0.000000000000000000e+00
5.608675655803115889e-01,0.000000000000000000e+00,0.000000000000000000e+00
5.619630100443355758e-01,0.000000000000000000e+00,0.000000000000000000e+00
5.630584545083595627e-01,0.000000000000000000e+00,0.000000000000000000e+00
5.641538989723837716e-01,0.000000000000000000e+00,0.000000000000000000e+00
5.652493434364077585e-01,0.000000000000000000e+00,0.000000000000000000e+00
5.663447879004317453e-01,0.000000000000000000e+00,0.000000000000000000e+00
5.674402323644558432e-01,0.000000000000000000e+00,0.000000000000000000e+00
5.685356768284799411e-01,0.000000000000000000e+00,0.000000000000000000e+00
5.696311212925039280e-01,0.000000000000000000e+00,0.000000000000000000e+00
5.707265657565279149e-01,0.000000000000000000e+00,0.000000000000000000e+00
5.718220102205520128e-01,0.000000000000000000e+00,0.000000000000000000e+00
5.729174546845761107e-01,0.000000000000000000e+00,0.000000000000000000e+00
5.740128991486000976e-01,0.000000000000000000e+00,0.000000000000000000e+00
5.751083436126241955e-01,0.000000000000000000e+00,0.000000000000000000e+00
5.762037880766481823e-01,0.000000000000000000e+00,0.000000000000000000e+00
5.772992325406721692e-01,0.000000000000000000e+00,0.000000000000000000e+00
5.783946770046962671e-01,0.000000000000000000e+00,0.000000000000000000e+00
5.794901214687203650e-01,0.000000000000000000e+00,0.000000000000000000e+00
5.805855659327443519e-01,0.000000000000000000e+00,0.000000000000000000e+00
5.816810103967683387e-01,0.000000000000000000e+00,0.000000000000000000e+00
5.827764548607925477e-01,0.000000000000000000e+00,0.000000000000000000e+00
5.838718993248165345e-01,0.000000000000000000e+00,0.000000000000000000e+00
5.849673437888405214e-01,0.000000000000000000e+00,0.000000000000000000e+00
5.860627882528646193e-01,0.000000000000000000e+00,0.000000000000000000e+00
5.871582327168887172e-01,0.000000000000000000e+00,0.000000000000000000e+00
5.882536771809127041e-01,0.000000000000000000e+00,0.000000000000000000e+00
5.893491216449366910e-01,0.000000000000000000e+00,0.000000000000000000e+00
5.904445661089607889e-01,0.000000000000000000e+00,0.000000000000000000e+00
5.915400105729848867e-01,0.000000000000000000e+00,0.000000000000000000e+00
5.926354550370088736e-01,0.000000000000000000e+00,0.000000000000000000e+00
5.937308995010329715e-01,0.000000000000000000e+00,0.000000000000000000e+00
5.948263439650569584e-01,0.000000000000000000e+00,0.000000000000000000e+00
5.959217884290810563e-01,0.000000000000000000e+00,0.000000000000000000e+00
5.970172328931050432e-01,0.000000000000000000e+00,0.000000000000000000e+00
5.981126773571291411e-01,0.000000000000000000e+00,0.000000000000000000e+00
5.992081218211531279e-01,0.000000000000000000e+00,0.000000000000000000e+00
6.003035662851772258e-01,0.000000000000000000e+00,0.000000000000000000e+00
6.013990107492013237e-01,0.000000000000000000e+00,0.000000000000000000e+00
6.024944552132253106e-01,0.000000000000000000e+00,0.000000000000000000e+00
6.035898996772492975e-01,0.000000000000000000e+00,0.000000000000000000e+00
6.046853441412733954e-01,0.000000000000000000e+00,0.000000000000000000e+00
6.057807886052974933e-01,0.000000000000000000e+00,0.000000000000000000e+00
6.068762330693214802e-01,0.000000000000000000e+00,0.000000000000000000e+00
6.079716775333454670e-01,0.000000000000000000e+00,0.000000000000000000e+00
6.090671219973695649e-01,0.000000000000000000e+00,0.000000000000000000e+00
6.101625664613936628e-01,0.000000000000000000e+00,0.000000000000000000e+00
6.112580109254176497e-01,0.000000000000000000e+00,0.000000000000000000e+00
6.123534553894417476e-01,0.000000000000000000e+00,0.000000000000000000e+00
6.134488998534657345e-01,0.000000000000000000e+00,0.000000000000000000e+00
6.145443443174898324e-01,0.000000000000000000e+00,0.000000000000000000e+00
6.156397887815138192e-01,0.000000000000000000e+00,0.000000000000000000e+00
6.167352332455379171e-01,0.000000000000000000e+00,0.000000000000000000e+00
6.178306777095619040e-01,0.000000000000000000e+00,0.000000000000000000e+00
6.189261221735860019e-01,0.000000000000000000e+00,0.000000000000000000e+00
6.200215666376100998e-01,0.000000000000000000e+00,0.000000000000000000e+00
6.211170111016340867e-01,0.000000000000000000e+00,0.000000000000000000e+00
6.222124555656580736e-01,0.000000000000000000e+00,0.000000000000000000e+00
6.233079000296821714e-01,0.000000000000000000e+00,0.000000000000000000e+00
6.244033444937062693e-01,0.000000000000000000e+00,0.000000000000000000e+00
6.254987889577302562e-01,0.000000000000000000e+00,0.000000000000000000e+00
6.265942334217542431e-01,0.000000000000000000e+00,0.000000000000000000e+00
6.276896778857784520e-01,0.000000000000000000e+00,0.000000000000000000e+00
6.287851223498024389e-01,0.000000000000000000e+00,0.000000000000000000e+00
6.298805668138264258e-01,0.000000000000000000e+00,0.000000000000000000e+00
6.309760112778505237e-01,0.000000000000000000e+00,0.000000000000000000e+00
6.320714557418745105e-01,0.000000000000000000e+00,0.000000000000000000e+00
6.331669002058986084e-01,0.000000000000000000e+00,0.000000000000000000e+00
6.342623446699225953e-01,0.000000000000000000e+00,0.000000000000000000e+00
6.353577891339466932e-01,0.000000000000000000e+00,0.000000000000000000e+00
6.364532335979706801e-01,0.000000000000000000e+00,0.000000000000000000e+00
6.375486780619947780e-01,0.000000000000000000e+00,0.000000000000000000e+00
6.386441225260188759e-01,0.000000000000000000e+00,0.000000000000000000e+00
6.397395669900428627e-01,0.000000000000000000e+00,0.000000000000000000e+00
6.408350114540668496e-01,0.000000000000000000e+00,0.000000000000000000e+00
6.419304559180909475e-01,0.000000000000000000e+00,0.000000000000000000e+00
6.430259003821150454e-01,0.000000000000000000e+00,0.000000000000000000e+00
6.441213448461390323e-01,0.000000000000000000e+00,0.000000000000000000e+00
6.452167893101630192e-01,0.000000000000000000e+00,0.000000000000000000e+00
6.463122337741872281e-01,0.000000000000000000e+00,0.000000000000000000e+00
6.474076782382112150e-01,0.000000000000000000e+00,0.000000000000000000e+00
6.485031227022352018e-01,0.000000000000000000e+00,0.000000000000000000e+00
6.495985671662591887e-01,0.000000000000000000e+00,0.000000000000000000e+00
6.506940116302833976e-01,0.000000000000000000e+00,0.000000000000000000e+00
6.517894560943073845e-01,0.000000000000000000e+00,0.000000000000000000e+00
6.528849005583313714e-01,0.000000000000000000e+00,0.000000000000000000e+00
6.539803450223554693e-01,0.000000000000000000e+00,0.000000000000000000e+00
6.550757894863795672e-01,0.000000000000000000e+00,0.000000000000000000e+00
6.561712339504035540e-01,0.000000000000000000e+00,0.000000000000000000e+00
6.572666784144276519e-01,0.000000000000000000e+00,0.000000000000000000e+00
6.583621228784516388e-01,0.000000000000000000e+00,0.000000000000000000e+00
6.594575673424756257e-01,0.000000000000000000e+00,0.000000000000000000e+00
6.605530118064997236e-01,0.000000000000000000e+00,0.000000000000000000e+00
6.616484562705238215e-01,0.000000000000000000e+00,0.000000000000000000e+00
6.627439007345478084e-01,0.000000000000000000e+00,0.000000000000000000e+00
6.638393451985717952e-01,0.000000000000000000e+00,0.000000000000000000e+00
6.649347896625960042e-01,0.000000000000000000e+00,0.000000000000000000e+00
6.660302341266199910e-01,0.000000000000000000e+00,0.000000000000000000e+00
6.671256785906439779e-01,0.000000000000000000e+00,0.000000000000000000e+00
6.682211230546679648e-01,0.000000000000000000e+00,0.000000000000000000e+00
6.693165675186921737e-01,0.000000000000000000e+00,0.000000000000000000e+00
6.704120119827161606e-01,0.000000000000000000e+00,0.000000000000000000e+00
6.715074564467401474e-01,0.000000000000000000e+00,0.000000000000000000e+00
6.726029009107642453e-01,0.000000000000000000e+00,0.000000000000000000e+00
6.736983453747883432e-01,0.000000000000000000e+00,0.000000000000000000e+00
6.747937898388123301e-01,0.000000000000000000e+00,0.000000000000000000e+00
6.758892343028363170e-01,0.000000000000000000e+00,0.000000000000000000e+00
6.769846787668604149e-01,0.000000000000000000e+00,0.000000000000000000e+00
6.780801232308845128e-01,0.000000000000000000e+00,0.000000000000000000e+00
6.791755676949084997e-01,0.000000000000000000e+00,0.000000000000000000e+00
6.802710121589325976e-01,0.000000000000000000e+00,0.000000000000000000e+00
6.813664566229565844e-01,0.000000000000000000e+00,0.000000000000000000e+00
6.824619010869806823e-01,0.000000000000000000e+00,0.000000000000000000e+00
6.835573455510046692e-01,0.000000000000000000e+00,0.000000000000000000e+00
6.846527900150287671e-01,0.000000000000000000e+00,0.000000000000000000e+00
6.857482344790527540e-01,0.000000000000000000e+00,0.000000000000000000e+00
6.868436789430767409e-01,0.000000000000000000e+00,0.000000000000000000e+00
6.879391234071009498e-01,0.000000000000000000e+00,0.000000000000000000e+00
6.890345678711249366e-01,0.000000000000000000e+00,0.000000000000000000e+00
6.901300123351489235e-01,0.000000000000000000e+00,0.000000000000000000e+00
6.912254567991730214e-01,0.000000000000000000e+00,0.000000000000000000e+00
6.923209012631971193e-01,0.000000000000000000e+00,0.000000000000000000e+00
6.934163457272211062e-01,0.000000000000000000e+00,0.000000000000000000e+00
6.945117901912450931e-01,0.000000000000000000e+00,0.000000000000000000e+00
6.956072346552691910e-01,0.000000000000000000e+00,0.000000000000000000e+00
6.967026791192932889e-01,0.000000000000000000e+00,0.000000000000000000e+00
6.977981235833172757e-01,0.000000000000000000e+00,0.000000000000000000e+00
6.988935680473413736e-01,0.000000000000000000e+00,0.000000000000000000e+00
6.999890125113653605e-01,0.000000000000000000e+00,0.000000000000000000e+00
7.010844569753894584e-01,0.000000000000000000e+00,0.000000000000000000e+00
7.021799014394134453e-01,0.000000000000000000e+00,0.000000000000000000e+00
7.032753459034375432e-01,0.000000000000000000e+00,0.000000000000000000e+00
7.043707903674615300e-01,0.000000000000000000e+00,0.000000000000000000e+00
7.054662348314856279e-01,0.000000000000000000e+00,0.000000000000000000e+00
7.065616792955097258e-01,0.000000000000000000e+00,0.000000000000000000e+00
7.076571237595337127e-01,0.000000000000000000e+00,0.000000000000000000e+00
7.087525682235576996e-01,0.000000000000000000e+00,0.000000000000000000e+00
7.098480126875817975e-01,0.000000000000000000e+00,0.000000000000000000e+00
7.109434571516058954e-01,0.000000000000000000e+00,0.000000000000000000e+00
7.120389016156298823e-01,0.000000000000000000e+00,0.000000000000000000e+00
7.131343460796538691e-01,0.000000000000000000e+00,0.000000000000000000e+00
7.142297905436779670e-01,0.000000000000000000e+00,0.000000000000000000e+00
7.153252350077020649e-01,0.000000000000000000e+00,0.000000000000000000e+00
7.164206794717260518e-01,0.000000000000000000e+00,0.000000000000000000e+00
7.175161239357501497e-01,0.000000000000000000e+00,0.000000000000000000e+00
7.186115683997741366e-01,0.000000000000000000e+00,0.000000000000000000e+00
7.197070128637982345e-01,0.000000000000000000e+00,0.000000000000000000e+00
7.208024573278222213e-01,0.000000000000000000e+00,0.000000000000000000e+00
7.218979017918463192e-01,0.000000000000000000e+00,0.000000000000000000e+00
7.229933462558703061e-01,0.000000000000000000e+00,0.000000000000000000e+00
7.240887907198944040e-01,0.000000000000000000e+00,0.000000000000000000e+00
7.251842351839185019e-01,0.000000000000000000e+00,0.000000000000000000e+00
7.262796796479424888e-01,0.000000000000000000e+00,0.000000000000000000e+00
7.273751241119664757e-01,0.000000000000000000e+00,0.000000000000000000e+00
7.284705685759905736e-01,0.000000000000000000e+00,0.000000000000000000e+00
7.295660130400146715e-01,0.000000000000000000e+00,0.000000000000000000e+00
7.306614575040386583e-01,0.000000000000000000e+00,0.000000000000000000e+00
7.317569019680626452e-01,0.000000000000000000e+00,0.000000000000000000e+00
7.328523464320868541e-01,0.000000000000000000e+00,0.000000000000000000e+00
7.339477908961108410e-01,0.000000000000000000e+00,0.000000000000000000e+00
7.350432353601348279e-01,0.000000000000000000e+00,0.000000000000000000e+00
7.361386798241589258e-01,0.000000000000000000e+00,0.000000000000000000e+00
7.372341242881830237e-01,0.000000000000000000e+00,0.000000000000000000e+00
7.383295687522070105e-01,0.000000000000000000e+00,0.000000000000000000e+00
7.394250132162309974e-01,0.000000000000000000e+00,0.000000000000000000e+00
7.405204576802550953e-01,0.000000000000000000e+00,0.000000000000000000e+00
7.416159021442790822e-01,0.000000000000000000e+00,0.000000000000000000e+00
7.427113466083031801e-01,0.000000000000000000e+00,0.000000000000000000e+00
7.438067910723272780e-01,0.000000000000000000e+00,0.000000000000000000e+00
7.449022355363512649e-01,0.000000000000000000e+00,0.000000000000000000e+00
7.459976800003752517e-01,0.000000000000000000e+00,0.000000000000000000e+00
7.470931244643993496e-01,0.000000000000000000e+00,0.000000000000000000e+00
7.481885689284234475e-01,0.000000000000000000e+00,0.000000000000000000e+00
7.492840133924474344e-01,0.000000000000000000e+00,0.000000000000000000e+00
7.503794578564714213e-01,0.000000000000000000e+00,0.000000000000000000e+00
7.514749023204956302e-01,0.000000000000000000e+00,0.000000000000000000e+00
7.525703467845196171e-01,0.000000000000000000e+00,0.000000000000000000e+00
7.536657912485436039e-01,0.000000000000000000e+00,0.000000000000000000e+00
7.547612357125677018e-01,0.000000000000000000e+00,0.000000000000000000e+00
7.558566801765917997e-01,0.000000000000000000e+00,0.000000000000000000e+00
7.569521246406157866e-01,0.000000000000000000e+00,0.000000000000000000e+00
7.580475691046397735e-01,0.000000000000000000e+00,0.000000000000000000e+00
7.591430135686638714e-01,0.000000000000000000e+00,0.000000000000000000e+00
7.602384580326879693e-01,0.000000000000000000e+00,0.000000000000000000e+00
7.613339024967119562e-01,0.000000000000000000e+00,0.000000000000000000e+00
7.624293469607360541e-01,0.000000000000000000e+00,0.000000000000000000e+00
7.635247914247600409e-01,0.000000000000000000e+00,0.000000000000000000e+00
7.646202358887841388e-01,0.000000000000000000e+00,0.000000000000000000e+00
7.657156803528081257e-01,0.000000000000000000e+00,0.000000000000000000e+00
7.668111248168322236e-01,0.000000000000000000e+00,0.000000000000000000e+00
7.679065692808562105e-01,0.000000000000000000e+00,0.000000000000000000e+00
7.690020137448801973e-01,0.000000000000000000e+00,0.000000000000000000e+00
7.700974582089044063e-01,0.000000000000000000e+00,0.000000000000000000e+00
7.711929026729283931e-01,0.000000000000000000e+00,0.000000000000000000e+00
7.722883471369523800e-01,0.000000000000000000e+00,0.000000000000000000e+00
7.733837916009764779e-01,0.000000000000000000e+00,0.000000000000000000e+00
7.744792360650005758e-01,0.000000000000000000e+00,0.000000000000000000e+00
7.755746805290245627e-01,0.000000000000000000e+00,0.000000000000000000e+00
7.766701249930485496e-01,0.000000000000000000e+00,0.000000000000000000e+00
7.777655694570726475e-01,0.000000000000000000e+00,0.000000000000000000e+00
7.788610139210967453e-01,0.000000000000000000e+00,0.000000000000000000e+00
7.799564583851207322e-01,0.000000000000000000e+00,0.000000000000000000e+00
7.810519028491448301e-01,0.000000000000000000e+00,0.000000000000000000e+00
7.821473473131688170e-01,0.000000000000000000e+00,0.000000000000000000e+00
7.832427917771929149e-01,0.000000000000000000e+00,0.000000000000000000e+00
7.843382362412169018e-01,0.000000000000000000e+00,0.000000000000000000e+00
7.854336807052409997e-01,0.000000000000000000e+00,0.000000000000000000e+00
7.865291251692649865e-01,0.000000000000000000e+00,0.000000000000000000e+00
7.876245696332890844e-01,0.000000000000000000e+00,0.000000000000000000e+00
7.887200140973131823e-01,0.000000000000000000e+00,0.000000000000000000e+00
7.898154585613371692e-01,0.000000000000000000e+00,0.000000000000000000e+00
7.909109030253611561e-01,0.000000000000000000e+00,0.000000000000000000e+00
7.920063474893852540e-01,0.000000000000000000e+00,0.000000000000000000e+00
7.931017919534093519e-01,0.000000000000000000e+00,0.000000000000000000e+00
7.941972364174333388e-01,0.000000000000000000e+00,0.000000000000000000e+00
7.952926808814573256e-01,0.000000000000000000e+00,0.000000000000000000e+00
7.963881253454814235e-01,0.000000000000000000e+00,0.000000000000000000e+00
7.974835698095055214e-01,0.000000000000000000e+00,0.000000000000000000e+00
7.985790142735295083e-01,0.000000000000000000e+00,0.000000000000000000e+00
7.996744587375536062e-01,0.000000000000000000e+00,0.000000000000000000e+00
8.007699032015775931e-01,0.000000000000000000e+00,0.000000000000000000e+00
8.018653476656016910e-01,0.000000000000000000e+00,0.000000000000000000e+00
8.029607921296256778e-01,0.000000000000000000e+00,0.000000000000000000e+00
8.040562365936497757e-01,0.000000000000000000e+00,0.000000000000000000e+00
8.051516810576737626e-01,0.000000000000000000e+00,0.000000000000000000e+00
8.062471255216978605e-01,0.000000000000000000e+00,0.000000000000000000e+00
8.073425699857219584e-01,0.000000000000000000e+00,0.000000000000000000e+00
8.084380144497459453e-01,0.000000000000000000e+00,0.000000000000000000e+00
8.095334589137699322e-01,0.000000000000000000e+00,0.000000000000000000e+00
8.106289033777940300e-01,0.000000000000000000e+00,0.000000000000000000e+00
8.117243478418181279e-01,0.000000000000000000e+00,0.000000000000000000e+00
8.128197923058421148e-01,0.000000000000000000e+00,0.000000000000000000e+00
8.139152367698661017e-01,0.000000000000000000e+00,0.000000000000000000e+00
8.150106812338903106e-01,0.000000000000000000e+00,0.000000000000000000e+00
8.161061256979142975e-01,0.000000000000000000e+00,0.000000000000000000e+00
8.172015701619382844e-01,0.000000000000000000e+00,0.000000000000000000e+00
8.182970146259623823e-01,0.000000000000000000e+00,0.000000000000000000e+00
8.193924590899864802e-01,0.000000000000000000e+00,0.000000000000000000e+00
8.204879035540104670e-01,0.000000000000000000e+00,0.000000000000000000e+00
8.215833480180344539e-01,0.000000000000000000e+00,0.000000000000000000e+00
8.226787924820585518e-01,0.000000000000000000e+00,0.000000000000000000e+00
8.237742369460825387e-01,0.000000000000000000e+00,0.000000000000000000e+00
8.248696814101066366e-01,0.000000000000000000e+00,0.000000000000000000e+00
8.259651258741307345e-01,0.000000000000000000e+00,0.000000000000000000e+00
8.270605703381547213e-01,0.000000000000000000e+00,0.000000000000000000e+00
8.281560148021787082e-01,0.000000000000000000e+00,0.000000000000000000e+00
8.292514592662028061e-01,0.000000000000000000e+00,0.000000000000000000e+00
8.303469037302269040e-01,0.000000000000000000e+00,0.000000000000000000e+00
8.314423481942508909e-01,0.000000000000000000e+00,0.000000000000000000e+00
8.325377926582748778e-01,0.000000000000000000e+00,0.000000000000000000e+00
8.336332371222990867e-01,0.000000000000000000e+00,0.000000000000000000e+00
8.347286815863230736e-01,0.000000000000000000e+00,0.000000000000000000e+00
8.358241260503470604e-01,0.000000000000000000e+00,0.000000000000000000e+00
8.369195705143711583e-01,0.000000000000000000e+00,0.000000000000000000e+00
8.380150149783952562e-01,0.000000000000000000e+00,0.000000000000000000e+00
8.391104594424192431e-01,0.000000000000000000e+00,0.000000000000000000e+00
8.402059039064432300e-01,0.000000000000000000e+00,0.000000000000000000e+00
8.413013483704673279e-01,0.000000000000000000e+00,0.000000000000000000e+00
8.423967928344914258e-01,0.000000000000000000e+00,0.000000000000000000e+00
8.434922372985154126e-01,0.000000000000000000e+00,0.000000000000000000e+00
8.445876817625395105e-01,0.000000000000000000e+00,0.000000000000000000e+00
8.456831262265634974e-01,0.000000000000000000e+00,0.000000000000000000e+00
8.467785706905875953e-01,0.000000000000000000e+00,0.000000000000000000e+00
8.478740151546115822e-01,0.000000000000000000e+00,0.000000000000000000e+00
8.489694596186356801e-01,0.000000000000000000e+00,0.000000000000000000e+00
8.500649040826596670e-01,0.000000000000000000e+00,0.000000000000000000e+00
8.511603485466836538e-01,0.000000000000000000e+00,0.000000000000000000e+00
8.522557930107078628e-01,0.000000000000000000e+00,0.000000000000000000e+00
8.533512374747318496e-01,0.000000000000000000e+00,0.000000000000000000e+00
8.544466819387558365e-01,0.000000000000000000e+00,0.000000000000000000e+00
8.555421264027798234e-01,0.000000000000000000e+00,0.000000000000000000e+00
8.566375708668040323e-01,0.000000000000000000e+00,0.000000000000000000e+00
8.577330153308280192e-01,0.000000000000000000e+00,0.000000000000000000e+00
8.588284597948520060e-01,0.000000000000000000e+00,0.000000000000000000e+00
8.599239042588761039e-01,0.000000000000000000e+00,0.000000000000000000e+00
8.610193487229002018e-01,0.000000000000000000e+00,0.000000000000000000e+00
8.621147931869241887e-01,0.000000000000000000e+00,0.000000000000000000e+00
8.632102376509482866e-01,0.000000000000000000e+00,0.000000000000000000e+00
8.643056821149722735e-01,0.000000000000000000e+00,0.000000000000000000e+00
8.654011265789963714e-01,0.000000000000000000e+00,0.000000000000000000e+00
8.664965710430203583e-01,0.000000000000000000e+00,0.000000000000000000e+00
8.675920155070444562e-01,0.000000000000000000e+00,0.000000000000000000e+00
8.686874599710684430e-01,0.000000000000000000e+00,0.000000000000000000e+00
8.697829044350925409e-01,0.000000000000000000e+00,0.000000000000000000e+00
8.708783488991166388e-01,0.000000000000000000e+00,0.000000000000000000e+00
8.719737933631406257e-01,0.000000000000000000e+00,0.000000000000000000e+00
8.730692378271646126e-01,0.000000000000000000e+00,0.000000000000000000e+00
8.741646822911887105e-01,0.000000000000000000e+00,0.000000000000000000e+00
8.752601267552128084e-01,0.000000000000000000e+00,0.000000000000000000e+00
8.763555712192367952e-01,0.000000000000000000e+00,0.000000000000000000e+00
8.774510156832607821e-01,0.000000000000000000e+00,0.000000000000000000e+00
8.785464601472848800e-01,0.000000000000000000e+00,0.000000000000000000e+00
8.796419046113088669e-01,0.000000000000000000e+00,0.000000000000000000e+00
8.807373490753328538e-01,0.000000000000000000e+00,0.000000000000000000e+00
8.818327935393570627e-01,0.000000000000000000e+00,0.000000000000000000e+00
8.829282380033811606e-01,0.000000000000000000e+00,0.000000000000000000e+00
8.840236824674051475e-01,0.000000000000000000e+00,0.000000000000000000e+00
8.851191269314291343e-01,0.000000000000000000e+00,0.000000000000000000e+00
8.862145713954532322e-01,0.000000000000000000e+00,0.000000000000000000e+00
8.873100158594772191e-01,0.000000000000000000e+00,0.000000000000000000e+00
8.884054603235012060e-01,0.000000000000000000e+00,0.000000000000000000e+00
8.895009047875253039e-01,0.000000000000000000e+00,0.000000000000000000e+00
8.905963492515495128e-01,0.000000000000000000e+00,0.000000000000000000e+00
8.916917937155734997e-01,0.000000000000000000e+00,0.000000000000000000e+00
8.927872381795974865e-01,0.000000000000000000e+00,0.000000000000000000e+00
8.938826826436215844e-01,0.000000000000000000e+00,0.000000000000000000e+00
8.949781271076455713e-01,0.000000000000000000e+00,0.000000000000000000e+00
8.960735715716695582e-01,0.000000000000000000e+00,0.000000000000000000e+00
8.971690160356936561e-01,0.000000000000000000e+00,0.000000000000000000e+00
8.982644604997176430e-01,0.000000000000000000e+00,0.000000000000000000e+00
8.993599049637418519e-01,0.000000000000000000e+00,0.000000000000000000e+00
9.004553494277658388e-01,0.000000000000000000e+00,0.000000000000000000e+00
9.015507938917899367e-01,0.000000000000000000e+00,0.000000000000000000e+00
9.026462383558139235e-01,0.000000000000000000e+00,0.000000000000000000e+00
9.037416828198379104e-01,0.000000000000000000e+00,0.000000000000000000e+00
9.048371272838620083e-01,0.000000000000000000e+00,0.000000000000000000e+00
9.059325717478859952e-01,0.000000000000000000e+00,0.000000000000000000e+00
9.070280162119099820e-01,0.000000000000000000e+00,0.000000000000000000e+00
9.081234606759340799e-01,0.000000000000000000e+00,0.000000000000000000e+00
9.092189051399582889e-01,0.000000000000000000e+00,0.000000000000000000e+00
9.103143496039822757e-01,0.000000000000000000e+00,0.000000000000000000e+00
9.114097940680062626e-01,0.000000000000000000e+00,0.000000000000000000e+00
9.125052385320303605e-01,0.000000000000000000e+00,0.000000000000000000e+00
9.136006829960543474e-01,0.000000000000000000e+00,0.000000000000000000e+00
9.146961274600783343e-01,0.000000000000000000e+00,0.000000000000000000e+00
9.157915719241024322e-01,0.000000000000000000e+00,0.000000000000000000e+00
9.168870163881264190e-01,0.000000000000000000e+00,0.000000000000000000e+00
9.179824608521506280e-01,0.000000000000000000e+00,0.000000000000000000e+00
9.190779053161746148e-01,0.000000000000000000e+00,0.000000000000000000e+00
9.201733497801987127e-01,0.000000000000000000e+00,0.000000000000000000e+00
9.212687942442226996e-01,0.000000000000000000e+00,0.000000000000000000e+00
9.223642387082466865e-01,0.000000000000000000e+00,0.000000000000000000e+00
9.234596831722707844e-01,0.000000000000000000e+00,0.000000000000000000e+00
9.245551276362947712e-01,0.000000000000000000e+00,0.000000000000000000e+00
9.256505721003187581e-01,0.000000000000000000e+00,0.000000000000000000e+00
9.267460165643429670e-01,0.000000000000000000e+00,0.000000000000000000e+00
9.278414610283670649e-01,0.000000000000000000e+00,0.000000000000000000e+00
9.289369054923910518e-01,0.000000000000000000e+00,0.000000000000000000e+00
9.300323499564150387e-01,0.000000000000000000e+00,0.000000000000000000e+00
9.311277944204391366e-01,0.000000000000000000e+00,0.000000000000000000e+00
9.322232388844631235e-01,0.000000000000000000e+00,0.000000000000000000e+00
9.333186833484871103e-01,0.000000000000000000e+00,0.000000000000000000e+00
9.344141278125112082e-01,0.000000000000000000e+00,0.000000000000000000e+00
9.355095722765351951e-01,0.000000000000000000e+00,0.000000000000000000e+00
9.366050167405594040e-01,0.000000000000000000e+00,0.000000000000000000e+00
9.377004612045833909e-01,0.000000000000000000e+00,0.000000000000000000e+00
9.387959056686074888e-01,0.000000000000000000e+00,0.000000000000000000e+00
9.398913501326314757e-01,0.000000000000000000e+00,0.000000000000000000e+00
9.409867945966554625e-01,0.000000000000000000e+00,0.000000000000000000e+00
9.420822390606795604e-01,0.000000000000000000e+00,0.000000000000000000e+00
9.431776835247035473e-01,0.000000000000000000e+00,0.000000000000000000e+00
9.442731279887275342e-01,0.000000000000000000e+00,0.000000000000000000e+00
9.453685724527517431e-01,0.000000000000000000e+00,0.000000000000000000e+00
9.464640169167758410e-01,0.000000000000000000e+00,0.000000000000000000e+00
9.475594613807998279e-01,0.000000000000000000e+00,0.000000000000000000e+00
9.486549058448238148e-01,0.000000000000000000e+00,0.000000000000000000e+00
9.497503503088479127e-01,0.000000000000000000e+00,0.000000000000000000e+00
9.508457947728718995e-01,0.000000000000000000e+00,0.000000000000000000e+00
9.519412392368958864e-01,0.000000000000000000e+00,0.000000000000000000e+00
9.530366837009199843e-01,0.000000000000000000e+00,0.000000000000000000e+00
9.541321281649441932e-01,0.000000000000000000e+00,0.000000000000000000e+00
9.552275726289681801e-01,0.000000000000000000e+00,0.000000000000000000e+00
9.563230170929921670e-01,0.000000000000000000e+00,0.000000000000000000e+00
9.574184615570162649e-01,0.000000000000000000e+00,0.000000000000000000e+00
9.585139060210402517e-01,0.000000000000000000e+00,0.000000000000000000e+00
9.596093504850642386e-01,0.000000000000000000e+00,0.000000000000000000e+00
9.607047949490883365e-01,0.000000000000000000e+00,0.000000000000000000e+00
9.618002394131123234e-01,0.000000000000000000e+00,0.000000000000000000e+00
9.628956838771363103e-01,0.000000000000000000e+00,0.000000000000000000e+00
9.639911283411605192e-01,0.000000000000000000e+00,0.000000000000000000e+00
9.650865728051846171e-01,0.000000000000000000e+00,0.000000000000000000e+00
9.661820172692086039e-01,0.000000000000000000e+00,0.000000000000000000e+00
9.672774617332325908e-01,0.000000000000000000e+00,0.000000000000000000e+00
9.683729061972566887e-01,0.000000000000000000e+00,0.000000000000000000e+00
9.694683506612806756e-01,0.000000000000000000e+00,0.000000000000000000e+00
9.705637951253046625e-01,0.000000000000000000e+00,0.000000000000000000e+00
9.716592395893287604e-01,0.000000000000000000e+00,0.000000000000000000e+00
9.727546840533529693e-01,0.000000000000000000e+00,0.000000000000000000e+00
9.738501285173769562e-01,0.000000000000000000e+00,0.000000000000000000e+00
9.749455729814009430e-01,0.000000000000000000e+00,0.000000000000000000e+00
9.760410174454250409e-01,0.000000000000000000e+00,0.000000000000000000e+00
9.771364619094490278e-01,0.000000000000000000e+00,0.000000000000000000e+00
9.782319063734730147e-01,0.000000000000000000e+00,0.000000000000000000e+00
9.793273508374971126e-01,0.000000000000000000e+00,0.000000000000000000e+00
9.804227953015210995e-01,0.000000000000000000e+00,0.000000000000000000e+00
9.815182397655453084e-01,0.000000000000000000e+00,0.000000000000000000e+00
9.826136842295692952e-01,0.000000000000000000e+00,0.000000000000000000e+00
9.837091286935933931e-01,0.000000000000000000e+00,0.000000000000000000e+00
9.848045731576173800e-01,0.000000000000000000e+00,0.000000000000000000e+00
9.859000176216413669e-01,0.000000000000000000e+00,0.000000000000000000e+00
9.869954620856654648e-01,0.000000000000000000e+00,0.000000000000000000e+00
9.880909065496894517e-01,0.000000000000000000e+00,0.000000000000000000e+00
9.891863510137134385e-01,0.000000000000000000e+00,0.000000000000000000e+00
9.902817954777375364e-01,0.000000000000000000e+00,0.000000000000000000e+00
9.913772399417617454e-01,0.000000000000000000e+00,0.000000000000000000e+00
9.924726844057857322e-01,0.000000000000000000e+00,0.000000000000000000e+00
9.935681288698097191e-01,0.000000000000000000e+00,0.000000000000000000e+00
9.946635733338338170e-01,0.000000000000000000e+00,0.000000000000000000e+00
9.957590177978578039e-01,0.000000000000000000e+00,0.000000000000000000e+00
9.968544622618817908e-01,0.000000000000000000e+00,0.000000000000000000e+00
9.979499067259058886e-01,0.000000000000000000e+00,0.000000000000000000e+00
9.990453511899298755e-01,0.000000000000000000e+00,0.000000000000000000e+00
1.000140795653954084e+00,0.000000000000000000e+00,0.000000000000000000e+00
1.001236240117978182e+00,0.000000000000000000e+00,0.000000000000000000e+00
1.002331684582002058e+00,0.000000000000000000e+00,0.000000000000000000e+00
1.003427129046026156e+00,0.000000000000000000e+00,0.000000000000000000e+00
1.004522573510050254e+00,0.000000000000000000e+00,0.000000000000000000e+00
1.005618017974074130e+00,0.000000000000000000e+00,0.000000000000000000e+00
1.006713462438098228e+00,0.000000000000000000e+00,0.000000000000000000e+00
1.007808906902122326e+00,0.000000000000000000e+00,0.000000000000000000e+00
1.008904351366146424e+00,0.000000000000000000e+00,0.000000000000000000e+00
1.009999795830170521e+00,0.000000000000000000e+00,0.000000000000000000e+00
1.011095240294194397e+00,0.000000000000000000e+00,0.000000000000000000e+00
1.012190684758218495e+00,0.000000000000000000e+00,0.000000000000000000e+00
1.013286129222242593e+00,0.000000000000000000e+00,0.000000000000000000e+00
1.014381573686266469e+00,0.000000000000000000e+00,0.000000000000000000e+00
1.015477018150290567e+00,0.000000000000000000e+00,0.000000000000000000e+00
1.016572462614314665e+00,0.000000000000000000e+00,0.000000000000000000e+00
1.017667907078338541e+00,0.000000000000000000e+00,0.000000000000000000e+00
1.018763351542362861e+00,0.000000000000000000e+00,0.000000000000000000e+00
1.019858796006386958e+00,0.000000000000000000e+00,0.000000000000000000e+00
1.020954240470410834e+00,0.000000000000000000e+00,0.000000000000000000e+00
1.022049684934434932e+00,0.000000000000000000e+00,0.000000000000000000e+00
1.023145129398459030e+00,0.000000000000000000e+00,0.000000000000000000e+00
1.024240573862482906e+00,0.000000000000000000e+00,0.000000000000000000e+00
1.025336018326507004e+00,0.000000000000000000e+00,0.000000000000000000e+00
1.026431462790531102e+00,0.000000000000000000e+00,0.000000000000000000e+00
1.027526907254555200e+00,0.000000000000000000e+00,0.000000000000000000e+00
1.028622351718579297e+00,0.000000000000000000e+00,0.000000000000000000e+00
1.029717796182603173e+00,0.000000000000000000e+00,0.000000000000000000e+00
1.030813240646627271e+00,0.000000000000000000e+00,0.000000000000000000e+00
1.031908685110651369e+00,0.000000000000000000e+00,0.000000000000000000e+00
1.033004129574675245e+00,0.000000000000000000e+00,0.000000000000000000e+00
1.034099574038699343e+00,0.000000000000000000e+00,0.000000000000000000e+00
1.035195018502723441e+00,0.000000000000000000e+00,0.000000000000000000e+00
1.036290462966747539e+00,0.000000000000000000e+00,0.000000000000000000e+00
1.037385907430771637e+00,0.000000000000000000e+00,0.000000000000000000e+00
1.038481351894795734e+00,0.000000000000000000e+00,0.000000000000000000e+00
1.039576796358819610e+00,0.000000000000000000e+00,0.000000000000000000e+00
1.040672240822843708e+00,0.000000000000000000e+00,0.000000000000000000e+00
1.041767685286867806e+00,0.000000000000000000e+00,0.000000000000000000e+00
1.042863129750891682e+00,0.000000000000000000e+00,0.000000000000000000e+00
1.043958574214915780e+00,0.000000000000000000e+00,0.000000000000000000e+00
1.045054018678939878e+00,0.000000000000000000e+00,0.000000000000000000e+00
1.046149463142963976e+00,0.000000000000000000e+00,0.000000000000000000e+00
1.047244907606988074e+00,0.000000000000000000e+00,0.000000000000000000e+00
1.048340352071011949e+00,0.000000000000000000e+00,0.000000000000000000e+00
1.049435796535036047e+00,0.000000000000000000e+00,0.000000000000000000e+00
1.050531240999060145e+00,0.000000000000000000e+00,0.000000000000000000e+00
1.051626685463084021e+00,0.000000000000000000e+00,0.000000000000000000e+00
1.052722129927108119e+00,0.000000000000000000e+00,0.000000000000000000e+00
1.053817574391132217e+00,0.000000000000000000e+00,0.000000000000000000e+00
1.054913018855156315e+00,0.000000000000000000e+00,0.000000000000000000e+00
1.056008463319180413e+00,0.000000000000000000e+00,0.000000000000000000e+00
1.057103907783204511e+00,0.000000000000000000e+00,0.000000000000000000e+00
1.058199352247228386e+00,0.000000000000000000e+00,0.000000000000000000e+00
1.059294796711252484e+00,0.000000000000000000e+00,0.000000000000000000e+00
1.060390241175276582e+00,0.000000000000000000e+00,0.000000000000000000e+00
1.061485685639300458e+00,0.000000000000000000e+00,0.000000000000000000e+00
1.062581130103324556e+00,0.000000000000000000e+00,0.000000000000000000e+00
1.063676574567348654e+00,0.000000000000000000e+00,0.000000000000000000e+00
1.064772019031372752e+00,0.000000000000000000e+00,0.000000000000000000e+00
1.065867463495396850e+00,0.000000000000000000e+00,0.000000000000000000e+00
1.066962907959420725e+00,0.000000000000000000e+00,0.000000000000000000e+00
1.068058352423444823e+00,0.000000000000000000e+00,0.000000000000000000e+00
1.069153796887468921e+00,0.000000000000000000e+00,0.000000000000000000e+00
1.070249241351492797e+00,0.000000000000000000e+00,0.000000000000000000e+00
1.071344685815516895e+00,0.000000000000000000e+00,0.000000000000000000e+00
1.072440130279540993e+00,0.000000000000000000e+00,0.000000000000000000e+00
1.073535574743565091e+00,0.000000000000000000e+00,0.000000000000000000e+00
1.074631019207589189e+00,0.000000000000000000e+00,0.000000000000000000e+00
1.075726463671613287e+00,0.000000000000000000e+00,0.000000000000000000e+00
1.076821908135637162e+00,0.000000000000000000e+00,0.000000000000000000e+00
1.077917352599661260e+00,0.000000000000000000e+00,0.000000000000000000e+00
1.079012797063685358e+00,0.000000000000000000e+00,0.000000000000000000e+00
1.080108241527709234e+00,0.000000000000000000e+00,0.000000000000000000e+00
1.081203685991733332e+00,0.000000000000000000e+00,0.000000000000000000e+00
1.082299130455757430e+00,0.000000000000000000e+00,0.000000000000000000e+00
1.083394574919781528e+00,0.000000000000000000e+00,0.000000000000000000e+00
1.084490019383805626e+00,0.000000000000000000e+00,0.000000000000000000e+00
1.085585463847829502e+00,0.000000000000000000e+00,0.000000000000000000e+00
1.086680908311853599e+00,0.000000000000000000e+00,0.000000000000000000e+00
1.087776352775877697e+00,0.000000000000000000e+00,0.000000000000000000e+00
1.088871797239901573e+00,0.000000000000000000e+00,0.000000000000000000e+00
1.089967241703925671e+00,0.000000000000000000e+00,0.000000000000000000e+00
1.091062686167949991e+00,0.000000000000000000e+00,0.000000000000000000e+00
1.092158130631973867e+00,0.000000000000000000e+00,0.000000000000000000e+00
1.093253575095997965e+00,0.000000000000000000e+00,0.000000000000000000e+00
1.094349019560022063e+00,0.000000000000000000e+00,0.000000000000000000e+00
1.095444464024045939e+00,0.000000000000000000e+00,0.000000000000000000e+00
1.096539908488070036e+00,0.000000000000000000e+00,0.000000000000000000e+00
1.097635352952094134e+00,0.000000000000000000e+00,0.000000000000000000e+00
1.098730797416118010e+00,0.000000000000000000e+00,0.000000000000000000e+00
1.099826241880142108e+00,0.000000000000000000e+00,0.000000000000000000e+00
1.100921686344166206e+00,0.000000000000000000e+00,0.000000000000000000e+00
1.102017130808190304e+00,0.000000000000000000e+00,0.000000000000000000e+00
1.103112575272214402e+00,0.000000000000000000e+00,0.000000000000000000e+00
1.104208019736238278e+00,0.000000000000000000e+00,0.000000000000000000e+00
1.105303464200262376e+00,0.000000000000000000e+00,0.000000000000000000e+00
1.106398908664286473e+00,0.000000000000000000e+00,0.000000000000000000e+00
1.107494353128310349e+00,0.000000000000000000e+00,0.000000000000000000e+00
1.108589797592334447e+00,0.000000000000000000e+00,0.000000000000000000e+00
1.109685242056358767e+00,0.000000000000000000e+00,0.000000000000000000e+00
1.110780686520382643e+00,0.000000000000000000e+00,0.000000000000000000e+00
1.111876130984406741e+00,0.000000000000000000e+00,0.000000000000000000e+00
1.112971575448430839e+00,0.000000000000000000e+00,0.000000000000000000e+00
1.114067019912454715e+00,0.000000000000000000e+00,0.000000000000000000e+00
1.115162464376478813e+00,0.000000000000000000e+00,0.000000000000000000e+00
1.116257908840502910e+00,0.000000000000000000e+00,0.000000000000000000e+00
1.117353353304526786e+00,0.000000000000000000e+00,0.000000000000000000e+00
1.118448797768551106e+00,0.000000000000000000e+00,0.000000000000000000e+00
1.119544242232574982e+00,0.000000000000000000e+00,0.000000000000000000e+00
1.120639686696599080e+00,0.000000000000000000e+00,0.000000000000000000e+00
1.121735131160623178e+00,0.000000000000000000e+00,0.000000000000000000e+00
1.122830575624647054e+00,0.000000000000000000e+00,0.000000000000000000e+00
1.123926020088671152e+00,0.000000000000000000e+00,0.000000000000000000e+00
1.125021464552695249e+00,0.000000000000000000e+00,0.000000000000000000e+00
1.126116909016719125e+00,0.000000000000000000e+00,0.000000000000000000e+00
1.127212353480743223e+00,0.000000000000000000e+00,0.000000000000000000e+00
1.128307797944767543e+00,0.000000000000000000e+00,0.000000000000000000e+00
1.129403242408791419e+00,0.000000000000000000e+00,0.000000000000000000e+00
1.130498686872815517e+00,0.000000000000000000e+00,0.000000000000000000e+00
1.131594131336839615e+00,0.000000000000000000e+00,0.000000000000000000e+00
1.132689575800863491e+00,0.000000000000000000e+00,0.000000000000000000e+00
1.133785020264887589e+00,0.000000000000000000e+00,0.000000000000000000e+00
1.134880464728911686e+00,0.000000000000000000e+00,0.000000000000000000e+00
1.135975909192935562e+00,0.000000000000000000e+00,0.000000000000000000e+00
1.137071353656959882e+00,0.000000000000000000e+00,0.000000000000000000e+00
1.138166798120983758e+00,0.000000000000000000e+00,0.000000000000000000e+00
1.139262242585007856e+00,0.000000000000000000e+00,0.000000000000000000e+00
1.140357687049031954e+00,0.000000000000000000e+00,0.000000000000000000e+00
1.141453131513055830e+00,0.000000000000000000e+00,0.000000000000000000e+00
1.142548575977079928e+00,0.000000000000000000e+00,0.000000000000000000e+00
1.143644020441104026e+00,0.000000000000000000e+00,0.000000000000000000e+00
1.144739464905127901e+00,0.000000000000000000e+00,0.000000000000000000e+00
1.145834909369152221e+00,0.000000000000000000e+00,0.000000000000000000e+00
1.146930353833176319e+00,0.000000000000000000e+00,0.000000000000000000e+00
1.148025798297200195e+00,0.000000000000000000e+00,0.000000000000000000e+00
1.149121242761224293e+00,0.000000000000000000e+00,0.000000000000000000e+00
1.150216687225248391e+00,0.000000000000000000e+00,0.000000000000000000e+00
1.151312131689272267e+00,0.000000000000000000e+00,0.000000000000000000e+00
1.152407576153296365e+00,0.000000000000000000e+00,0.000000000000000000e+00
1.153503020617320463e+00,0.000000000000000000e+00,0.000000000000000000e+00
1.154598465081344338e+00,0.000000000000000000e+00,0.000000000000000000e+00
1.155693909545368658e+00,0.000000000000000000e+00,0.000000000000000000e+00
1.156789354009392534e+00,0.000000000000000000e+00,0.000000000000000000e+00
1.157884798473416632e+00,0.000000000000000000e+00,0.000000000000000000e+00
1.158980242937440730e+00,0.000000000000000000e+00,0.000000000000000000e+00
1.160075687401464606e+00,0.000000000000000000e+00,0.000000000000000000e+00
1.161171131865488704e+00,0.000000000000000000e+00,0.000000000000000000e+00
1.162266576329512802e+00,0.000000000000000000e+00,0.000000000000000000e+00
1.163362020793536677e+00,0.000000000000000000e+00,0.000000000000000000e+00
1.164457465257560997e+00,0.000000000000000000e+00,0.000000000000000000e+00
1.165552909721585095e+00,0.000000000000000000e+00,0.000000000000000000e+00
1.166648354185608971e+00,0.000000000000000000e+00,0.000000000000000000e+00
1.167743798649633069e+00,0.000000000000000000e+00,0.000000000000000000e+00
1.168839243113657167e+00,0.000000000000000000e+00,0.000000000000000000e+00
1.169934687577681043e+00,0.000000000000000000e+00,0.000000000000000000e+00
1.171030132041705141e+00,0.000000000000000000e+00,0.000000000000000000e+00
1.172125576505729239e+00,0.000000000000000000e+00,0.000000000000000000e+00
1.173221020969753337e+00,0.000000000000000000e+00,0.000000000000000000e+00
1.174316465433777434e+00,0.000000000000000000e+00,0.000000000000000000e+00
1.175411909897801310e+00,0.000000000000000000e+00,0.000000000000000000e+00
1.176507354361825408e+00,0.000000000000000000e+00,0.000000000000000000e+00
1.177602798825849506e+00,0.000000000000000000e+00,0.000000000000000000e+00
1.178698243289873382e+00,0.000000000000000000e+00,0.000000000000000000e+00
1.179793687753897480e+00,0.000000000000000000e+00,0.000000000000000000e+00
1.180889132217921578e+00,0.000000000000000000e+00,0.000000000000000000e+00
1.181984576681945454e+00,0.000000000000000000e+00,0.000000000000000000e+00
1.183080021145969773e+00,0.000000000000000000e+00,0.000000000000000000e+00
1.184175465609993871e+00,0.000000000000000000e+00,0.000000000000000000e+00
1.185270910074017747e+00,0.000000000000000000e+00,0.000000000000000000e+00
1.186366354538041845e+00,0.000000000000000000e+00,0.000000000000000000e+00
1.187461799002065943e+00,0.000000000000000000e+00,0.000000000000000000e+00
1.188557243466089819e+00,0.000000000000000000e+00,0.000000000000000000e+00
1.189652687930113917e+00,0.000000000000000000e+00,0.000000000000000000e+00
1.190748132394138015e+00,0.000000000000000000e+00,0.000000000000000000e+00
1.191843576858162113e+00,0.000000000000000000e+00,0.000000000000000000e+00
1.192939021322186210e+00,0.000000000000000000e+00,0.000000000000000000e+00
1.194034465786210086e+00,0.000000000000000000e+00,0.000000000000000000e+00
1.195129910250234184e+00,0.000000000000000000e+00,0.000000000000000000e+00
1.196225354714258282e+00,0.000000000000000000e+00,0.000000000000000000e+00
1.197320799178282158e+00,0.000000000000000000e+00,0.000000000000000000e+00
1.198416243642306256e+00,0.000000000000000000e+00,0.000000000000000000e+00
1.199511688106330354e+00,0.000000000000000000e+00,0.000000000000000000e+00
1.200607132570354452e+00,0.000000000000000000e+00,0.000000000000000000e+00
1.201702577034378550e+00,0.000000000000000000e+00,0.000000000000000000e+00
1.202798021498402647e+00,0.000000000000000000e+00,0.000000000000000000e+00
1.203893465962426523e+00,0.000000000000000000e+00,0.000000000000000000e+00
1.204988910426450621e+00,0.000000000000000000e+00,0.000000000000000000e+00
1.206084354890474719e+00,0.000000000000000000e+00,0.000000000000000000e+00
1.207179799354498595e+00,0.000000000000000000e+00,0.000000000000000000e+00
1.208275243818522693e+00,0.000000000000000000e+00,0.000000000000000000e+00
1.209370688282546791e+00,0.000000000000000000e+00,0.000000000000000000e+00
1.210466132746570889e+00,0.000000000000000000e+00,0.000000000000000000e+00
1.211561577210594987e+00,0.000000000000000000e+00,0.000000000000000000e+00
1.212657021674618862e+00,0.000000000000000000e+00,0.000000000000000000e+00
1.213752466138642960e+00,0.000000000000000000e+00,0.000000000000000000e+00
1.214847910602667058e+00,0.000000000000000000e+00,0.000000000000000000e+00
1.215943355066690934e+00,0.000000000000000000e+00,0.000000000000000000e+00
1.217038799530715032e+00,0.000000000000000000e+00,0.000000000000000000e+00
1.218134243994739130e+00,0.000000000000000000e+00,0.000000000000000000e+00
1.219229688458763228e+00,0.000000000000000000e+00,0.000000000000000000e+00
1.220325132922787326e+00,0.000000000000000000e+00,0.000000000000000000e+00
1.221420577386811424e+00,0.000000000000000000e+00,0.000000000000000000e+00
1.222516021850835299e+00,0.000000000000000000e+00,0.000000000000000000e+00
1.223611466314859397e+00,0.000000000000000000e+00,0.000000000000000000e+00
1.224706910778883495e+00,0.000000000000000000e+00,0.000000000000000000e+00
1.225802355242907371e+00,0.000000000000000000e+00,0.000000000000000000e+00
1.226897799706931469e+00,0.000000000000000000e+00,0.000000000000000000e+00
1.227993244170955567e+00,0.000000000000000000e+00,0.000000000000000000e+00
1.229088688634979665e+00,0.000000000000000000e+00,0.000000000000000000e+00
1.230184133099003763e+00,0.000000000000000000e+00,0.000000000000000000e+00
1.231279577563027638e+00,0.000000000000000000e+00,0.000000000000000000e+00
1.232375022027051736e+00,0.000000000000000000e+00,0.000000000000000000e+00
1.233470466491075834e+00,0.000000000000000000e+00,0.000000000000000000e+00
1.234565910955099710e+00,0.000000000000000000e+00,0.000000000000000000e+00
1.235661355419123808e+00,0.000000000000000000e+00,0.000000000000000000e+00
1.236756799883147906e+00,0.000000000000000000e+00,0.000000000000000000e+00
1.237852244347172004e+00,0.000000000000000000e+00,0.000000000000000000e+00
1.238947688811196102e+00,0.000000000000000000e+00,0.000000000000000000e+00
1.240043133275220200e+00,0.000000000000000000e+00,0.000000000000000000e+00
1.241138577739244075e+00,0.000000000000000000e+00,0.000000000000000000e+00
1.242234022203268173e+00,0.000000000000000000e+00,0.000000000000000000e+00
1.243329466667292271e+00,0.000000000000000000e+00,0.000000000000000000e+00
1.244424911131316147e+00,0.000000000000000000e+00,0.000000000000000000e+00
1.245520355595340245e+00,0.000000000000000000e+00,0.000000000000000000e+00
1.246615800059364343e+00,0.000000000000000000e+00,0.000000000000000000e+00
1.247711244523388441e+00,0.000000000000000000e+00,0.000000000000000000e+00
1.248806688987412539e+00,0.000000000000000000e+00,0.000000000000000000e+00
1.249902133451436415e+00,0.000000000000000000e+00,0.000000000000000000e+00
1.250997577915460512e+00,0.000000000000000000e+00,0.000000000000000000e+00
1.252093022379484610e+00,0.000000000000000000e+00,0.000000000000000000e+00
1.253188466843508486e+00,0.000000000000000000e+00,0.000000000000000000e+00
1.254283911307532584e+00,0.000000000000000000e+00,0.000000000000000000e+00
1.255379355771556904e+00,0.000000000000000000e+00,0.000000000000000000e+00
1.256474800235580780e+00,0.000000000000000000e+00,0.000000000000000000e+00
1.257570244699604878e+00,0.000000000000000000e+00,0.000000000000000000e+00
1.258665689163628976e+00,0.000000000000000000e+00,0.000000000000000000e+00
1.259761133627652852e+00,0.000000000000000000e+00,0.000000000000000000e+00
1.260856578091676949e+00,0.000000000000000000e+00,0.000000000000000000e+00
1.261952022555701047e+00,0.000000000000000000e+00,0.000000000000000000e+00
1.263047467019724923e+00,0.000000000000000000e+00,0.000000000000000000e+00
1.264142911483749021e+00,0.000000000000000000e+00,0.000000000000000000e+00
1.265238355947773119e+00,0.000000000000000000e+00,0.000000000000000000e+00
1.266333800411797217e+00,0.000000000000000000e+00,0.000000000000000000e+00
1.267429244875821315e+00,0.000000000000000000e+00,0.000000000000000000e+00
1.268524689339845191e+00,0.000000000000000000e+00,0.000000000000000000e+00
1.269620133803869289e+00,0.000000000000000000e+00,0.000000000000000000e+00
1.270715578267893386e+00,0.000000000000000000e+00,0.000000000000000000e+00
1.271811022731917262e+00,0.000000000000000000e+00,0.000000000000000000e+00
1.272906467195941360e+00,0.000000000000000000e+00,0.000000000000000000e+00
1.274001911659965680e+00,0.000000000000000000e+00,0.000000000000000000e+00
1.275097356123989556e+00,0.000000000000000000e+00,0.000000000000000000e+00
1.276192800588013654e+00,0.000000000000000000e+00,0.000000000000000000e+00
1.277288245052037752e+00,0.000000000000000000e+00,0.000000000000000000e+00
1.278383689516061628e+00,0.000000000000000000e+00,0.000000000000000000e+00
1.279479133980085725e+00,0.000000000000000000e+00,0.000000000000000000e+00
1.280574578444109823e+00,0.000000000000000000e+00,0.000000000000000000e+00
1.281670022908133699e+00,0.000000000000000000e+00,0.000000000000000000e+00
1.282765467372158019e+00,0.000000000000000000e+00,0.000000000000000000e+00
1.283860911836181895e+00,0.000000000000000000e+00,0.000000000000000000e+00
1.284956356300205993e+00,0.000000000000000000e+00,0.000000000000000000e+00
1.286051800764230091e+00,0.000000000000000000e+00,0.000000000000000000e+00
1.287147245228253967e+00,0.000000000000000000e+00,0.000000000000000000e+00
1.288242689692278065e+00,0.000000000000000000e+00,0.000000000000000000e+00
1.289338134156302162e+00,0.000000000000000000e+00,0.000000000000000000e+00
1.290433578620326038e+00,0.000000000000000000e+00,0.000000000000000000e+00
1.291529023084350136e+00,0.000000000000000000e+00,0.000000000000000000e+00
1.292624467548374456e+00,0.000000000000000000e+00,0.000000000000000000e+00
1.293719912012398332e+00,0.000000000000000000e+00,0.000000000000000000e+00
1.294815356476422430e+00,0.000000000000000000e+00,0.000000000000000000e+00
1.295910800940446528e+00,0.000000000000000000e+00,0.000000000000000000e+00
1.297006245404470404e+00,0.000000000000000000e+00,0.000000000000000000e+00
1.298101689868494502e+00,0.000000000000000000e+00,0.000000000000000000e+00
1.299197134332518377e+00,0.000000000000000000e+00,0.000000000000000000e+00
1.300292578796542475e+00,0.000000000000000000e+00,0.000000000000000000e+00
1.301388023260566795e+00,0.000000000000000000e+00,0.000000000000000000e+00
1.302483467724590671e+00,0.000000000000000000e+00,0.000000000000000000e+00
1.303578912188614769e+00,0.000000000000000000e+00,0.000000000000000000e+00
1.304674356652638867e+00,0.000000000000000000e+00,0.000000000000000000e+00
1.305769801116662743e+00,0.000000000000000000e+00,0.000000000000000000e+00
1.306865245580686841e+00,0.000000000000000000e+00,0.000000000000000000e+00
1.307960690044710939e+00,0.000000000000000000e+00,0.000000000000000000e+00
1.309056134508734814e+00,0.000000000000000000e+00,0.000000000000000000e+00
1.310151578972759134e+00,0.000000000000000000e+00,0.000000000000000000e+00
1.311247023436783232e+00,0.000000000000000000e+00,0.000000000000000000e+00
1.312342467900807108e+00,0.000000000000000000e+00,0.000000000000000000e+00
1.313437912364831206e+00,0.000000000000000000e+00,0.000000000000000000e+00
1.314533356828855304e+00,0.000000000000000000e+00,0.000000000000000000e+00
1.315628801292879180e+00,0.000000000000000000e+00,0.000000000000000000e+00
1.316724245756903278e+00,0.000000000000000000e+00,0.000000000000000000e+00
1.317819690220927153e+00,0.000000000000000000e+00,0.000000000000000000e+00
1.318915134684951251e+00,0.000000000000000000e+00,0.000000000000000000e+00
1.320010579148975571e+00,0.000000000000000000e+00,0.000000000000000000e+00
1.321106023612999447e+00,0.000000000000000000e+00,0.000000000000000000e+00
1.322201468077023545e+00,0.000000000000000000e+00,0.000000000000000000e+00
1.323296912541047643e+00,0.000000000000000000e+00,0.000000000000000000e+00
1.324392357005071519e+00,0.000000000000000000e+00,0.000000000000000000e+00
1.325487801469095617e+00,0.000000000000000000e+00,0.000000000000000000e+00
1.326583245933119715e+00,0.000000000000000000e+00,0.000000000000000000e+00
1.327678690397143590e+00,0.000000000000000000e+00,0.000000000000000000e+00
1.328774134861167910e+00,0.000000000000000000e+00,0.000000000000000000e+00
1.329869579325192008e+00,0.000000000000000000e+00,0.000000000000000000e+00
1.330965023789215884e+00,0.000000000000000000e+00,0.000000000000000000e+00
1.332060468253239982e+00,0.000000000000000000e+00,0.000000000000000000e+00
1.333155912717263858e+00,0.000000000000000000e+00,0.000000000000000000e+00
1.334251357181287956e+00,0.000000000000000000e+00,0.000000000000000000e+00
1.335346801645312054e+00,0.000000000000000000e+00,0.000000000000000000e+00
1.336442246109335930e+00,0.000000000000000000e+00,0.000000000000000000e+00
1.337537690573360250e+00,0.000000000000000000e+00,0.000000000000000000e+00
1.338633135037384347e+00,0.000000000000000000e+00,0.000000000000000000e+00
1.339728579501408223e+00,0.000000000000000000e+00,0.000000000000000000e+00
1.340824023965432321e+00,0.000000000000000000e+00,0.000000000000000000e+00
1.341919468429456419e+00,0.000000000000000000e+00,0.000000000000000000e+00
1.343014912893480295e+00,0.000000000000000000e+00,0.000000000000000000e+00
1.344110357357504393e+00,0.000000000000000000e+00,0.000000000000000000e+00
1.345205801821528491e+00,0.000000000000000000e+00,0.000000000000000000e+00
1.346301246285552367e+00,0.000000000000000000e+00,0.000000000000000000e+00
1.347396690749576686e+00,0.000000000000000000e+00,0.000000000000000000e+00
1.348492135213600562e+00,0.000000000000000000e+00,0.000000000000000000e+00
1.349587579677624660e+00,0.000000000000000000e+00,0.000000000000000000e+00
1.350683024141648758e+00,0.000000000000000000e+00,0.000000000000000000e+00
1.351778468605672634e+00,0.000000000000000000e+00,0.000000000000000000e+00
1.352873913069696732e+00,0.000000000000000000e+00,0.000000000000000000e+00
1.353969357533720830e+00,0.000000000000000000e+00,0.000000000000000000e+00
1.355064801997744706e+00,0.000000000000000000e+00,0.000000000000000000e+00
1.356160246461769026e+00,0.000000000000000000e+00,0.000000000000000000e+00
1.357255690925793123e+00,0.000000000000000000e+00,0.000000000000000000e+00
1.358351135389816999e+00,0.000000000000000000e+00,0.000000000000000000e+00
1.359446579853841097e+00,0.000000000000000000e+00,0.000000000000000000e+00
1.360542024317865195e+00,0.000000000000000000e+00,0.000000000000000000e+00
1.361637468781889071e+00,0.000000000000000000e+00,0.000000000000000000e+00
1.362732913245913169e+00,0.000000000000000000e+00,0.000000000000000000e+00
1.363828357709937267e+00,0.000000000000000000e+00,0.000000000000000000e+00
1.364923802173961365e+00,0.000000000000000000e+00,0.000000000000000000e+00
1.366019246637985463e+00,0.000000000000000000e+00,0.000000000000000000e+00
1.367114691102009338e+00,0.000000000000000000e+00,0.000000000000000000e+00
1.368210135566033436e+00,0.000000000000000000e+00,0.000000000000000000e+00
1.369305580030057534e+00,0.000000000000000000e+00,0.000000000000000000e+00
