# omega(Hartree) S(1/Hartree) dS(1/Hartree)
1.095444464024046072e-03,5.679058224464750282e-01,2.644121850748963887e-01
2.190888928048092144e-03,5.800877276576399399e-01,2.675651220530922414e-01
3.286333392072138000e-03,5.929636728174536575e-01,2.707821605467207737e-01
4.381777856096184288e-03,6.065250762885217028e-01,2.740314874832819325e-01
5.477222320120230144e-03,6.207642347422925866e-01,2.772749599812553423e-01
6.572666784144275999e-03,6.356741416446363147e-01,2.804665732525541411e-01
7.668111248168322722e-03,6.512483269689223198e-01,2.835506405709423139e-01
8.763555712192368577e-03,6.674807154891321259e-01,2.864596555632892283e-01
9.859000176216414432e-03,6.843655014292631122e-01,2.891118324506117276e-01
1.095444464024046029e-02,7.018970375894927338e-01,2.914083370513415594e-01
1.204988910426450614e-02,7.200697373583830885e-01,2.932302679423528513e-01
1.314533356828855200e-02,7.388779882567612090e-01,2.944354910067333853e-01
1.424077803231259785e-02,7.583160758571074744e-01,2.948555185873096285e-01
1.533622249633664544e-02,7.783781170841402863e-01,2.942927077502391353e-01
1.643166696036068783e-02,7.990580020376399917e-01,2.925182039079899932e-01
1.752711142438473715e-02,8.203493435911881626e-01,2.892712064211744871e-01
1.862255588840878301e-02,8.422454341125866772e-01,2.842603952685797686e-01
1.971800035243282886e-02,8.647392087287514295e-01,2.771687302698672695e-01
2.081344481645687472e-02,8.878232146214521947e-01,2.676634513141605831e-01
2.190888928048092057e-02,9.114895858933214079e-01,2.554143755651306358e-01
2.300433374450496643e-02,9.357300235863830196e-01,2.401261432904183701e-01
2.409977820852901229e-02,9.605357804723968496e-01,2.215962629886043256e-01
2.519522267255305814e-02,9.858976502633456374e-01,1.998259550464271117e-01
2.629066713657710400e-02,1.011805960916250191e+00,1.752516068527408821e-01
2.738611160060114985e-02,1.038250571726674121e+00,1.492737894676239851e-01
2.848155606462519571e-02,1.065220873923335088e+00,1.254936003219885854e-01
2.957700052864924503e-02,1.092705794490589799e+00,1.118333412303594010e-01
3.067244499267329089e-02,1.120693802959112251e+00,1.192280026614668254e-01
3.176788945669733327e-02,1.149172920915813245e+00,1.507846599570666912e-01
3.286333392072137566e-02,1.178130733993770329e+00,2.000803219542798550e-01
3.395877838474542498e-02,1.207554406112853806e+00,2.608188452713341432e-01
3.505422284876947431e-02,1.237430695749152987e+00,3.292779379428925624e-01
3.614966731279351669e-02,1.267745974019614863e+00,4.031286620652051456e-01
3.724511177681756602e-02,1.298486244376101828e+00,4.805860115338980720e-01
3.834055624084160840e-02,1.329637163710121861e+00,5.600425956279306838e-01
3.943600070486565773e-02,1.361184064677149808e+00,6.399310927895108803e-01
4.053144516888970011e-02,1.393111979056723015e+00,7.186869294738545966e-01
4.162688963291374944e-02,1.425405661972196647e+00,7.947569962385320208e-01
4.272233409693779183e-02,1.458049616801158743e+00,8.666302717565713687e-01
4.381777856096184115e-02,1.491028120615816244e+00,9.328783013766751564e-01
4.491322302498588354e-02,1.524325250000083676e+00,9.921976772877570960e-01
4.600866748900993286e-02,1.557924907097989253e+00,1.043449980285403589e+00
4.710411195303397525e-02,1.591810845756487680e+00,1.085695595549488468e+00
4.819955641705802457e-02,1.625966697633671076e+00,1.118218937570789162e+00
4.929500088108207390e-02,1.660375998151240262e+00,1.140543785175417657e+00
5.039044534510611628e-02,1.695022212179281729e+00,1.152438277844840320e+00
5.148588980913015867e-02,1.729888759348409355e+00,1.153909779085388054e+00
5.258133427315420799e-02,1.764959038893771481e+00,1.145190720246291871e+00
5.367677873717825038e-02,1.800216453942553363e+00,1.126716789315520328e+00
5.477222320120229970e-02,1.835644435165329380e+00,1.099099378790315829e+00
5.586766766522634903e-02,1.871226463719320110e+00,1.063094381723296733e+00
5.696311212925039141e-02,1.906946093419187083e+00,1.019569195197111755e+00
5.805855659327444074e-02,1.942786972078940799e+00,9.694700506185470745e-01
5.915400105729849006e-02,1.978732861975619928e+00,9.137913809306845714e-01
6.024944552132253245e-02,2.014767659392608490e+00,8.535487089650591885e-01
6.134488998534658177e-02,2.050875413207123632e+00,7.897566588252357134e-01
6.244033444937061722e-02,2.087040342493490019e+00,7.234133344110564856e-01
6.353577891339466654e-02,2.123246853119305388e+00,6.554930394459455023e-01
6.463122337741870893e-02,2.159479553318409906e+00,5.869498386915323884e-01
6.572666784144275132e-02,2.195723268229270442e+00,5.187368216335125348e-01
6.682211230546680758e-02,2.231963053393735130e+00,4.518503304438592494e-01
6.791755676949084997e-02,2.268184207215155013e+00,3.874171151159063742e-01
6.901300123351489235e-02,2.304372282379965498e+00,3.268598568536338900e-01
7.010844569753894862e-02,2.340513096251157776e+00,2.722006441716825487e-01
7.120389016156299100e-02,2.376592740245484059e+00,2.265486106234337604e-01
7.229933462558703339e-02,2.412597588210961597e+00,1.945107948971487311e-01
7.339477908961108965e-02,2.448514303822753480e+00,1.811691228419720634e-01
7.449022355363513204e-02,2.484329847020575688e+00,1.882238823436644115e-01
7.558566801765917442e-02,2.520031479511467776e+00,2.115977355480194444e-01
7.668111248168321681e-02,2.555606769365729392e+00,2.449295406868171876e-01
7.777655694570725919e-02,2.591043594734399935e+00,2.832744182792106824e-01
7.887200140973131546e-02,2.626330146719702885e+00,3.236510906971567514e-01
7.996744587375535784e-02,2.661454931430539794e+00,3.643916079999241497e-01
8.106289033777940023e-02,2.696406771256680379e+00,4.045694824914206067e-01
8.215833480180345649e-02,2.731174805396176630e+00,4.436670218749751426e-01
8.325377926582749888e-02,2.765748489671524091e+00,4.813970902630014814e-01
8.434922372985154126e-02,2.800117595670198245e+00,5.176070414666932296e-01
8.544466819387558365e-02,2.834272209245968455e+00,5.522250984803557250e-01
8.654011265789963991e-02,2.868202728417542868e+00,5.852291425451915385e-01
8.763555712192368230e-02,2.901899860700452027e+00,6.166277817304453013e-01
8.873100158594772469e-02,2.935354619909075868e+00,6.464484102301496504e-01
8.982644604997176707e-02,2.968558322464221799e+00,6.747294565489221352e-01
9.092189051399580946e-02,3.001502583241834277e+00,7.015151975286177954e-01
9.201733497801986572e-02,3.034179310998063261e+00,7.268522465628942664e-01
9.311277944204390811e-02,3.066580703404478303e+00,7.507871185415603277e-01
9.420822390606795049e-02,3.098699241727403297e+00,7.733645552037470283e-01
9.530366837009200676e-02,3.130527685183535525e+00,7.946263537833273549e-01
9.639911283411604914e-02,3.162059065004233727e+00,8.146105608932002751e-01
9.749455729814009153e-02,3.193286678238507648e+00,8.333509199936911527e-01
9.859000176216414779e-02,3.224204081325191762e+00,8.508765045732060717e-01
9.968544622618819018e-02,3.254805083462462889e+00,8.672114796708526585e-01
1.007808906902122326e-01,3.285083739802567848e+00,8.823749480999876216e-01
1.018763351542362888e-01,3.315034344498227092e+00,8.963808645760592553e-01
1.029717796182603173e-01,3.344651423625928377e+00,9.092379837540864873e-01
1.040672240822843597e-01,3.373929728010415019e+00,9.209498409463652280e-01
1.051626685463084160e-01,3.402864225973455614e+00,9.315147410959480068e-01
1.062581130103324584e-01,3.431450096028417551e+00,9.409257514292025393e-01
1.073535574743565008e-01,3.459682719542003682e+00,9.491706989656288895e-01
1.084490019383805570e-01,3.487557673382202239e+00,9.562321635742530024e-01
1.095444464024045994e-01,3.515070722571107087e+00,9.620874618839508896e-01
1.106398908664286418e-01,3.542217812960138712e+00,9.667086315588999668e-01
1.117353353304526981e-01,3.568995063943782853e+00,9.700624046518135923e-01
1.128307797944767404e-01,3.595398761227142970e+00,9.721101879090601194e-01
1.139262242585007828e-01,3.621425349661578252e+00,9.728080340035143436e-01
1.150216687225248391e-01,3.647071426161661023e+00,9.721066424746823698e-01
1.161171131865488815e-01,3.672333732715710841e+00,9.699513398964139110e-01
1.172125576505729239e-01,3.697209149501168746e+00,9.662821262576115622e-01
1.183080021145969801e-01,3.721694688115428917e+00,9.610337259338380678e-01
1.194034465786210225e-01,3.745787484931567768e+00,9.541356988533720163e-01
1.204988910426450649e-01,3.769484794587801613e+00,9.455126230005473920e-01
1.215943355066691212e-01,3.792783983618734922e+00,9.350843564626060145e-01
1.226897799706931635e-01,3.815682524235489037e+00,9.227664162779741774e-01
1.237852244347171921e-01,3.838177988261326501e+00,9.084705102993875236e-01
1.248806688987412344e-01,3.860268041228604119e+00,8.921052571571149725e-01
1.259761133627652907e-01,3.881950436642251923e+00,8.735771561067079416e-01
1.270715578267893331e-01,3.903223010414413885e+00,8.527918885331416954e-01
1.281670022908133755e-01,3.924083675474250299e+00,8.296560516056946666e-01
1.292624467548374179e-01,3.944530416556496721e+00,8.040794860715098080e-01
1.303578912188614602e-01,3.964561285171585236e+00,7.759784151868913682e-01
1.314533356828855026e-01,3.984174394760060522e+00,7.452797369407395678e-01
1.325487801469095728e-01,4.003367916033282903e+00,7.119270236048156342e-01
1.336442246109336152e-01,4.022140072502271124e+00,6.758890659969122305e-01
1.347396690749576575e-01,4.040489136195663633e+00,6.371724252898358642e-01
1.358351135389816999e-01,4.058413423568071998e+00,5.958404907791333693e-01
1.369305580030057423e-01,4.075911291599535247e+00,5.520435144667407146e-01
1.380260024670297847e-01,4.092981134085845518e+00,5.060677884035077456e-01
1.391214469310538548e-01,4.109621378120723811e+00,4.584194840006234339e-01
1.402168913950778972e-01,4.125830480768869712e+00,4.099723723801450559e-01
1.413123358591019396e-01,4.141606925929946392e+00,3.622326117679814383e-01
1.424077803231259820e-01,4.156949221392730820e+00,3.177987888614328682e-01
1.435032247871500244e-01,4.171855896078718651e+00,2.810348643820657633e-01
1.445986692511740668e-01,4.186325497474235213e+00,2.584796781578593827e-01
1.456941137151981369e-01,4.200356589249849115e+00,2.573035297546185096e-01
1.467895581792221793e-01,4.213947749065988013e+00,2.809192955696080407e-01
1.478850026432462217e-01,4.227097566563432274e+00,3.266492589175974404e-01
1.489804471072702641e-01,4.239804641537097574e+00,3.889338274035838428e-01
1.500758915712943065e-01,4.252067582291671144e+00,4.628606149262559089e-01
1.511713360353183488e-01,4.263885004177489613e+00,5.450403868820431486e-01
1.522667804993423912e-01,4.275255528304883867e+00,6.332396228290234630e-01
1.533622249633664336e-01,4.286177780435363793e+00,7.259160424713396731e-01
1.544576694273904760e-01,4.296650390047849655e+00,8.219094373010782384e-01
1.555531138914145184e-01,4.306671989577990800e+00,9.202626348045394034e-01
1.566485583554385608e-01,4.316241213828663881e+00,1.020121124194763196e+00
1.577440028194626309e-01,4.325356699550295225e+00,1.120677005415433802e+00
1.588394472834866733e-01,4.334017085188010654e+00,1.221138146350369214e+00
1.599348917475107157e-01,4.342221010794919955e+00,1.320712054557280801e+00
1.610303362115347581e-01,4.349967118108510000e+00,1.418598900863371481e+00
1.621257806755588005e-01,4.357254050788880839e+00,1.513990369220786558e+00
1.632212251395828428e-01,4.364080454816462229e+00,1.606072636152418465e+00
1.643166696036069130e-01,4.370444979047351630e+00,1.694032139568238060e+00
1.654121140676309554e-01,4.376346275924037243e+00,1.777063465636538497e+00
1.665075585316549978e-01,4.381783002339938449e+00,1.854378732910734184e+00
1.676030029956790401e-01,4.386753820655173719e+00,1.925218002400574502e+00
1.686984474597030825e-01,4.391257399861682842e+00,1.988860251988961325e+00
1.697938919237271249e-01,4.395292416896082521e+00,2.044634646332410099e+00
1.708893363877511673e-01,4.398857558097016174e+00,2.091931565292497019e+00
1.719847808517752374e-01,4.401951520806287377e+00,2.130213201056263106e+00
1.730802253157992798e-01,4.404573015110342382e+00,2.159023330655853279e+00
1.741756697798233222e-01,4.406720765720809396e+00,2.177995836889550230e+00
1.752711142438473646e-01,4.408393513991271995e+00,2.186861965381841522e+00
1.763665587078714070e-01,4.409590020068149485e+00,2.185455796475903600e+00
1.774620031718954494e-01,4.410309065173716014e+00,2.173717959139094713e+00
1.785574476359194918e-01,4.410549454018082294e+00,2.151697339137104148e+00
1.796528920999435341e-01,4.410310017338428423e+00,2.119550768613204905e+00
1.807483365639675765e-01,4.409589614563039106e+00,2.077540626665011825e+00
1.818437810279916189e-01,4.408387136593741928e+00,2.026030515453907999e+00
1.829392254920156613e-01,4.406701508717360660e+00,1.965478999214346212e+00
1.840346699560397314e-01,4.404531693616942967e+00,1.896431687559047452e+00
1.851301144200637738e-01,4.401876694512904642e+00,1.819511870631329797e+00
1.862255588840878162e-01,4.398735558404422541e+00,1.735409944817773775e+00
1.873210033481118586e-01,4.395107379421431482e+00,1.644872053977281867e+00
1.884164478121359010e-01,4.390991302280188968e+00,1.548688123199411404e+00
1.895118922761599434e-01,4.386386525839120587e+00,1.447680005816524673e+00
1.906073367401840135e-01,4.381292306751727317e+00,1.342689763372827860e+00
1.917027812042080559e-01,4.375707963212813745e+00,1.234569097771357704e+00
1.927982256682320983e-01,4.369632878793863640e+00,1.124170137775551526e+00
1.938936701322561407e-01,4.363066506363930230e+00,1.012338974404503045e+00
1.949891145962801831e-01,4.356008372091480396e+00,8.999132845542521242e-01
1.960845590603042254e-01,4.348458079522857567e+00,7.877272533280478273e-01
1.971800035243282956e-01,4.340415313732962410e+00,6.766301129092012756e-01
1.982754479883523380e-01,4.331879845542862206e+00,5.675333179348140966e-01
1.993708924523763804e-01,4.322851535799794753e+00,4.615252916205030420e-01
2.004663369164004227e-01,4.313330339713766115e+00,3.601685394959556752e-01
2.015617813804244651e-01,4.303316311245997561e+00,2.663649002867358728e-01
2.026572258444485075e-01,4.292809607542485750e+00,1.871922106691271404e-01
2.037526703084725777e-01,4.281810493407792073e+00,1.416711403617773035e-01
2.048481147724966200e-01,4.270319345811802059e+00,1.546951449511292653e-01
2.059435592365206347e-01,4.258336658423975685e+00,2.107214346685765682e-01
2.070390037005446771e-01,4.245863046167579036e+00,2.814860968058847668e-01
2.081344481645687194e-01,4.232899249787331009e+00,3.552328207813487126e-01
2.092298926285927896e-01,4.219446140423214864e+00,4.279141638681869253e-01
2.103253370926168320e-01,4.205504724182713261e+00,4.979417028311913240e-01
2.114207815566408744e-01,4.191076146704080685e+00,5.646141347966459056e-01
2.125162260206649167e-01,4.176161697702156061e+00,6.276103615772936628e-01
2.136116704846889591e-01,4.160762815489027489e+00,6.867984637842694529e-01
2.147071149487130015e-01,4.144881091460274725e+00,7.421525467277825250e-01
2.158025594127370717e-01,4.128518274538790500e+00,7.937116660180496552e-01
2.168980038767611140e-01,4.111676275566640726e+00,8.415571112642474816e-01
2.179934483407851564e-01,4.094357171635461867e+00,8.857985632613702975e-01
2.190888928048091988e-01,4.076563210346841437e+00,9.265649153446826602e-01
2.201843372688332134e-01,4.058296813991670859e+00,9.639977829703721968e-01
2.212797817328572836e-01,4.039560583639604907e+00,9.982466760594185251e-01
2.223752261968813260e-01,4.020357303127751081e+00,1.029465313339447796e+00
2.234706706609053961e-01,4.000689942938725707e+00,1.057808734948413099e+00
2.245661151249294107e-01,3.980561663957086882e+00,1.083431037632334393e+00
2.256615595889534809e-01,3.959975821094040338e+00,1.106483599459358702e+00
2.267570040529774955e-01,3.938935966769041563e+00,1.127113702520328831e+00
2.278524485170015657e-01,3.917445854237627145e+00,1.145463480791035327e+00
2.289478929810256080e-01,3.895509440754836294e+00,1.161669146117112472e+00
2.300433374450496782e-01,3.873130890562052286e+00,1.175860443849946257e+00
2.311387819090736928e-01,3.850314577687683038e+00,1.188160297299539758e+00
2.322342263730977630e-01,3.827065088548817773e+00,1.198684605684805726e+00
2.333296708371217776e-01,3.803387224344312312e+00,1.207542179667160598e+00
2.344251153011458477e-01,3.779286003226873358e+00,1.214834772304942856e+00
2.355205597651698901e-01,3.754766662244149344e+00,1.220657192500488097e+00
2.366160042291939603e-01,3.729834659037134070e+00,1.225097482310894659e+00
2.377114486932179749e-01,3.704495673285760571e+00,1.228237140796623716e+00
2.388068931572420450e-01,3.678755607890338730e+00,1.230151375290917670e+00
2.399023376212660597e-01,3.652620589879365998e+00,1.230909378598141091e+00
2.409977820852901298e-01,3.626096971032721772e+00,1.230574610854061168e+00
2.420932265493141722e-01,3.599191328210966212e+00,1.229205087486636261e+00
2.431886710133382423e-01,3.571910463381037015e+00,1.226853659234345084e+00
2.442841154773622570e-01,3.544261403329375781e+00,1.223568285327659488e+00
2.453795599413863271e-01,3.516251399053397009e+00,1.219392286939064540e+00
2.464750044054103417e-01,3.487887924823702690e+00,1.214364586329915285e+00
2.475704488694343841e-01,3.459178676908695405e+00,1.208519922356263043e+00
2.486658933334584543e-01,3.430131571954916581e+00,1.201889042143642339e+00
2.497613377974824689e-01,3.400754745016064451e+00,1.194498867019111676e+00
2.508567822615065390e-01,3.371056547225342648e+00,1.186372631122092569e+00
2.519522267255305814e-01,3.341045543104986137e+00,1.177529990831786000e+00
2.530476711895546238e-01,3.310730507509494824e+00,1.167987102149914858e+00
2.541431156535786662e-01,3.280120422197982499e+00,1.157756667437212172e+00
2.552385601176027086e-01,3.249224472032966826e+00,1.146847948947887552e+00
2.563340045816267510e-01,3.218052040803499381e+00,1.135266745249104314e+00
2.574294490456507933e-01,3.186612706671138273e+00,1.123015332274943878e+00
2.585248935096748357e-01,3.154916237238966747e+00,1.110092363782114733e+00
2.596203379736989336e-01,3.122972584243140393e+00,1.096492732574987583e+00
2.607157824377229205e-01,3.090791877870173288e+00,1.082207384640810677e+00
2.618112269017470184e-01,3.058384420700621664e+00,1.067223089825423576e+00
2.629066713657710053e-01,3.025760681284623832e+00,1.051522158918196004e+00
2.640021158297951032e-01,2.992931287352120773e+00,1.035082112648171737e+00
2.650975602938191455e-01,2.959907018665059120e+00,1.017875288580727178e+00
2.661930047578431879e-01,2.926698799517132965e+00,9.998683937554858625e-01
2.672884492218672303e-01,2.893317690889585236e+00,9.810219936666702001e-01
2.683838936858912727e-01,2.859774882271699958e+00,9.612899380504621449e-01
2.694793381499153151e-01,2.826081683155960533e+00,9.406187231495621859e-01
2.705747826139393575e-01,2.792249514219323991e+00,9.189467940652488176e-01
2.716702270779633999e-01,2.758289898202336499e+00,8.962037924293630997e-01
2.727656715419874978e-01,2.724214450499530482e+00,8.723097590523264389e-01
2.738611160060114846e-01,2.690034869475310231e+00,8.471743178231594396e-01
2.749565604700355270e-01,2.655762926520929046e+00,8.206958621048915381e-01
2.760520049340595694e-01,2.621410455868300016e+00,7.927608068865353852e-01
2.771474493980836118e-01,2.586989344178229899e+00,7.632429751074388813e-01
2.782428938621077097e-01,2.552511519921336181e+00,7.320032396702224053e-01
2.793383383261316966e-01,2.517988942570455357e+00,6.988896157217213689e-01
2.804337827901557945e-01,2.483433591624382597e+00,6.637380964868307975e-01
2.815292272541797813e-01,2.448857455483889112e+00,6.263747361493106069e-01
2.826246717182038792e-01,2.414272520201256267e+00,5.866198197280971804e-01
2.837201161822279216e-01,2.379690758125033945e+00,5.442956683429523990e-01
2.848155606462519640e-01,2.345124116463423114e+00,4.992410054133212260e-01
2.859110051102760064e-01,2.310584505788561671e+00,4.513379212295473564e-01
2.870064495743000488e-01,2.276083788505734784e+00,4.005648432197164155e-01
2.881018940383240912e-01,2.241633767311842274e+00,3.471080787105282339e-01
2.891973385023481335e-01,2.207246173666680189e+00,2.916193154240205310e-01
2.902927829663721759e-01,2.172932656301746146e+00,2.358768418721701454e-01
2.913882274303962738e-01,2.138704769791948568e+00,1.846323093209401855e-01
2.924836718944202607e-01,2.104573963213595800e+00,1.501450967998661234e-01
2.935791163584443586e-01,2.070551568914154927e+00,1.532826485985283316e-01
2.946745608224683455e-01,2.036648791418464111e+00,1.994539026456078334e-01
2.957700052864924434e-01,2.002876696494098496e+00,2.730385499593691589e-01
2.968654497505164858e-01,1.969246200403013347e+00,3.622002536214239954e-01
2.979608942145405281e-01,1.935768059358694559e+00,4.617461889950144616e-01
2.990563386785645705e-01,1.902452859215985725e+00,5.692660064836145839e-01
3.001517831425886129e-01,1.869311005413469839e+00,6.832966767324241131e-01
3.012472276066126553e-01,1.836352713191583330e+00,8.026255138426307001e-01
3.023426720706366977e-01,1.803587998106886969e+00,9.259995220330505816e-01
3.034381165346607401e-01,1.771026666862933530e+00,1.051986350123390812e+00
3.045335609986847825e-01,1.738678308477739076e+00,1.178901626168872285e+00
3.056290054627088248e-01,1.706552285805710945e+00,1.304773552278958970e+00
3.067244499267328672e-01,1.674657727431140275e+00,1.427335461208275813e+00
3.078198943907569096e-01,1.643003519951101499e+00,1.544044613760595652e+00
3.089153388547809520e-01,1.611598300661122751e+00,1.652128167341218923e+00
3.100107833188050499e-01,1.580450450658736683e+00,1.748657723387817553e+00
3.111062277828290368e-01,1.549568088377955899e+00,1.830652954936558663e+00
3.122016722468531347e-01,1.518959063564774281e+00,1.895212687746637537e+00
3.132971167108771215e-01,1.488630951705857797e+00,1.939669431068144823e+00
3.143925611749012194e-01,1.458591048916849209e+00,1.961759838905207998e+00
3.154880056389252618e-01,1.428846367300404374e+00,1.959800565427235242e+00
3.165834501029493042e-01,1.399403630777503516e+00,1.932855852361362592e+00
3.176788945669733466e-01,1.370269271398391053e+00,1.880881358418674099e+00
3.187743390309973890e-01,1.341449426136161582e+00,1.804828050479167834e+00
3.198697834950214314e-01,1.312949934163717858e+00,1.706691754883755241e+00
3.209652279590454738e-01,1.284776334616106075e+00,1.589497691621724496e+00
3.220606724230695161e-01,1.256933864836631054e+00,1.457215653601774852e+00
3.231561168870936140e-01,1.229427459103972886e+00,1.314609641734671097e+00
3.242515613511176009e-01,1.202261747837841455e+00,1.167034236708470507e+00
3.253470058151416988e-01,1.175441057277804902e+00,1.020196637798591821e+00
3.264424502791656857e-01,1.148969409628216809e+00,8.799022471885364904e-01
3.275378947431897836e-01,1.122850523669314704e+00,7.517832947472027350e-01
3.286333392072138260e-01,1.097087815790338095e+00,6.409588495017612964e-01
3.297287836712378128e-01,1.071684401522987384e+00,5.514941443236854868e-01
3.308242281352619107e-01,1.046643097445442372e+00,4.855241544013220167e-01
3.319196725992858976e-01,1.021966423536458501e+00,4.422543268153080187e-01
3.330151170633099955e-01,9.976566059294845745e-01,4.177112647495106468e-01
3.341105615273339824e-01,9.737155800602322886e-01,4.059789767581625242e-01
3.352060059913580803e-01,9.501449941919547504e-01,4.012132799295488050e-01
3.363014504553821227e-01,9.269462133059762632e-01,3.990185054081766824e-01
3.373968949194061651e-01,9.041203233386945204e-01,3.967352730761629087e-01
3.384923393834302074e-01,8.816681357512059503e-01,3.930935411712478400e-01
3.395877838474542498e-01,8.595901924133284577e-01,3.877247856411581983e-01
3.406832283114782922e-01,8.378867707856376690e-01,3.807580431341398008e-01
3.417786727755023346e-01,8.165578893807783345e-01,3.725448769229308676e-01
3.428741172395263770e-01,7.956033134877672497e-01,3.634928425044722800e-01
3.439695617035504749e-01,7.750225611392541625e-01,3.539753257905873252e-01
3.450650061675744618e-01,7.548149093047465952e-01,3.442906886611907802e-01
3.461604506315985597e-01,7.349794002907436008e-01,3.346514280491740823e-01
3.472558950956225465e-01,7.155148483291891015e-01,3.251904706848792181e-01
3.483513395596466444e-01,6.964198463368351799e-01,3.159761633692469429e-01
3.494467840236706868e-01,6.776927728255025540e-01,3.070303996562776527e-01
3.505422284876947292e-01,6.593317989465107276e-01,2.983462477218137288e-01
3.516376729517187716e-01,6.413348956506451648e-01,2.899028579473292844e-01
3.527331174157428140e-01,6.236998409460742243e-01,2.816765501785374326e-01
3.538285618797668564e-01,6.064242272369680942e-01,2.736478610345233209e-01
3.549240063437908987e-01,5.895054687253200587e-01,2.658049578333147589e-01
3.560194508078149411e-01,5.729408088603348270e-01,2.581441937547285237e-01
3.571148952718389835e-01,5.567273278178808127e-01,2.506687191244219570e-01
3.582103397358630259e-01,5.408619499957152410e-01,2.433860325602825447e-01
3.593057841998870683e-01,5.253414515081301639e-01,2.363052163244333259e-01
3.604012286639111107e-01,5.101624676663429891e-01,2.294344081818982806e-01
3.614966731279351531e-01,4.953215004298520685e-01,2.227788590978584116e-01
3.625921175919592510e-01,4.808149258158384010e-01,2.163397402821281290e-01
3.636875620559832378e-01,4.666390012533528919e-01,2.101137111829829429e-01
3.647830065200073357e-01,4.527898728705437303e-01,2.040931502805709563e-01
3.658784509840313226e-01,4.392635827028747997e-01,1.982668844180464351e-01
3.669738954480554205e-01,4.260560758121045288e-01,1.926212261829620687e-01
3.680693399120794629e-01,4.131632073043086661e-01,1.871411349010610736e-01
3.691647843761035053e-01,4.005807492400103587e-01,1.818113453458194140e-01
3.702602288401275477e-01,3.883043974239307472e-01,1.766173491181556587e-01
3.713556733041515900e-01,3.763297780697160144e-01,1.715461578211615323e-01
3.724511177681756324e-01,3.646524543289646481e-01,1.665868178439078862e-01
3.735465622321996748e-01,3.532679326800042818e-01,1.617306796108337330e-01
3.746420066962237172e-01,3.421716691682759048e-01,1.569714477719070245e-01
3.757374511602478151e-01,3.313590754936802663e-01,1.523050531015587572e-01
3.768328956242718020e-01,3.208255249392357178e-01,1.477293931160140461e-01
3.779283400882958999e-01,3.105663581371230775e-01,1.432439884410874054e-01
3.790237845523198867e-01,3.005768886677055995e-01,1.388495976961658940e-01
3.801192290163439846e-01,2.908524084882763150e-01,1.345478268350512596e-01
3.812146734803680270e-01,2.813881931890824806e-01,1.303407609059313299e-01
3.823101179443920694e-01,2.721795070740579692e-01,1.262306380892067870e-01
3.834055624084161118e-01,2.632216080641086586e-01,1.222195783517307510e-01
3.845010068724400987e-01,2.545097524231044184e-01,1.183093725372946770e-01
3.855964513364641966e-01,2.460391993040451919e-01,1.145013324055504100e-01
3.866918958004882390e-01,2.378052151160677530e-01,1.107961980912899186e-01
3.877873402645122813e-01,2.298030777123902524e-01,1.071940966272924844e-01
3.888827847285363237e-01,2.220280803992068785e-01,1.036945434340317967e-01
3.899782291925603661e-01,2.144755357664984152e-01,1.002964778691769199e-01
3.910736736565844085e-01,2.071407793422816446e-01,9.699832386658044370e-02
3.921691181206084509e-01,2.000191730714390992e-01,9.379806719794391012e-02
3.932645625846324933e-01,1.931061086214909683e-01,9.069334178980958949e-02
3.943600070486565912e-01,1.863970105164394209e-01,8.768151866977752507e-02
3.954554515126805780e-01,1.798873391023657342e-01,8.475979237094277696e-02
3.965508959767046759e-01,1.735725933464326298e-01,8.192526088518231608e-02
3.976463404407286628e-01,1.674483134725825995e-01,7.917499644937929515e-02
3.987417849047527607e-01,1.615100834369637695e-01,7.650610551667098858e-02
3.998372293687768031e-01,1.557535332462075817e-01,7.391577717673615544e-02
4.009326738328008455e-01,1.501743411220515523e-01,7.140132003003836492e-02
4.020281182968248879e-01,1.447682355159886913e-01,6.896018809044150710e-02
4.031235627608489303e-01,1.395309969772344783e-01,6.658999669910126151e-02
4.042190072248729726e-01,1.344584598784574203e-01,6.428852969748920232e-02
4.053144516888970150e-01,1.295465140023647765e-01,6.205373924910873723e-02
4.064098961529210574e-01,1.247911059937912431e-01,5.988373974183786724e-02
4.075053406169451553e-01,1.201882406809513248e-01,5.777679716660846787e-02
4.086007850809691422e-01,1.157339822703411097e-01,5.573131527576307559e-02
4.096962295449932401e-01,1.114244554185570557e-01,5.374581969223981431e-02
4.107916740090172270e-01,1.072558461864140666e-01,5.181894098735920912e-02
4.118871184730412693e-01,1.032244028783063372e-01,4.994939757894243521e-02
4.129825629370653672e-01,9.932643677195623910e-02,4.813597913764489783e-02
4.140780074010893541e-01,9.555832274219110134e-02,4.637753103030549384e-02
4.151734518651134520e-01,9.191649978271629329e-02,4.467294018393191957e-02
4.162688963291374389e-01,8.839747143074913605e-02,4.302112262396987075e-02
4.173643407931615368e-01,8.499780609742728366e-02,4.142101282714765603e-02
4.184597852571855792e-01,8.171413731000524983e-02,3.987155493604173373e-02
4.195552297212096216e-01,7.854316386641527203e-02,3.837169580322031398e-02
4.206506741852336639e-01,7.548164991095160370e-02,3.692037977692969042e-02
4.217461186492577063e-01,7.252642492964941900e-02,3.551654509101917490e-02
4.228415631132817487e-01,6.967438367359528317e-02,3.415912169604978788e-02
4.239370075773057911e-01,6.692248601121369989e-02,3.284703034652006887e-02
4.250324520413298335e-01,6.426775671432127801e-02,3.157918275274997771e-02
4.261278965053539314e-01,6.170728518109463295e-02,3.035448260518873800e-02
4.272233409693779183e-01,5.923822509965803035e-02,2.917182728593258750e-02
4.283187854334020161e-01,5.685779405621781135e-02,2.803011009404087969e-02
4.294142298974260030e-01,5.456327308917118674e-02,2.692822282533131537e-02
4.305096743614501009e-01,5.235200619537502820e-02,2.586505856734389736e-02
4.316051188254741433e-01,5.022139978889238188e-02,2.483951458611125332e-02
4.327005632894981857e-01,4.816892211717348909e-02,2.385049520295288994e-02
4.337960077535222281e-01,4.619210263656126775e-02,2.289691457678823955e-02
4.348914522175462705e-01,4.428853135076493003e-02,2.197769932630181181e-02
4.359868966815703129e-01,4.245585811458311987e-02,2.109179094216487305e-02
4.370823411455943552e-01,4.069179190538786683e-02,2.023814795457504201e-02
4.381777856096183976e-01,3.899410006545172419e-02,1.941574783484048550e-02
4.392732300736424400e-01,3.736060751770401561e-02,1.862358862075741070e-02
4.403686745376664269e-01,3.578919595669950021e-02,1.786069026463167272e-02
4.414641190016905803e-01,3.427780301726952167e-02,1.712609571078287790e-02
4.425595634657145672e-01,3.282442142390700618e-02,1.641887171570840381e-02
4.436550079297386096e-01,3.142709812167395617e-02,1.573810942748354869e-02
4.447504523937626519e-01,3.008393339187559815e-02,1.508292474535030160e-02
4.458458968577867498e-01,2.879307995346536489e-02,1.445245848134332420e-02
4.469413413218107922e-01,2.755274205313997665e-02,1.384587634780398702e-02
4.480367857858347791e-01,2.636117454474612432e-02,1.326236879365320226e-02
4.491322302498588215e-01,2.521668196080572785e-02,1.270115071294355795e-02
4.502276747138829194e-01,2.411761757657408106e-02,1.216146104701212177e-02
4.513231191779069618e-01,2.306238246960873317e-02,1.164256230149846201e-02
4.524185636419310041e-01,2.204942457495008210e-02,1.114373999641563723e-02
4.535140081059549910e-01,2.107723773846011464e-02,1.066430206689992360e-02
4.546094525699791444e-01,2.014436076853349730e-02,1.020357822921662792e-02
4.557048970340031313e-01,1.924937648860457207e-02,9.760919325825066425e-03
4.568003414980271737e-01,1.839091079031266243e-02,9.335696660160904339e-03
4.578957859620512161e-01,1.756763169032642818e-02,8.927301331607571597e-03
4.589912304260753140e-01,1.677824838927448325e-02,8.535143577171985796e-03
4.600866748900993564e-01,1.602151033602568567e-02,8.158652127276693269e-03
4.611821193541233432e-01,1.529620629796465091e-02,7.797273580392827079e-03
4.622775638181473856e-01,1.460116343617817551e-02,7.450471799124526277e-03
4.633730082821714835e-01,1.393524638901892307e-02,7.117727331601277595e-03
4.644684527461955259e-01,1.329735636289075366e-02,6.798536858757529486e-03
4.655638972102195683e-01,1.268643023209624354e-02,6.492412668829237142e-03
4.666593416742435552e-01,1.210143964759463966e-02,6.198882158732131782e-03
4.677547861382675976e-01,1.154139015548650074e-02,5.917487361967919968e-03
4.688502306022916954e-01,1.100532032683603119e-02,5.647784502699479577e-03
4.699456750663157378e-01,1.049230089677091401e-02,5.389343573455701759e-03
4.710411195303397802e-01,1.000143391676164457e-02,5.141747936762480417e-03
4.721365639943637671e-01,9.531851917410414168e-03,4.904593947491000215e-03
4.732320084583879205e-01,9.082717084186887196e-03,4.677490595258750571e-03
4.743274529224119074e-01,8.653220444958805574e-03,4.460059164360943851e-03
4.754228973864359498e-01,8.242581071798454895e-03,4.251932910604872690e-03
4.765183418504599921e-01,7.850045293466605123e-03,4.052756751355662823e-03
4.776137863144840900e-01,7.474885924196302510e-03,3.862186969943783368e-03
4.787092307785081324e-01,7.116401504136253206e-03,3.679890930413385990e-03
4.798046752425321193e-01,6.773915553563120834e-03,3.505546802195210008e-03
4.809001197065561617e-01,6.446775842010585462e-03,3.338843293936413596e-03
4.819955641705802596e-01,6.134353670735402490e-03,3.179479394454174865e-03
4.830910086346043020e-01,5.836043169504028828e-03,3.027164120249159745e-03
4.841864530986283444e-01,5.551260607370108770e-03,2.881616268480027745e-03
4.852818975626523312e-01,5.279443717979806668e-03,2.742564174888838073e-03
4.863773420266764846e-01,5.020051039341390589e-03,2.609745475988353020e-03
4.874727864907004715e-01,4.772561266839250166e-03,2.482906874345573375e-03
4.885682309547245139e-01,4.536472622107536219e-03,2.361803907903746533e-03
4.896636754187485563e-01,4.311302234387855842e-03,2.246200721277789511e-03
4.907591198827726542e-01,4.096585537916606033e-03,2.135869840651249008e-03
4.918545643467966966e-01,3.891875681673034795e-03,2.030591950234842194e-03
4.929500088108206834e-01,3.696742954479699094e-03,1.930155671787965772e-03
4.940454532748447258e-01,3.510774223199411570e-03,1.834357346036517801e-03
4.951408977388687682e-01,3.333572385285351724e-03,1.743000816705922700e-03
4.962363422028928661e-01,3.164755835049277988e-03,1.655897216948291721e-03
4.973317866669169085e-01,3.003957942700343376e-03,1.572864757815704059e-03
4.984272311309408954e-01,2.850826548070832522e-03,1.493728519959622823e-03
4.995226755949649378e-01,2.705023466792052037e-03,1.418320247588093948e-03
5.006181200589890912e-01,2.566224009825570675e-03,1.346478145371813239e-03
5.017135645230130780e-01,2.434116515592699235e-03,1.278046678131656210e-03
5.028090089870370649e-01,2.308401895663583087e-03,1.212876374048130678e-03
5.039044534510611628e-01,2.188793192534100283e-03,1.150823630859257232e-03
5.049998979150852607e-01,2.075015149392062021e-03,1.091750525231104541e-03
5.060953423791092476e-01,1.966803793120601787e-03,1.035524626190109654e-03
5.071907868431332345e-01,1.863906028351654384e-03,9.820188116939003280e-04
5.082862313071573324e-01,1.766079243877106053e-03,9.311110892456101254e-04
5.093816757711814303e-01,1.673090930153110474e-03,8.826844200939845632e-04
5.104771202352054171e-01,1.584718309037960737e-03,8.366265478167835088e-04
5.115725646992295150e-01,1.500747973732984844e-03,7.928298304020587424e-04
5.126680091632535019e-01,1.420975540127115662e-03,7.511910766322142576e-04
5.137634536272775998e-01,1.345205308774379254e-03,7.116113865245647565e-04
5.148588980913015867e-01,1.273249937951651195e-03,6.739959962127661840e-04
5.159543425553256846e-01,1.204930125523516167e-03,6.382541262019652108e-04
5.170497870193496714e-01,1.140074302508147907e-03,6.042988346517582645e-04
5.181452314833737693e-01,1.078518335598563360e-03,5.720468743470701056e-04
5.192406759473978672e-01,1.020105239518638313e-03,5.414185539230453436e-04
5.203361204114218541e-01,9.646848985135096297e-04,5.123376030639890163e-04
5.214315648754458410e-01,9.121137977003895619e-04,4.847310421434535672e-04
5.225270093394699389e-01,8.622547622401415717e-04,4.585290552956246875e-04
5.236224538034940368e-01,8.149767064299195778e-04,4.336648680979549031e-04
5.247178982675180237e-01,7.701543906685981650e-04,4.100746288349156892e-04
5.258133427315420105e-01,7.276681866530118397e-04,3.876972935830709380e-04
5.269087871955661084e-01,6.874038509907824581e-04,3.664745152613012790e-04
5.280042316595902063e-01,6.492523064950750985e-04,3.463505362945871785e-04
5.290996761236141932e-01,6.131094311610252052e-04,3.272720849255416763e-04
5.301951205876382911e-01,5.788758545734896260e-04,3.091882750705333624e-04
5.312905650516622780e-01,5.464567615625134239e-04,2.920505096490395749e-04
5.323860095156863759e-01,5.157617031159733188e-04,2.758123874148773677e-04
5.334814539797103627e-01,4.867044136984175580e-04,2.604296128552211712e-04
5.345768984437344606e-01,4.592026357444446358e-04,2.458599095861991311e-04
5.356723429077584475e-01,4.331779500202022934e-04,2.320629365627044263e-04
5.367677873717825454e-01,4.085556130479653728e-04,2.190002077563153358e-04
5.378632318358066433e-01,3.852643995212209731e-04,2.066350142046313569e-04
5.389586762998306302e-01,3.632364517827369431e-04,1.949323495538824314e-04
5.400541207638546171e-01,3.424071340843017975e-04,1.838588378833769796e-04
5.411495652278787150e-01,3.227148929782099724e-04,1.733826645453688487e-04
5.422450096919028129e-01,3.041011229733983179e-04,1.634735095650856546e-04
5.433404541559267997e-01,2.865100369213824751e-04,1.541024833221197763e-04
5.444358986199507866e-01,2.698885417385869074e-04,1.452420648473672928e-04
5.455313430839749955e-01,2.541861197144528101e-04,1.368660428788376067e-04
5.466267875479989824e-01,2.393547131835612786e-04,1.289494584890408700e-04
5.477222320120229693e-01,2.253486146023264409e-04,1.214685503891269438e-04
5.488176764760470672e-01,2.121243609922197633e-04,1.144007023595743251e-04
5.499131209400710540e-01,1.996406323216985343e-04,1.077243925843047057e-04
5.510085654040951519e-01,1.878581543152959231e-04,1.014191451590236079e-04
5.521040098681191388e-01,1.767396047050241216e-04,9.546548325013711281e-05
5.531994543321432367e-01,1.662495241667102128e-04,8.984488458239417983e-05
5.542948987961672236e-01,1.563542304906722171e-04,8.453973848016940187e-05
5.553903432601913215e-01,1.470217354439344853e-04,7.953330417539674268e-05
5.564857877242154194e-01,1.382216670349074286e-04,7.480967185525099340e-05
5.575812321882394063e-01,1.299251931707723741e-04,7.035372428943033405e-05
5.586766766522633931e-01,1.221049497473602607e-04,6.615110068764867282e-05
5.597721211162874910e-01,1.147349712137528562e-04,6.218816173576830050e-05
5.608675655803115889e-01,1.077906242157815315e-04,5.845195614428897433e-05
5.619630100443355758e-01,1.012485441597765415e-04,5.493018863041890622e-05
5.630584545083595627e-01,9.508657457278520120e-05,5.161118927363262618e-05
5.641538989723837716e-01,8.928370905764013632e-05,4.848388414215245868e-05
5.652493434364077585e-01,8.382003563782387595e-05,4.553776708556377112e-05
5.663447879004317453e-01,7.867668373863996915e-05,4.276287283382879481e-05
5.674402323644558432e-01,7.383577357965781041e-05,4.014975128705157046e-05
5.685356768284799411e-01,6.928036744516366573e-05,3.768944271220373373e-05
5.696311212925039280e-01,6.499442351122196337e-05,3.537345422153640909e-05
5.707265657565279149e-01,6.096275163800466150e-05,3.319373721720812970e-05
5.718220102205520128e-01,5.717097127318173831e-05,3.114266588701056465e-05
5.729174546845761107e-01,5.360547073212098640e-05,2.921301635670743441e-05
5.740128991486000976e-01,5.025336924144719990e-05,2.739794725931779098e-05
5.751083436126241955e-01,4.710247993926657592e-05,2.569098074251308003e-05
5.762037880766481823e-01,4.414127485141794118e-05,2.408598447391527519e-05
5.772992325406721692e-01,4.135885175780970244e-05,2.257715460253288101e-05
5.783946770046962671e-01,3.874490195187934791e-05,2.115899913679850349e-05
5.794901214687203650e-01,3.628968078903615867e-05,1.982632277823323863e-05
5.805855659327443519e-01,3.398397741269291279e-05,1.857421124305053673e-05
5.816810103967683387e-01,3.181908849558844933e-05,1.739801771726194485e-05
5.827764548607925477e-01,2.978679162681748918e-05,1.629334906298323142e-05
5.838718993248165345e-01,2.787931980779403198e-05,1.525605257762083339e-05
5.849673437888405214e-01,2.608933860058108967e-05,1.428220415404537710e-05
5.860627882528646193e-01,2.440992271201732698e-05,1.336809608562254640e-05
5.871582327168887172e-01,2.283453503310551235e-05,1.251022617081713856e-05
5.882536771809127041e-01,2.135700592527720851e-05,1.170528691194444262e-05
5.893491216449366910e-01,1.997151370518172094e-05,1.095015533138370302e-05
5.904445661089607889e-01,1.867256612860180559e-05,1.024188329877205562e-05
5.915400105729848867e-01,1.745498326439357049e-05,9.577688586180608285e-06
5.926354550370088736e-01,1.631388015348660020e-05,8.954945773289370528e-06
5.937308995010329715e-01,1.524465103892963007e-05,8.371177983884773205e-06
5.948263439650569584e-01,1.424295457250414110e-05,7.824049130254148946e-06
5.959217884290810563e-01,1.330469955394858059e-05,7.311356423706537285e-06
5.970172328931050432e-01,1.242603079216667238e-05,6.831022926985455765e-06
5.981126773571291411e-01,1.160331663137871459e-05,6.381090997973741496e-06
5.992081218211531279e-01,1.083313656239466055e-05,5.959715758575370499e-06
6.003035662851772258e-01,1.011226988487013594e-05,5.565159121036775563e-06
6.013990107492013237e-01,9.437683907349448141e-06,5.195783540664733126e-06
6.024944552132253106e-01,8.806524419780778926e-06,4.850047000897880725e-06
6.035898996772492975e-01,8.216105260383502651e-06,4.526497483435438531e-06
6.046853441412733954e-01,7.663898967742735843e-06,4.223768019831217402e-06
6.057807886052974933e-01,7.147528006524679225e-06,3.940572044395000935e-06
6.068762330693214802e-01,6.664756473703551590e-06,3.675698998206838018e-06
6.079716775333454670e-01,6.213481520133094053e-06,3.428009763093901639e-06
6.090671219973695649e-01,5.791726439313505364e-06,3.196433002730369908e-06
6.101625664613936628e-01,5.397633160995348212e-06,2.979961164375275827e-06
6.112580109254176497e-01,5.029455634504242608e-06,2.777646960788070538e-06
6.123534553894417476e-01,4.685553397411467337e-06,2.588599944614775124e-06
6.134488998534657345e-01,4.364385312148518083e-06,2.411983166101960399e-06
6.145443443174898324e-01,4.064504048560985765e-06,2.247010234112024240e-06
6.156397887815138192e-01,3.784550437606547841e-06,2.092942297828861040e-06
6.167352332455379171e-01,3.523248746549890829e-06,1.949085530229477242e-06
6.178306777095619040e-01,3.279401400946692190e-06,1.814788298588600952e-06
6.189261221735860019e-01,3.051884636568665010e-06,1.689438842490212643e-06
6.200215666376100998e-01,2.839643767114331172e-06,1.572462732960371988e-06
6.211170111016340867e-01,2.641690160215583369e-06,1.463321271476366256e-06
6.222124555656580736e-01,2.457096220828516805e-06,1.361508780403028535e-06
6.233079000296821714e-01,2.284991878592675423e-06,1.266550720586732139e-06
6.244033444937062693e-01,2.124561888693432608e-06,1.178002255260002918e-06
6.254987889577302562e-01,1.975041970547101262e-06,1.095446165553259889e-06
6.265942334217542431e-01,1.835716053148568896e-06,1.018491375058835989e-06
6.276896778857784520e-01,1.705913193508287686e-06,9.467712892675129274e-07
6.287851223498024389e-01,1.585004626862524668e-06,8.799422041970874453e-07
6.298805668138264258e-01,1.472401813812931389e-06,8.176822649013685829e-07
6.309760112778505237e-01,1.367553619919746953e-06,7.596899393885832854e-07
6.320714557418745105e-01,1.269944032884315278e-06,7.056827877699421511e-07
6.331669002058986084e-01,1.179089979769633441e-06,6.553962841268111809e-07
6.342623446699225953e-01,1.094539754554793094e-06,6.085829749997744306e-07
6.353577891339466932e-01,1.015870577096496725e-06,5.650111527065242615e-07
6.364532335979706801e-01,9.426866559486711522e-07,5.244638060785047223e-07
6.375486780619947780e-01,8.746180597895744997e-07,4.867380188492429486e-07
6.386441225260188759e-01,8.113192546958836587e-07,4.516441805135379262e-07
6.397395669900428627e-01,7.524666831947035979e-07,4.190046617935942210e-07
6.408350114540668496e-01,6.977581370859035281e-07,3.886534865274975721e-07
6.419304559180909475e-01,6.469112636308529762e-07,3.604355197687564765e-07
6.430259003821150454e-01,5.996622050314394963e-07,3.342057284224576702e-07
6.441213448461390323e-01,5.557645452384144343e-07,3.098286116213529361e-07
6.452167893101630192e-01,5.149878992821838215e-07,2.871774304870035015e-07
6.463122337741872281e-01,4.771176102116295797e-07,2.661340541249498038e-07
6.474076782382112150e-01,4.419528832642374727e-07,2.465879331489877016e-07
6.485031227022352018e-01,4.093064822999288086e-07,2.284359431491405849e-07
6.495985671662591887e-01,3.790037270258930685e-07,2.115818373328236362e-07
6.506940116302833976e-01,3.508815441177243102e-07,1.959357281420686616e-07
6.517894560943073845e-01,3.247877473318494746e-07,1.814136957262130324e-07
6.528849005583313714e-01,3.005804184723912704e-07,1.679374519389275766e-07
6.539803450223554693e-01,2.781275654286823930e-07,1.554341584596714974e-07
6.550757894863795672e-01,2.573057245279234680e-07,1.438356543192503514e-07
6.561712339504035540e-01,2.380001495418269105e-07,1.330785692260564127e-07
6.572666784144276519e-01,2.201034634698508246e-07,1.231035771582503607e-07
6.583621228784516388e-01,2.035159470773708485e-07,1.138555643237225894e-07
6.594575673424756257e-01,1.881449476736888073e-07,1.052833049514694310e-07
6.605530118064997236e-01,1.739036185965369397e-07,9.733876183597227412e-08
6.616484562705238215e-01,1.607113934164811620e-07,8.997735692000632454e-08
6.627439007345478084e-01,1.484931346122737835e-07,8.315749987564191354e-08
6.638393451985717952e-01,1.371793832396026186e-07,7.684073259548900406e-08
6.649347896625960042e-01,1.267048315674927958e-07,7.099087815823270058e-08
6.660302341266199910e-01,1.170090743500826772e-07,6.557446544905076630e-08
6.671256785906439779e-01,1.080358946224937258e-07,6.056033284077557831e-08
6.682211230546679648e-01,9.973296660812490187e-08,5.591946509113421898e-08
6.693165675186921737e-01,9.205155531648332223e-08,5.162482807873314725e-08
6.704120119827161606e-01,8.494652678898562125e-08,4.765137749802587116e-08
6.715074564467401474e-01,7.837597629037380529e-08,4.397585313772750988e-08
6.726029009107642453e-01,7.230060499378534889e-08,4.057643166057907255e-08
6.736983453747883432e-01,6.668417202698602501e-08,3.743298249943143357e-08
6.747937898388123301e-01,6.149288976471554696e-08,3.452673071634246236e-08
6.758892343028363170e-01,5.669569477755311297e-08,3.184041112213710971e-08
6.769846787668604149e-01,5.226334344823823169e-08,2.935776234329450677e-08
6.780801232308845128e-01,4.816885968769889389e-08,2.706377984827468006e-08
6.791755676949084997e-01,4.438721427621421585e-08,2.494453746761428339e-08
6.802710121589325976e-01,4.089497808897738610e-08,2.298699396165413097e-08
6.813664566229565844e-01,3.767092937866825042e-08,2.117933569320641532e-08
6.824619010869806823e-01,3.469477134263047560e-08,1.951025704980545776e-08
6.835573455510046692e-01,3.194784995800893169e-08,1.796936498127233730e-08
6.846527900150287671e-01,2.941328306436390710e-08,1.654725281202982038e-08
6.857482344790527540e-01,2.707489712666014483e-08,1.523490320532371723e-08
6.868436789430767409e-01,2.491806148944690578e-08,1.402415828636085831e-08
6.879391234071009498e-01,2.292878074720237108e-08,1.290720977786053911e-08
6.890345678711249366e-01,2.109446178844732272e-08,1.187703139790730865e-08
6.901300123351489235e-01,1.940360251415839420e-08,1.092720450479979642e-08
6.912254567991730214e-01,1.784492205000164223e-08,1.005142892280081292e-08
6.923209012631971193e-01,1.640856834394380916e-08,9.244203520827450224e-09
6.934163457272211062e-01,1.508513209512376020e-08,8.500271481380786983e-09
6.945117901912450931e-01,1.386590661856875873e-08,7.814767105785647997e-09
6.956072346552691910e-01,1.274284742828297904e-08,7.183193510557667807e-09
6.967026791192932889e-01,1.170876465984638851e-08,6.601531563991723385e-09
6.977981235833172757e-01,1.075674622638728005e-08,6.065915131995432706e-09
6.988935680473413736e-01,9.880277435659725317e-09,5.572698766237678274e-09
6.999890125113653605e-01,9.073455512906218712e-09,5.118579001204149163e-09
7.010844569753894584e-01,8.331276610541739396e-09,4.700756676978698726e-09
7.021799014394134453e-01,7.648138210926161983e-09,4.316092317308014034e-09
7.032753459034375432e-01,7.020048763271438760e-09,3.962353071357937639e-09
7.043707903674615300e-01,6.442116415148332856e-09,3.636795882335896780e-09
7.054662348314856279e-01,5.910810574743589271e-09,3.337444034855937697e-09
7.065616792955097258e-01,5.422458235654324271e-09,3.062238700658183027e-09
7.076571237595337127e-01,4.973432662055832218e-09,2.809145479676210995e-09
7.087525682235576996e-01,4.560842538533936394e-09,2.576543778273964983e-09
7.098480126875817975e-01,4.181634266520850591e-09,2.362719974286888294e-09
7.109434571516058954e-01,3.833376896322843546e-09,2.166310947680205091e-09
7.120389016156298823e-01,3.513527609215833883e-09,1.985889244652079875e-09
7.131343460796538691e-01,3.219526529658689973e-09,1.820016646928922874e-09
7.142297905436779670e-01,2.949873777407032544e-09,1.667853151372149695e-09
7.153252350077020649e-01,2.702244148695449782e-09,1.528091351018441169e-09
7.164206794717260518e-01,2.474801240846353746e-09,1.399699318466408081e-09
7.175161239357501497e-01,2.266225481055323712e-09,1.281936702043251094e-09
7.186115683997741366e-01,2.074875256954764512e-09,1.173880374603411150e-09
7.197070128637982345e-01,1.899363435016266965e-09,1.074750525468267356e-09
7.208024573278222213e-01,1.738269487686971023e-09,9.837478691451093155e-10
7.218979017918463192e-01,1.590720123269406742e-09,9.003822925805590927e-10
7.229933462558703061e-01,1.455351369632447513e-09,8.238855302505664258e-10
7.240887907198944040e-01,1.331324408575518998e-09,7.537861215531348150e-10
7.251842351839185019e-01,1.217551664876042717e-09,6.894713958710260534e-10
7.262796796479424888e-01,1.113352443510013129e-09,6.305587031688271228e-10
7.273751241119664757e-01,1.017846370776804193e-09,5.765520104084318003e-10
7.284705685759905736e-01,9.304404634825268760e-10,5.271177626002661248e-10
7.295660130400146715e-01,8.503420513067501678e-10,4.818090256453766674e-10
7.306614575040386583e-01,7.821698046402624175e-10,4.432451051415547002e-10
7.317569019680626452e-01,7.822498874985670417e-10,4.433528033907900244e-10
7.328523464320868541e-01,7.823300453945984670e-10,4.434599793628778342e-10
7.339477908961108410e-01,7.824102766823116319e-10,4.435666373687845079e-10
7.350432353601348279e-01,7.824905797317698868e-10,4.436727816776923261e-10
7.361386798241589258e-01,7.825709529289919658e-10,4.437784165150261801e-10
7.372341242881830237e-01,7.826513946758027832e-10,4.438835460605891071e-10
7.383295687522070105e-01,7.827319033896834047e-10,4.439881744468101146e-10
7.394250132162309974e-01,7.828124775036240152e-10,4.440923057570981430e-10
7.405204576802550953e-01,7.828931154659773013e-10,4.441959440243012864e-10
7.416159021442790822e-01,7.829738157403144186e-10,4.442990932292718409e-10
7.427113466083031801e-01,7.830545768052799249e-10,4.444017572995308219e-10
7.438067910723272780e-01,7.831353971544529170e-10,4.445039401080339654e-10
7.449022355363512649e-01,7.832162752962036185e-10,4.446056454720329590e-10
7.459976800003752517e-01,7.832972097535561712e-10,4.447068771520336076e-10
7.470931244643993496e-01,7.833781990640502890e-10,4.448076388508462822e-10
7.481885689284234475e-01,7.834592417796045663e-10,4.449079342127259618e-10
7.492840133924474344e-01,7.835403364663825785e-10,4.450077668226023871e-10
7.503794578564714213e-01,7.836214817046575340e-10,4.451071402053933454e-10
7.514749023204956302e-01,7.837026760886813734e-10,4.452060578254045508e-10
7.525703467845196171e-01,7.837839182265533508e-10,4.453045230858085210e-10
7.536657912485436039e-01,7.838652067400895463e-10,4.454025393282024485e-10
7.547612357125677018e-01,7.839465402646954800e-10,4.455001098322433630e-10
7.558566801765917997e-01,7.840279174492378991e-10,4.455972378153563945e-10
7.569521246406157866e-01,7.841093369559192534e-10,4.456939264325145887e-10
7.580475691046397735e-01,7.841907974601531009e-10,4.457901787760886699e-10
7.591430135686638714e-01,7.842722976504398240e-10,4.458859978757631858e-10
7.602384580326879693e-01,7.843538362282454478e-10,4.459813866985166551e-10
7.613339024967119562e-01,7.844354119078791138e-10,4.460763481486654081e-10
7.624293469607360541e-01,7.845170234163744826e-10,4.461708850679654333e-10
7.635247914247600409e-01,7.845986694933697932e-10,4.462650002357726436e-10
7.646202358887841388e-01,7.846803488909912303e-10,4.463586963692592873e-10
7.657156803528081257e-01,7.847620603737353611e-10,4.464519761236818000e-10
7.668111248168322236e-01,7.848438027183553983e-10,4.465448420927007162e-10
7.679065692808562105e-01,7.849255747137448777e-10,4.466372968087489199e-10
7.690020137448801973e-01,7.850073751608264021e-10,4.467293427434458038e-10
7.700974582089044063e-01,7.850892028724387316e-10,4.468209823080572332e-10
7.711929026729283931e-01,7.851710566732257345e-10,4.469122178539959385e-10
7.722883471369523800e-01,7.852529353995270957e-10,4.470030516733641978e-10
7.733837916009764779e-01,7.853348378992686124e-10,4.470934859995332246e-10
7.744792360650005758e-01,7.854167630318565213e-10,4.471835230077593663e-10
7.755746805290245627e-01,7.854987096680680011e-10,4.472731648158349399e-10
7.766701249930485496e-01,7.855806766899471538e-10,4.473624134847710176e-10
7.777655694570726475e-01,7.856626629907011944e-10,4.474512710195112845e-10
7.788610139210967453e-01,7.857446674745942609e-10,4.475397393696738636e-10
7.799564583851207322e-01,7.858266890568472222e-10,4.476278204303218353e-10
7.810519028491448301e-01,7.859087266635350047e-10,4.477155160427561411e-10
7.821473473131688170e-01,7.859907792314866062e-10,4.478028279953355785e-10
7.832427917771929149e-01,7.860728457081835603e-10,4.478897580243159239e-10
7.843382362412169018e-01,7.861549250516635688e-10,4.479763078147101486e-10
7.854336807052409997e-01,7.862370162304220683e-10,4.480624790011685910e-10
7.865291251692649865e-01,7.863191182233141050e-10,4.481482731688746894e-10
7.876245696332890844e-01,7.864012300194599335e-10,4.482336918544570007e-10
7.887200140973131823e-01,7.864833506181495800e-10,4.483187365469163662e-10
7.898154585613371692e-01,7.865654790287489581e-10,4.484034086885645032e-10
7.909109030253611561e-01,7.866476142706056732e-10,4.484877096759755212e-10
7.920063474893852540e-01,7.867297553729589630e-10,4.485716408609464338e-10
7.931017919534093519e-01,7.868119013748455027e-10,4.486552035514681133e-10
7.941972364174333388e-01,7.868940513250115172e-10,4.487383990127025016e-10
7.952926808814573256e-01,7.869762042818214804e-10,4.488212284679672651e-10
7.963881253454814235e-01,7.870583593131695041e-10,4.489036930997253613e-10
7.974835698095055214e-01,7.871405154963926902e-10,4.489857940505796199e-10
7.985790142735295083e-01,7.872226719181824165e-10,4.490675324242693924e-10
7.996744587375536062e-01,7.873048276744993429e-10,4.491489092866707681e-10
8.007699032015775931e-01,7.873869818704869717e-10,4.492299256667962739e-10
8.018653476656016910e-01,7.874691336203873782e-10,4.493105825577967968e-10
8.029607921296256778e-01,7.875512820474584930e-10,4.493908809179610248e-10
8.040562365936497757e-01,7.876334262838890053e-10,4.494708216717146810e-10
8.051516810576737626e-01,7.877155654707180235e-10,4.495504057106161388e-10
8.062471255216978605e-01,7.877976987577524602e-10,4.496296338943500732e-10
8.073425699857219584e-01,7.878798253034876230e-10,4.497085070517159924e-10
8.084380144497459453e-01,7.879619442750252201e-10,4.497870259816126352e-10
8.095334589137699322e-01,7.880440548479965361e-10,4.498651914540168355e-10
8.106289033777940300e-01,7.881261562064829191e-10,4.499430042109563901e-10
8.117243478418181279e-01,7.882082475429379222e-10,4.500204649674756889e-10
8.128197923058421148e-01,7.882903280581105831e-10,4.500975744125941067e-10
8.139152367698661017e-01,7.883723969609701497e-10,4.501743332102573645e-10
8.150106812338903106e-01,7.884544534686297737e-10,4.502507420002789129e-10
8.161061256979142975e-01,7.885364968062709262e-10,4.503268013992727847e-10
8.172015701619382844e-01,7.886185262070712265e-10,4.504025120015781243e-10
8.182970146259623823e-01,7.887005409121303062e-10,4.504778743801715168e-10
8.193924590899864802e-01,7.887825401703965000e-10,4.505528890875713025e-10
8.204879035540104670e-01,7.888645232385957083e-10,4.506275566567281406e-10
8.215833480180344539e-01,7.889464893811606735e-10,4.507018776019082313e-10
8.226787924820585518e-01,7.890284378701581874e-10,4.507758524195607178e-10
8.237742369460825387e-01,7.891103679852217804e-10,4.508494815891764553e-10
8.248696814101066366e-01,7.891922790134802728e-10,4.509227655741327688e-10
8.259651258741307345e-01,7.892741702494910841e-10,4.509957048225262175e-10
8.270605703381547213e-01,7.893560409951708526e-10,4.510682997679927958e-10
8.281560148021787082e-01,7.894378905597281241e-10,4.511405508305145380e-10
8.292514592662028061e-01,7.895197182595977977e-10,4.512124584172135082e-10
8.303469037302269040e-01,7.896015234183746408e-10,4.512840229231312111e-10
8.314423481942508909e-01,7.896833053667458745e-10,4.513552447319961643e-10
8.325377926582748778e-01,7.897650634424295481e-10,4.514261242169759085e-10
8.336332371222990867e-01,7.898467969901082616e-10,4.514966617414159900e-10
8.347286815863230736e-01,7.899285053613657826e-10,4.515668576595639508e-10
8.358241260503470604e-01,7.900101879146241811e-10,4.516367123172806521e-10
8.369195705143711583e-01,7.900918440150821007e-10,4.517062260527360365e-10
8.380150149783952562e-01,0.000000000000000000e+00,0.000000000000000000e+00
8.391104594424192431e-01,0.000000000000000000e+00,0.000000000000000000e+00
8.402059039064432300e-01,0.000000000000000000e+00,0.000000000000000000e+00
8.413013483704673279e-01,0.000000000000000000e+00,0.000000000000000000e+00
8.423967928344914258e-01,0.000000000000000000e+00,0.000000000000000000e+00
8.434922372985154126e-01,0.000000000000000000e+00,0.000000000000000000e+00
8.445876817625395105e-01,0.000000000000000000e+00,0.000000000000000000e+00
8.456831262265634974e-01,0.000000000000000000e+00,0.000000000000000000e+00
8.467785706905875953e-01,0.000000000000000000e+00,0.000000000000000000e+00
8.478740151546115822e-01,0.000000000000000000e+00,0.000000000000000000e+00
8.489694596186356801e-01,0.000000000000000000e+00,0.000000000000000000e+00
8.500649040826596670e-01,0.000000000000000000e+00,0.000000000000000000e+00
8.511603485466836538e-01,0.000000000000000000e+00,0.000000000000000000e+00
8.522557930107078628e-01,0.000000000000000000e+00,0.000000000000000000e+00
8.533512374747318496e-01,0.000000000000000000e+00,0.000000000000000000e+00
8.544466819387558365e-01,0.000000000000000000e+00,0.000000000000000000e+00
8.555421264027798234e-01,0.000000000000000000e+00,0.000000000000000000e+00
8.566375708668040323e-01,0.000000000000000000e+00,0.000000000000000000e+00
8.577330153308280192e-01,0.000000000000000000e+00,0.000000000000000000e+00
8.588284597948520060e-01,0.000000000000000000e+00,0.000000000000000000e+00
8.599239042588761039e-01,0.000000000000000000e+00,0.000000000000000000e+00
8.610193487229002018e-01,0.000000000000000000e+00,0.000000000000000000e+00
8.621147931869241887e-01,0.000000000000000000e+00,0.000000000000000000e+00
8.632102376509482866e-01,0.000000000000000000e+00,0.000000000000000000e+00
8.643056821149722735e-01,0.000000000000000000e+00,0.000000000000000000e+00
8.654011265789963714e-01,0.000000000000000000e+00,0.000000000000000000e+00
8.664965710430203583e-01,0.000000000000000000e+00,0.000000000000000000e+00
8.675920155070444562e-01,0.000000000000000000e+00,0.000000000000000000e+00
8.686874599710684430e-01,0.000000000000000000e+00,0.000000000000000000e+00
8.697829044350925409e-01,0.000000000000000000e+00,0.000000000000000000e+00
8.708783488991166388e-01,0.000000000000000000e+00,0.000000000000000000e+00
8.719737933631406257e-01,0.000000000000000000e+00,0.000000000000000000e+00
8.730692378271646126e-01,0.000000000000000000e+00,0.000000000000000000e+00
8.741646822911887105e-01,0.000000000000000000e+00,0.000000000000000000e+00
8.752601267552128084e-01,0.000000000000000000e+00,0.000000000000000000e+00
8.763555712192367952e-01,0.000000000000000000e+00,0.000000000000000000e+00
8.774510156832607821e-01,0.000000000000000000e+00,0.000000000000000000e+00
8.785464601472848800e-01,0.000000000000000000e+00,0.000000000000000000e+00
8.796419046113088669e-01,0.000000000000000000e+00,0.000000000000000000e+00
8.807373490753328538e-01,0.000000000000000000e+00,0.000000000000000000e+00
8.818327935393570627e-01,0.000000000000000000e+00,0.000000000000000000e+00
8.829282380033811606e-01,0.000000000000000000e+00,0.000000000000000000e+00
8.840236824674051475e-01,0.000000000000000000e+00,0.000000000000000000e+00
8.851191269314291343e-01,0.000000000000000000e+00,0.000000000000000000e+00
8.862145713954532322e-01,0.000000000000000000e+00,0.000000000000000000e+00
8.873100158594772191e-01,0.000000000000000000e+00,0.000000000000000000e+00
8.884054603235012060e-01,0.000000000000000000e+00,0.000000000000000000e+00
8.895009047875253039e-01,0.000000000000000000e+00,0.000000000000000000e+00
8.905963492515495128e-01,0.000000000000000000e+00,0.000000000000000000e+00
8.916917937155734997e-01,0.000000000000000000e+00,0.000000000000000000e+00
8.927872381795974865e-01,0.000000000000000000e+00,0.000000000000000000e+00
8.938826826436215844e-01,0.000000000000000000e+00,0.000000000000000000e+00
8.949781271076455713e-01,0.000000000000000000e+00,0.000000000000000000e+00
8.960735715716695582e-01,0.000000000000000000e+00,0.000000000000000000e+00
8.971690160356936561e-01,0.000000000000000000e+00,0.000000000000000000e+00
8.982644604997176430e-01,0.000000000000000000e+00,0.000000000000000000e+00
8.993599049637418519e-01,0.000000000000000000e+00,0.000000000000000000e+00
9.004553494277658388e-01,0.000000000000000000e+00,0.000000000000000000e+00
9.015507938917899367e-01,0.000000000000000000e+00,0.000000000000000000e+00
9.026462383558139235e-01,0.000000000000000000e+00,0.000000000000000000e+00
9.037416828198379104e-01,0.000000000000000000e+00,0.000000000000000000e+00
9.048371272838620083e-01,0.000000000000000000e+00,0.000000000000000000e+00
9.059325717478859952e-01,0.000000000000000000e+00,0.000000000000000000e+00
9.070280162119099820e-01,0.000000000000000000e+00,0.000000000000000000e+00
9.081234606759340799e-01,0.000000000000000000e+00,0.000000000000000000e+00
9.092189051399582889e-01,0.000000000000000000e+00,0.000000000000000000e+00
9.103143496039822757e-01,0.000000000000000000e+00,0.000000000000000000e+00
9.114097940680062626e-01,0.000000000000000000e+00,0.000000000000000000e+00
9.125052385320303605e-01,0.000000000000000000e+00,0.000000000000000000e+00
9.136006829960543474e-01,0.000000000000000000e+00,0.000000000000000000e+00
9.146961274600783343e-01,0.000000000000000000e+00,0.000000000000000000e+00
9.157915719241024322e-01,0.000000000000000000e+00,0.000000000000000000e+00
9.168870163881264190e-01,0.000000000000000000e+00,0.000000000000000000e+00
9.179824608521506280e-01,0.000000000000000000e+00,0.000000000000000000e+00
9.190779053161746148e-01,0.000000000000000000e+00,0.000000000000000000e+00
9.201733497801987127e-01,0.000000000000000000e+00,0.000000000000000000e+00
9.212687942442226996e-01,0.000000000000000000e+00,0.000000000000000000e+00
9.223642387082466865e-01,0.000000000000000000e+00,0.000000000000000000e+00
9.234596831722707844e-01,0.000000000000000000e+00,0.000000000000000000e+00
9.245551276362947712e-01,0.000000000000000000e+00,0.000000000000000000e+00
9.256505721003187581e-01,0.000000000000000000e+00,0.000000000000000000e+00
9.267460165643429670e-01,0.000000000000000000e+00,0.000000000000000000e+00
9.278414610283670649e-01,0.000000000000000000e+00,0.000000000000000000e+00
9.289369054923910518e-01,0.000000000000000000e+00,0.000000000000000000e+00
9.300323499564150387e-01,0.000000000000000000e+00,0.000000000000000000e+00
9.311277944204391366e-01,0.000000000000000000e+00,0.000000000000000000e+00
9.322232388844631235e-01,0.000000000000000000e+00,0.000000000000000000e+00
9.333186833484871103e-01,0.000000000000000000e+00,0.000000000000000000e+00
9.344141278125112082e-01,0.000000000000000000e+00,0.000000000000000000e+00
9.355095722765351951e-01,0.000000000000000000e+00,0.000000000000000000e+00
9.366050167405594040e-01,0.000000000000000000e+00,0.000000000000000000e+00
9.377004612045833909e-01,0.000000000000000000e+00,0.000000000000000000e+00
9.387959056686074888e-01,0.000000000000000000e+00,0.000000000000000000e+00
9.398913501326314757e-01,0.000000000000000000e+00,0.000000000000000000e+00
9.409867945966554625e-01,0.000000000000000000e+00,0.000000000000000000e+00
9.420822390606795604e-01,0.000000000000000000e+00,0.000000000000000000e+00
9.431776835247035473e-01,0.000000000000000000e+00,0.000000000000000000e+00
9.442731279887275342e-01,0.000000000000000000e+00,0.000000000000000000e+00
9.453685724527517431e-01,0.000000000000000000e+00,0.000000000000000000e+00
9.464640169167758410e-01,0.000000000000000000e+00,0.000000000000000000e+00
9.475594613807998279e-01,0.000000000000000000e+00,0.000000000000000000e+00
9.486549058448238148e-01,0.000000000000000000e+00,0.000000000000000000e+00
9.497503503088479127e-01,0.000000000000000000e+00,0.000000000000000000e+00
9.508457947728718995e-01,0.000000000000000000e+00,0.000000000000000000e+00
9.519412392368958864e-01,0.000000000000000000e+00,0.000000000000000000e+00
9.530366837009199843e-01,0.000000000000000000e+00,0.000000000000000000e+00
9.541321281649441932e-01,0.000000000000000000e+00,0.000000000000000000e+00
9.552275726289681801e-01,0.000000000000000000e+00,0.000000000000000000e+00
9.563230170929921670e-01,0.000000000000000000e+00,0.000000000000000000e+00
9.574184615570162649e-01,0.000000000000000000e+00,0.000000000000000000e+00
9.585139060210402517e-01,0.000000000000000000e+00,0.000000000000000000e+00
9.596093504850642386e-01,0.000000000000000000e+00,0.000000000000000000e+00
9.607047949490883365e-01,0.000000000000000000e+00,0.000000000000000000e+00
9.618002394131123234e-01,0.000000000000000000e+00,0.000000000000000000e+00
9.628956838771363103e-01,0.000000000000000000e+00,0.000000000000000000e+00
9.639911283411605192e-01,0.000000000000000000e+00,0.000000000000000000e+00
9.650865728051846171e-01,0.000000000000000000e+00,0.000000000000000000e+00
9.661820172692086039e-01,0.000000000000000000e+00,0.000000000000000000e+00
9.672774617332325908e-01,0.000000000000000000e+00,0.000000000000000000e+00
9.683729061972566887e-01,0.000000000000000000e+00,0.000000000000000000e+00
9.694683506612806756e-01,0.000000000000000000e+00,0.000000000000000000e+00
9.705637951253046625e-01,0.000000000000000000e+00,0.000000000000000000e+00
9.716592395893287604e-01,0.000000000000000000e+00,0.000000000000000000e+00
9.727546840533529693e-01,0.000000000000000000e+00,0.000000000000000000e+00
9.738501285173769562e-01,0.000000000000000000e+00,0.000000000000000000e+00
9.749455729814009430e-01,0.000000000000000000e+00,0.000000000000000000e+00
9.760410174454250409e-01,0.000000000000000000e+00,0.000000000000000000e+00
9.771364619094490278e-01,0.000000000000000000e+00,0.000000000000000000e+00
9.782319063734730147e-01,0.000000000000000000e+00,0.000000000000000000e+00
9.793273508374971126e-01,0.000000000000000000e+00,0.000000000000000000e+00
9.804227953015210995e-01,0.000000000000000000e+00,0.000000000000000000e+00
9.815182397655453084e-01,0.000000000000000000e+00,0.000000000000000000e+00
9.826136842295692952e-01,0.000000000000000000e+00,0.000000000000000000e+00
9.837091286935933931e-01,0.000000000000000000e+00,0.000000000000000000e+00
9.848045731576173800e-01,0.000000000000000000e+00,0.000000000000000000e+00
9.859000176216413669e-01,0.000000000000000000e+00,0.000000000000000000e+00
9.869954620856654648e-01,0.000000000000000000e+00,0.000000000000000000e+00
9.880909065496894517e-01,0.000000000000000000e+00,0.000000000000000000e+00
9.891863510137134385e-01,0.000000000000000000e+00,0.000000000000000000e+00
9.902817954777375364e-01,0.000000000000000000e+00,0.000000000000000000e+00
9.913772399417617454e-01,0.000000000000000000e+00,0.000000000000000000e+00
9.924726844057857322e-01,0.000000000000000000e+00,0.000000000000000000e+00
9.935681288698097191e-01,0.000000000000000000e+00,0.000000000000000000e+00
9.946635733338338170e-01,0.000000000000000000e+00,0.000000000000000000e+00
9.957590177978578039e-01,0.000000000000000000e+00,0.000000000000000000e+00
9.968544622618817908e-01,0.000000000000000000e+00,0.000000000000000000e+00
9.979499067259058886e-01,0.000000000000000000e+00,0.000000000000000000e+00
9.990453511899298755e-01,0.000000000000000000e+00,0.000000000000000000e+00
1.000140795653954084e+00,0.000000000000000000e+00,0.000000000000000000e+00
1.001236240117978182e+00,0.000000000000000000e+00,0.000000000000000000e+00
1.002331684582002058e+00,0.000000000000000000e+00,0.000000000000000000e+00
1.003427129046026156e+00,0.000000000000000000e+00,0.000000000000000000e+00
1.004522573510050254e+00,0.000000000000000000e+00,0.000000000000000000e+00
1.005618017974074130e+00,0.000000000000000000e+00,0.000000000000000000e+00
1.006713462438098228e+00,0.000000000000000000e+00,0.000000000000000000e+00
1.007808906902122326e+00,0.000000000000000000e+00,0.000000000000000000e+00
1.008904351366146424e+00,0.000000000000000000e+00,0.000000000000000000e+00
1.009999795830170521e+00,0.000000000000000000e+00,0.000000000000000000e+00
1.011095240294194397e+00,0.000000000000000000e+00,0.000000000000000000e+00
1.012190684758218495e+00,0.000000000000000000e+00,0.000000000000000000e+00
1.013286129222242593e+00,0.000000000000000000e+00,0.000000000000000000e+00
1.014381573686266469e+00,0.000000000000000000e+00,0.000000000000000000e+00
1.015477018150290567e+00,0.000000000000000000e+00,0.000000000000000000e+00
1.016572462614314665e+00,0.000000000000000000e+00,0.000000000000000000e+00
1.017667907078338541e+00,0.000000000000000000e+00,0.000000000000000000e+00
1.018763351542362861e+00,0.000000000000000000e+00,0.000000000000000000e+00
1.019858796006386958e+00,0.000000000000000000e+00,0.000000000000000000e+00
1.020954240470410834e+00,0.000000000000000000e+00,0.000000000000000000e+00
1.022049684934434932e+00,0.000000000000000000e+00,0.000000000000000000e+00
1.023145129398459030e+00,0.000000000000000000e+00,0.000000000000000000e+00
1.024240573862482906e+00,0.000000000000000000e+00,0.000000000000000000e+00
1.025336018326507004e+00,0.000000000000000000e+00,0.000000000000000000e+00
1.026431462790531102e+00,0.000000000000000000e+00,0.000000000000000000e+00
1.027526907254555200e+00,0.000000000000000000e+00,0.000000000000000000e+00
1.028622351718579297e+00,0.000000000000000000e+00,0.000000000000000000e+00
1.029717796182603173e+00,0.000000000000000000e+00,0.000000000000000000e+00
1.030813240646627271e+00,0.000000000000000000e+00,0.000000000000000000e+00
1.031908685110651369e+00,0.000000000000000000e+00,0.000000000000000000e+00
1.033004129574675245e+00,0.000000000000000000e+00,0.000000000000000000e+00
1.034099574038699343e+00,0.000000000000000000e+00,0.000000000000000000e+00
1.035195018502723441e+00,0.000000000000000000e+00,0.000000000000000000e+00
1.036290462966747539e+00,0.000000000000000000e+00,0.000000000000000000e+00
1.037385907430771637e+00,0.000000000000000000e+00,0.000000000000000000e+00
1.038481351894795734e+00,0.000000000000000000e+00,0.000000000000000000e+00
1.039576796358819610e+00,0.000000000000000000e+00,0.000000000000000000e+00
1.040672240822843708e+00,0.000000000000000000e+00,0.000000000000000000e+00
1.041767685286867806e+00,0.000000000000000000e+00,0.000000000000000000e+00
1.042863129750891682e+00,0.000000000000000000e+00,0.000000000000000000e+00
1.043958574214915780e+00,0.000000000000000000e+00,0.000000000000000000e+00
1.045054018678939878e+00,0.000000000000000000e+00,0.000000000000000000e+00
1.046149463142963976e+00,0.000000000000000000e+00,0.000000000000000000e+00
1.047244907606988074e+00,0.000000000000000000e+00,0.000000000000000000e+00
1.048340352071011949e+00,0.000000000000000000e+00,0.000000000000000000e+00
1.049435796535036047e+00,0.000000000000000000e+00,0.000000000000000000e+00
1.050531240999060145e+00,0.000000000000000000e+00,0.000000000000000000e+00
1.051626685463084021e+00,0.000000000000000000e+00,0.000000000000000000e+00
1.052722129927108119e+00,0.000000000000000000e+00,0.000000000000000000e+00
1.053817574391132217e+00,0.000000000000000000e+00,0.000000000000000000e+00
1.054913018855156315e+00,0.000000000000000000e+00,0.000000000000000000e+00
1.056008463319180413e+00,0.000000000000000000e+00,0.000000000000000000e+00
1.057103907783204511e+00,0.000000000000000000e+00,0.000000000000000000e+00
1.058199352247228386e+00,0.000000000000000000e+00,0.000000000000000000e+00
1.059294796711252484e+00,0.000000000000000000e+00,0.000000000000000000e+00
1.060390241175276582e+00,0.000000000000000000e+00,0.000000000000000000e+00
1.061485685639300458e+00,0.000000000000000000e+00,0.000000000000000000e+00
1.062581130103324556e+00,0.000000000000000000e+00,0.000000000000000000e+00
1.063676574567348654e+00,0.000000000000000000e+00,0.000000000000000000e+00
1.064772019031372752e+00,0.000000000000000000e+00,0.000000000000000000e+00
1.065867463495396850e+00,0.000000000000000000e+00,0.000000000000000000e+00
1.066962907959420725e+00,0.000000000000000000e+00,0.000000000000000000e+00
1.068058352423444823e+00,0.000000000000000000e+00,0.000000000000000000e+00
1.069153796887468921e+00,0.000000000000000000e+00,0.000000000000000000e+00
1.070249241351492797e+00,0.000000000000000000e+00,0.000000000000000000e+00
1.071344685815516895e+00,0.000000000000000000e+00,0.000000000000000000e+00
1.072440130279540993e+00,0.000000000000000000e+00,0.000000000000000000e+00
1.073535574743565091e+00,0.000000000000000000e+00,0.000000000000000000e+00
1.074631019207589189e+00,0.000000000000000000e+00,0.000000000000000000e+00
1.075726463671613287e+00,0.000000000000000000e+00,0.000000000000000000e+00
1.076821908135637162e+00,0.000000000000000000e+00,0.000000000000000000e+00
1.077917352599661260e+00,0.000000000000000000e+00,0.000000000000000000e+00
1.079012797063685358e+00,0.000000000000000000e+00,0.000000000000000000e+00
1.080108241527709234e+00,0.000000000000000000e+00,0.000000000000000000e+00
1.081203685991733332e+00,0.000000000000000000e+00,0.000000000000000000e+00
1.082299130455757430e+00,0.000000000000000000e+00,0.000000000000000000e+00
1.083394574919781528e+00,0.000000000000000000e+00,0.000000000000000000e+00
1.084490019383805626e+00,0.000000000000000000e+00,0.000000000000000000e+00
1.085585463847829502e+00,0.000000000000000000e+00,0.000000000000000000e+00
1.086680908311853599e+00,0.000000000000000000e+00,0.000000000000000000e+00
1.087776352775877697e+00,0.000000000000000000e+00,0.000000000000000000e+00
1.088871797239901573e+00,0.000000000000000000e+00,0.000000000000000000e+00
1.089967241703925671e+00,0.000000000000000000e+00,0.000000000000000000e+00
1.091062686167949991e+00,0.000000000000000000e+00,0.000000000000000000e+00
1.092158130631973867e+00,0.000000000000000000e+00,0.000000000000000000e+00
1.093253575095997965e+00,0.000000000000000000e+00,0.000000000000000000e+00
1.094349019560022063e+00,0.000000000000000000e+00,0.000000000000000000e+00
1.095444464024045939e+00,0.000000000000000000e+00,0.000000000000000000e+00
1.096539908488070036e+00,0.000000000000000000e+00,0.000000000000000000e+00
1.097635352952094134e+00,0.000000000000000000e+00,0.000000000000000000e+00
1.098730797416118010e+00,0.000000000000000000e+00,0.000000000000000000e+00
1.099826241880142108e+00,0.000000000000000000e+00,0.000000000000000000e+00
1.100921686344166206e+00,0.000000000000000000e+00,0.000000000000000000e+00
1.102017130808190304e+00,0.000000000000000000e+00,0.000000000000000000e+00
1.103112575272214402e+00,0.000000000000000000e+00,0.000000000000000000e+00
1.104208019736238278e+00,0.000000000000000000e+00,0.000000000000000000e+00
1.105303464200262376e+00,0.000000000000000000e+00,0.000000000000000000e+00
1.106398908664286473e+00,0.000000000000000000e+00,0.000000000000000000e+00
1.107494353128310349e+00,0.000000000000000000e+00,0.000000000000000000e+00
1.108589797592334447e+00,0.000000000000000000e+00,0.000000000000000000e+00
1.109685242056358767e+00,0.000000000000000000e+00,0.000000000000000000e+00
1.110780686520382643e+00,0.000000000000000000e+00,0.000000000000000000e+00
1.111876130984406741e+00,0.000000000000000000e+00,0.000000000000000000e+00
1.112971575448430839e+00,0.000000000000000000e+00,0.000000000000000000e+00
1.114067019912454715e+00,0.000000000000000000e+00,0.000000000000000000e+00
1.115162464376478813e+00,0.000000000000000000e+00,0.000000000000000000e+00
1.116257908840502910e+00,0.000000000000000000e+00,0.000000000000000000e+00
1.117353353304526786e+00,0.000000000000000000e+00,0.000000000000000000e+00
1.118448797768551106e+00,0.000000000000000000e+00,0.000000000000000000e+00
1.119544242232574982e+00,0.000000000000000000e+00,0.000000000000000000e+00
1.120639686696599080e+00,0.000000000000000000e+00,0.000000000000000000e+00
1.121735131160623178e+00,0.000000000000000000e+00,0.000000000000000000e+00
1.122830575624647054e+00,0.000000000000000000e+00,0.000000000000000000e+00
1.123926020088671152e+00,0.000000000000000000e+00,0.000000000000000000e+00
1.125021464552695249e+00,0.000000000000000000e+00,0.000000000000000000e+00
1.126116909016719125e+00,0.000000000000000000e+00,0.000000000000000000e+00
1.127212353480743223e+00,0.000000000000000000e+00,0.000000000000000000e+00
1.128307797944767543e+00,0.000000000000000000e+00,0.000000000000000000e+00
1.129403242408791419e+00,0.000000000000000000e+00,0.000000000000000000e+00
1.130498686872815517e+00,0.000000000000000000e+00,0.000000000000000000e+00
1.131594131336839615e+00,0.000000000000000000e+00,0.000000000000000000e+00
1.132689575800863491e+00,0.000000000000000000e+00,0.000000000000000000e+00
1.133785020264887589e+00,0.000000000000000000e+00,0.000000000000000000e+00
1.134880464728911686e+00,0.000000000000000000e+00,0.000000000000000000e+00
1.135975909192935562e+00,0.000000000000000000e+00,0.000000000000000000e+00
1.137071353656959882e+00,0.000000000000000000e+00,0.000000000000000000e+00
1.138166798120983758e+00,0.000000000000000000e+00,0.000000000000000000e+00
1.139262242585007856e+00,0.000000000000000000e+00,0.000000000000000000e+00
1.140357687049031954e+00,0.000000000000000000e+00,0.000000000000000000e+00
1.141453131513055830e+00,0.000000000000000000e+00,0.000000000000000000e+00
1.142548575977079928e+00,0.000000000000000000e+00,0.000000000000000000e+00
1.143644020441104026e+00,0.000000000000000000e+00,0.000000000000000000e+00
1.144739464905127901e+00,0.000000000000000000e+00,0.000000000000000000e+00
1.145834909369152221e+00,0.000000000000000000e+00,0.000000000000000000e+00
1.146930353833176319e+00,0.000000000000000000e+00,0.000000000000000000e+00
1.148025798297200195e+00,0.000000000000000000e+00,0.000000000000000000e+00
1.149121242761224293e+00,0.000000000000000000e+00,0.000000000000000000e+00
1.150216687225248391e+00,0.000000000000000000e+00,0.000000000000000000e+00
1.151312131689272267e+00,0.000000000000000000e+00,0.000000000000000000e+00
1.152407576153296365e+00,0.000000000000000000e+00,0.000000000000000000e+00
1.153503020617320463e+00,0.000000000000000000e+00,0.000000000000000000e+00
1.154598465081344338e+00,0.000000000000000000e+00,0.000000000000000000e+00
1.155693909545368658e+00,0.000000000000000000e+00,0.000000000000000000e+00
1.156789354009392534e+00,0.000000000000000000e+00,0.000000000000000000e+00
1.157884798473416632e+00,0.000000000000000000e+00,0.000000000000000000e+00
1.158980242937440730e+00,0.000000000000000000e+00,0.000000000000000000e+00
1.160075687401464606e+00,0.000000000000000000e+00,0.000000000000000000e+00
1.161171131865488704e+00,0.000000000000000000e+00,0.000000000000000000e+00
1.162266576329512802e+00,0.000000000000000000e+00,0.000000000000000000e+00
1.163362020793536677e+00,0.000000000000000000e+00,0.000000000000000000e+00
1.164457465257560997e+00,0.000000000000000000e+00,0.000000000000000000e+00
1.165552909721585095e+00,0.000000000000000000e+00,0.000000000000000000e+00
1.166648354185608971e+00,0.000000000000000000e+00,0.000000000000000000e+00
1.167743798649633069e+00,0.000000000000000000e+00,0.000000000000000000e+00
1.168839243113657167e+00,0.000000000000000000e+00,0.000000000000000000e+00
1.169934687577681043e+00,0.000000000000000000e+00,0.000000000000000000e+00
1.171030132041705141e+00,0.000000000000000000e+00,0.000000000000000000e+00
1.172125576505729239e+00,0.000000000000000000e+00,0.000000000000000000e+00
1.173221020969753337e+00,0.000000000000000000e+00,0.000000000000000000e+00
1.174316465433777434e+00,0.000000000000000000e+00,0.000000000000000000e+00
1.175411909897801310e+00,0.000000000000000000e+00,0.000000000000000000e+00
1.176507354361825408e+00,0.000000000000000000e+00,0.000000000000000000e+00
1.177602798825849506e+00,0.000000000000000000e+00,0.000000000000000000e+00
1.178698243289873382e+00,0.000000000000000000e+00,0.000000000000000000e+00
1.179793687753897480e+00,0.000000000000000000e+00,0.000000000000000000e+00
1.180889132217921578e+00,0.000000000000000000e+00,0.000000000000000000e+00
1.181984576681945454e+00,0.000000000000000000e+00,0.000000000000000000e+00
1.183080021145969773e+00,0.000000000000000000e+00,0.000000000000000000e+00
1.184175465609993871e+00,0.000000000000000000e+00,0.000000000000000000e+00
1.185270910074017747e+00,0.000000000000000000e+00,0.000000000000000000e+00
1.186366354538041845e+00,0.000000000000000000e+00,0.000000000000000000e+00
1.187461799002065943e+00,0.000000000000000000e+00,0.000000000000000000e+00
1.188557243466089819e+00,0.000000000000000000e+00,0.000000000000000000e+00
1.189652687930113917e+00,0.000000000000000000e+00,0.000000000000000000e+00
1.190748132394138015e+00,0.000000000000000000e+00,0.000000000000000000e+00
1.191843576858162113e+00,0.000000000000000000e+00,0.000000000000000000e+00
1.192939021322186210e+00,0.000000000000000000e+00,0.000000000000000000e+00
1.194034465786210086e+00,0.000000000000000000e+00,0.000000000000000000e+00
1.195129910250234184e+00,0.000000000000000000e+00,0.000000000000000000e+00
1.196225354714258282e+00,0.000000000000000000e+00,0.000000000000000000e+00
1.197320799178282158e+00,0.000000000000000000e+00,0.000000000000000000e+00
1.198416243642306256e+00,0.000000000000000000e+00,0.000000000000000000e+00
1.199511688106330354e+00,0.000000000000000000e+00,0.000000000000000000e+00
1.200607132570354452e+00,0.000000000000000000e+00,0.000000000000000000e+00
1.201702577034378550e+00,0.000000000000000000e+00,0.000000000000000000e+00
1.202798021498402647e+00,0.000000000000000000e+00,0.000000000000000000e+00
1.203893465962426523e+00,0.000000000000000000e+00,0.000000000000000000e+00
1.204988910426450621e+00,0.000000000000000000e+00,0.000000000000000000e+00
1.206084354890474719e+00,0.000000000000000000e+00,0.000000000000000000e+00
1.207179799354498595e+00,0.000000000000000000e+00,0.000000000000000000e+00
1.208275243818522693e+00,0.000000000000000000e+00,0.000000000000000000e+00
1.209370688282546791e+00,0.000000000000000000e+00,0.000000000000000000e+00
1.210466132746570889e+00,0.000000000000000000e+00,0.000000000000000000e+00
1.211561577210594987e+00,0.000000000000000000e+00,0.000000000000000000e+00
1.212657021674618862e+00,0.000000000000000000e+00,0.000000000000000000e+00
1.213752466138642960e+00,0.000000000000000000e+00,0.000000000000000000e+00
1.214847910602667058e+00,0.000000000000000000e+00,0.000000000000000000e+00
1.215943355066690934e+00,0.000000000000000000e+00,0.000000000000000000e+00
1.217038799530715032e+00,0.000000000000000000e+00,0.000000000000000000e+00
1.218134243994739130e+00,0.000000000000000000e+00,0.000000000000000000e+00
1.219229688458763228e+00,0.000000000000000000e+00,0.000000000000000000e+00
1.220325132922787326e+00,0.000000000000000000e+00,0.000000000000000000e+00
1.221420577386811424e+00,0.000000000000000000e+00,0.000000000000000000e+00
1.222516021850835299e+00,0.000000000000000000e+00,0.000000000000000000e+00
1.223611466314859397e+00,0.000000000000000000e+00,0.000000000000000000e+00
1.224706910778883495e+00,0.000000000000000000e+00,0.000000000000000000e+00
1.225802355242907371e+00,0.000000000000000000e+00,0.000000000000000000e+00
1.226897799706931469e+00,0.000000000000000000e+00,0.000000000000000000e+00
1.227993244170955567e+00,0.000000000000000000e+00,0.000000000000000000e+00
1.229088688634979665e+00,0.000000000000000000e+00,0.000000000000000000e+00
1.230184133099003763e+00,0.000000000000000000e+00,0.000000000000000000e+00
1.231279577563027638e+00,0.000000000000000000e+00,0.000000000000000000e+00
1.232375022027051736e+00,0.000000000000000000e+00,0.000000000000000000e+00
1.233470466491075834e+00,0.000000000000000000e+00,0.000000000000000000e+00
1.234565910955099710e+00,0.000000000000000000e+00,0.000000000000000000e+00
1.235661355419123808e+00,0.000000000000000000e+00,0.000000000000000000e+00
1.236756799883147906e+00,0.000000000000000000e+00,0.000000000000000000e+00
1.237852244347172004e+00,0.000000000000000000e+00,0.000000000000000000e+00
1.238947688811196102e+00,0.000000000000000000e+00,0.000000000000000000e+00
1.240043133275220200e+00,0.000000000000000000e+00,0.000000000000000000e+00
1.241138577739244075e+00,0.000000000000000000e+00,0.000000000000000000e+00
1.242234022203268173e+00,0.000000000000000000e+00,0.000000000000000000e+00
1.243329466667292271e+00,0.000000000000000000e+00,0.000000000000000000e+00
1.244424911131316147e+00,0.000000000000000000e+00,0.000000000000000000e+00
1.245520355595340245e+00,0.000000000000000000e+00,0.000000000000000000e+00
1.246615800059364343e+00,0.000000000000000000e+00,0.000000000000000000e+00
1.247711244523388441e+00,0.000000000000000000e+00,0.000000000000000000e+00
1.248806688987412539e+00,0.000000000000000000e+00,0.000000000000000000e+00
1.249902133451436415e+00,0.000000000000000000e+00,0.000000000000000000e+00
1.250997577915460512e+00,0.000000000000000000e+00,0.000000000000000000e+00
1.252093022379484610e+00,0.000000000000000000e+00,0.000000000000000000e+00
1.253188466843508486e+00,0.000000000000000000e+00,0.000000000000000000e+00
1.254283911307532584e+00,0.000000000000000000e+00,0.000000000000000000e+00
1.255379355771556904e+00,0.000000000000000000e+00,0.000000000000000000e+00
1.256474800235580780e+00,0.000000000000000000e+00,0.000000000000000000e+00
1.257570244699604878e+00,0.000000000000000000e+00,0.000000000000000000e+00
1.258665689163628976e+00,0.000000000000000000e+00,0.000000000000000000e+00
1.259761133627652852e+00,0.000000000000000000e+00,0.000000000000000000e+00
1.260856578091676949e+00,0.000000000000000000e+00,0.000000000000000000e+00
1.261952022555701047e+00,0.000000000000000000e+00,0.000000000000000000e+00
1.263047467019724923e+00,0.000000000000000000e+00,0.000000000000000000e+00
1.264142911483749021e+00,0.000000000000000000e+00,0.000000000000000000e+00
1.265238355947773119e+00,0.000000000000000000e+00,0.000000000000000000e+00
1.266333800411797217e+00,0.000000000000000000e+00,0.000000000000000000e+00
1.267429244875821315e+00,0.000000000000000000e+00,0.000000000000000000e+00
1.268524689339845191e+00,0.000000000000000000e+00,0.000000000000000000e+00
1.269620133803869289e+00,0.000000000000000000e+00,0.000000000000000000e+00
1.270715578267893386e+00,0.000000000000000000e+00,0.000000000000000000e+00
1.271811022731917262e+00,0.000000000000000000e+00,0.000000000000000000e+00
1.272906467195941360e+00,0.000000000000000000e+00,0.000000000000000000e+00
1.274001911659965680e+00,0.000000000000000000e+00,0.000000000000000000e+00
1.275097356123989556e+00,0.000000000000000000e+00,0.000000000000000000e+00
1.276192800588013654e+00,0.000000000000000000e+00,0.000000000000000000e+00
1.277288245052037752e+00,0.000000000000000000e+00,0.000000000000000000e+00
1.278383689516061628e+00,0.000000000000000000e+00,0.000000000000000000e+00
1.279479133980085725e+00,0.000000000000000000e+00,0.000000000000000000e+00
1.280574578444109823e+00,0.000000000000000000e+00,0.000000000000000000e+00
1.281670022908133699e+00,0.000000000000000000e+00,0.000000000000000000e+00
1.282765467372158019e+00,0.000000000000000000e+00,0.000000000000000000e+00
1.283860911836181895e+00,0.000000000000000000e+00,0.000000000000000000e+00
1.284956356300205993e+00,0.000000000000000000e+00,0.000000000000000000e+00
1.286051800764230091e+00,0.000000000000000000e+00,0.000000000000000000e+00
1.287147245228253967e+00,0.000000000000000000e+00,0.000000000000000000e+00
1.288242689692278065e+00,0.000000000000000000e+00,0.000000000000000000e+00
1.289338134156302162e+00,0.000000000000000000e+00,0.000000000000000000e+00
1.290433578620326038e+00,0.000000000000000000e+00,0.000000000000000000e+00
1.291529023084350136e+00,0.000000000000000000e+00,0.000000000000000000e+00
1.292624467548374456e+00,0.000000000000000000e+00,0.000000000000000000e+00
1.293719912012398332e+00,0.000000000000000000e+00,0.000000000000000000e+00
1.294815356476422430e+00,0.000000000000000000e+00,0.000000000000000000e+00
1.295910800940446528e+00,0.000000000000000000e+00,0.000000000000000000e+00
1.297006245404470404e+00,0.000000000000000000e+00,0.000000000000000000e+00
1.298101689868494502e+00,0.000000000000000000e+00,0.000000000000000000e+00
1.299197134332518377e+00,0.000000000000000000e+00,0.000000000000000000e+00
1.300292578796542475e+00,0.000000000000000000e+00,0.000000000000000000e+00
1.301388023260566795e+00,0.000000000000000000e+00,0.000000000000000000e+00
1.302483467724590671e+00,0.000000000000000000e+00,0.000000000000000000e+00
1.303578912188614769e+00,0.000000000000000000e+00,0.000000000000000000e+00
1.304674356652638867e+00,0.000000000000000000e+00,0.000000000000000000e+00
1.305769801116662743e+00,0.000000000000000000e+00,0.000000000000000000e+00
1.306865245580686841e+00,0.000000000000000000e+00,0.000000000000000000e+00
1.307960690044710939e+00,0.000000000000000000e+00,0.000000000000000000e+00
1.309056134508734814e+00,0.000000000000000000e+00,0.000000000000000000e+00
1.310151578972759134e+00,0.000000000000000000e+00,0.000000000000000000e+00
1.311247023436783232e+00,0.000000000000000000e+00,0.000000000000000000e+00
1.312342467900807108e+00,0.000000000000000000e+00,0.000000000000000000e+00
1.313437912364831206e+00,0.000000000000000000e+00,0.000000000000000000e+00
1.314533356828855304e+00,0.000000000000000000e+00,0.000000000000000000e+00
1.315628801292879180e+00,0.000000000000000000e+00,0.000000000000000000e+00
1.316724245756903278e+00,0.000000000000000000e+00,0.000000000000000000e+00
1.317819690220927153e+00,0.000000000000000000e+00,0.000000000000000000e+00
1.318915134684951251e+00,0.000000000000000000e+00,0.000000000000000000e+00
1.320010579148975571e+00,0.000000000000000000e+00,0.000000000000000000e+00
1.321106023612999447e+00,0.000000000000000000e+00,0.000000000000000000e+00
1.322201468077023545e+00,0.000000000000000000e+00,0.000000000000000000e+00
1.323296912541047643e+00,0.000000000000000000e+00,0.000000000000000000e+00
1.324392357005071519e+00,0.000000000000000000e+00,0.000000000000000000e+00
1.325487801469095617e+00,0.000000000000000000e+00,0.000000000000000000e+00
1.326583245933119715e+00,0.000000000000000000e+00,0.000000000000000000e+00
1.327678690397143590e+00,0.000000000000000000e+00,0.000000000000000000e+00
1.328774134861167910e+00,0.000000000000000000e+00,0.000000000000000000e+00
1.329869579325192008e+00,0.000000000000000000e+00,0.000000000000000000e+00
1.330965023789215884e+00,0.000000000000000000e+00,0.000000000000000000e+00
1.332060468253239982e+00,0.000000000000000000e+00,0.000000000000000000e+00
1.333155912717263858e+00,0.000000000000000000e+00,0.000000000000000000e+00
1.334251357181287956e+00,0.000000000000000000e+00,0.000000000000000000e+00
1.335346801645312054e+00,0.000000000000000000e+00,0.000000000000000000e+00
1.336442246109335930e+00,0.000000000000000000e+00,0.000000000000000000e+00
1.337537690573360250e+00,0.000000000000000000e+00,0.000000000000000000e+00
1.338633135037384347e+00,0.000000000000000000e+00,0.000000000000000000e+00
1.339728579501408223e+00,0.000000000000000000e+00,0.000000000000000000e+00
1.340824023965432321e+00,0.000000000000000000e+00,0.000000000000000000e+00
1.341919468429456419e+00,0.000000000000000000e+00,0.000000000000000000e+00
1.343014912893480295e+00,0.000000000000000000e+00,0.000000000000000000e+00
1.344110357357504393e+00,0.000000000000000000e+00,0.000000000000000000e+00
1.345205801821528491e+00,0.000000000000000000e+00,0.000000000000000000e+00
1.346301246285552367e+00,0.000000000000000000e+00,0.000000000000000000e+00
1.347396690749576686e+00,0.000000000000000000e+00,0.000000000000000000e+00
1.348492135213600562e+00,0.000000000000000000e+00,0.000000000000000000e+00
1.349587579677624660e+00,0.000000000000000000e+00,0.000000000000000000e+00
1.350683024141648758e+00,0.000000000000000000e+00,0.000000000000000000e+00
1.351778468605672634e+00,0.000000000000000000e+00,0.000000000000000000e+00
1.352873913069696732e+00,0.000000000000000000e+00,0.000000000000000000e+00
1.353969357533720830e+00,0.000000000000000000e+00,0.000000000000000000e+00
1.355064801997744706e+00,0.000000000000000000e+00,0.000000000000000000e+00
1.356160246461769026e+00,0.000000000000000000e+00,0.000000000000000000e+00
1.357255690925793123e+00,0.000000000000000000e+00,0.000000000000000000e+00
1.358351135389816999e+00,0.000000000000000000e+00,0.000000000000000000e+00
1.359446579853841097e+00,0.000000000000000000e+00,0.000000000000000000e+00
1.360542024317865195e+00,0.000000000000000000e+00,0.000000000000000000e+00
1.361637468781889071e+00,0.000000000000000000e+00,0.000000000000000000e+00
1.362732913245913169e+00,0.000000000000000000e+00,0.000000000000000000e+00
1.363828357709937267e+00,0.000000000000000000e+00,0.000000000000000000e+00
1.364923802173961365e+00,0.000000000000000000e+00,0.000000000000000000e+00
1.366019246637985463e+00,0.000000000000000000e+00,0.000000000000000000e+00
1.367114691102009338e+00,0.000000000000000000e+00,0.000000000000000000e+00
1.368210135566033436e+00,0.000000000000000000e+00,0.000000000000000000e+00
1.369305580030057534e+00,0.000000000000000000e+00,0.000000000000000000e+00
