# omega(Hartree) S(1/Hartree) dS(1/Hartree)
1.095444464024046072e-03,2.010509278254428711e+00,8.304134174808369684e-01
2.190888928048092144e-03,2.023588430090752954e+00,8.259906097236654476e-01
3.286333392072138000e-03,2.039723612206041370e+00,8.223383047510894883e-01
4.381777856096184288e-03,2.058743618580975987e+00,8.193955433566526558e-01
5.477222320120230144e-03,2.080494132528520890e+00,8.171067505521254493e-01
6.572666784144275999e-03,2.104835109558541806e+00,8.154216374581352289e-01
7.668111248168322722e-03,2.131638540836684026e+00,8.142948046216176294e-01
8.763555712192368577e-03,2.160786538083226738e+00,8.136846974699213364e-01
9.859000176216414432e-03,2.192169691289007627e+00,8.135514420673065628e-01
1.095444464024046029e-02,2.225685659127246474e+00,8.138530099403595841e-01
1.204988910426450614e-02,2.261237958830958572e+00,8.145392460448271921e-01
1.314533356828855200e-02,2.298734927891784796e+00,8.155436603107731885e-01
1.424077803231259785e-02,2.338088834488975643e+00,8.167738213963889882e-01
1.533622249633664544e-02,2.379215117265311097e+00,8.181029527297115633e-01
1.643166696036068783e-02,2.422031738098259446e+00,8.193682598060809674e-01
1.752711142438473715e-02,2.466458633993935390e+00,8.203858709358593515e-01
1.862255588840878301e-02,2.512417256265137677e+00,8.209975865831994346e-01
1.971800035243282886e-02,2.559830186823316645e+00,8.211700403853060548e-01
2.081344481645687472e-02,2.608620822786702487e+00,8.211686623764035131e-01
2.190888928048092057e-02,2.658713121737471763e+00,8.218194959685503065e-01
2.300433374450496643e-02,2.710031400894324705e+00,8.248358369050859951e-01
2.409977820852901229e-02,2.762500184240559875e+00,8.331000777209207619e-01
2.519522267255305814e-02,2.816044092289450518e+00,8.506457633556351317e-01
2.629066713657710400e-02,2.870587769705902126e+00,8.819641377146301142e-01
2.738611160060114985e-02,2.926055846455095644e+00,9.304315664849341916e-01
2.848155606462519571e-02,2.982372928528799427e+00,9.964152477604798497e-01
2.957700052864924503e-02,3.039463614629539734e+00,1.076799193972673097e+00
3.067244499267329089e-02,3.097252535473773882e+00,1.168674546636260914e+00
3.176788945669733327e-02,3.155664412623428561e+00,1.279962526574930370e+00
3.286333392072137566e-02,3.214624133976602405e+00,1.444526581804526089e+00
3.395877838474542498e-02,3.274056843246829107e+00,1.720223096331557677e+00
3.505422284876947431e-02,3.333888040944305686e+00,2.144227652548237995e+00
3.614966731279351669e-02,3.394043694542202338e+00,2.726289518767949893e+00
3.724511177681756602e-02,3.454450355673470252e+00,3.694751175433465651e+00
3.834055624084160840e-02,3.515035282356492985e+00,5.644991107014662113e+00
3.943600070486565773e-02,3.575726564397836427e+00,8.472334444718631730e+00
4.053144516888970011e-02,3.636453250263490311e+00,1.076105524302214000e+01
4.162688963291374944e-02,3.697145473850580011e+00,1.103249694184863827e+01
4.272233409693779183e-02,3.757734579735381608e+00,9.163291922994924121e+00
4.381777856096184115e-02,3.818153245594987144e+00,6.401048876774178886e+00
4.491322302498588354e-02,3.878335600650645976e+00,4.139613651914752168e+00
4.600866748900993286e-02,3.938217339095105629e+00,2.865631400153274999e+00
4.710411195303397525e-02,3.997735827601259118e+00,2.209059259772356398e+00
4.819955641705802457e-02,4.056830206128850591e+00,1.784154340540375028e+00
4.929500088108207390e-02,4.115441481366136856e+00,1.490659288107820224e+00
5.039044534510611628e-02,4.173512612256734755e+00,1.318565251815935646e+00
5.148588980913015867e-02,4.230988587173020399e+00,1.240863534009873481e+00
5.258133427315420799e-02,4.287816492400187585e+00,1.217735132614318871e+00
5.367677873717825038e-02,4.343945571695470242e+00,1.219321157860135951e+00
5.477222320120229970e-02,4.399327276778042695e+00,1.230684858243502156e+00
5.586766766522634903e-02,4.453915308693662922e+00,1.246332195362019890e+00
5.696311212925039141e-02,4.507665650076614128e+00,1.264781768639498205e+00
5.805855659327444074e-02,4.560536588405939007e+00,1.285679285459134347e+00
5.915400105729849006e-02,4.612488730419819660e+00,1.308718822437651141e+00
6.024944552132253245e-02,4.663485007911556401e+00,1.333418315334721438e+00
6.134488998534658177e-02,4.713490675184543122e+00,1.359187140824135387e+00
6.244033444937061722e-02,4.762473298490337292e+00,1.385437354553933798e+00
6.353577891339466654e-02,4.810402737814179375e+00,1.411658935130162051e+00
6.463122337741870893e-02,4.857251121406896743e+00,1.437450900325016656e+00
6.572666784144275132e-02,4.902992813489363222e+00,1.462521826111616186e+00
6.682211230546680758e-02,4.947604375579055080e+00,1.486674679151265499e+00
6.791755676949084997e-02,4.991064521904564621e+00,1.509786413256874793e+00
6.901300123351489235e-02,5.033354069385677754e+00,1.531788103266119361e+00
7.010844569753894862e-02,5.074455882664052453e+00,1.552648160532462240e+00
7.120389016156299100e-02,5.114354814671838945e+00,1.572359302843578721e+00
7.229933462558703339e-02,5.153037643224075204e+00,1.590928994395527152e+00
7.339477908961108965e-02,5.190493004116515152e+00,1.608372756483607224e+00
7.449022355363513204e-02,5.226711321200682825e+00,1.624709675217640648e+00
7.558566801765917442e-02,5.261684733898635891e+00,1.639959479694876876e+00
7.668111248168321681e-02,5.295407022604823766e+00,1.654140740556045763e+00
7.777655694570725919e-02,5.327873532406940171e+00,1.667269791681990965e+00
7.887200140973131546e-02,5.359081095540616069e+00,1.679360132852489196e+00
7.996744587375535784e-02,5.389027952972586633e+00,1.690422105546073306e+00
8.106289033777940023e-02,5.417713675487336289e+00,1.700462733368934831e+00
8.215833480180345649e-02,5.445139084631052562e+00,1.709485634270990984e+00
8.325377926582749888e-02,5.471306173843797360e+00,1.717490945604867703e+00
8.434922372985154126e-02,5.496218030090128437e+00,1.724475242984444989e+00
8.544466819387558365e-02,5.519878756274247067e+00,1.730431421236032996e+00
8.654011265789963991e-02,5.542293394704662646e+00,1.735348536771877725e+00
8.763555712192368230e-02,5.563467851850527168e+00,1.739211608368000483e+00
8.873100158594772469e-02,5.583408824609894516e+00,1.742001385888285014e+00
8.982644604997176707e-02,5.602123728289202909e+00,1.743694098312422058e+00
9.092189051399580946e-02,5.619620626472547897e+00,1.744261211380319310e+00
9.201733497801986572e-02,5.635908162938910948e+00,1.743669233335230162e+00
9.311277944204390811e-02,5.650995495767364041e+00,1.741879609000896112e+00
9.420822390606795049e-02,5.664892233750808082e+00,1.738848794546368870e+00
9.530366837009200676e-02,5.677608375222691350e+00,1.734528595402976325e+00
9.639911283411604914e-02,5.689154249384265505e+00,1.728866892339631534e+00
9.749455729814009153e-02,5.699540460204490344e+00,1.721808909480742944e+00
9.859000176216414779e-02,5.708777832951151154e+00,1.713299182618476912e+00
9.968544622618819018e-02,5.716877363397658840e+00,1.703284400692997469e+00
1.007808906902122326e-01,5.723850169738364357e+00,1.691717218423914870e+00
1.018763351542362888e-01,5.729707447233925777e+00,1.678561040921158876e+00
1.029717796182603173e-01,5.734460425597647237e+00,1.663795486632564380e+00
1.040672240822843597e-01,5.738120329124944519e+00,1.647421771785726019e+00
1.051626685463084160e-01,5.740698339559207497e+00,1.629466500675825991e+00
1.062581130103324584e-01,5.742205561680274073e+00,1.609981228043225965e+00
1.073535574743565008e-01,5.742652991594786371e+00,1.589033790186257011e+00
1.084490019383805570e-01,5.742051487701553825e+00,1.566686162971218987e+00
1.095444464024045994e-01,5.740411744300823571e+00,1.542953631552923754e+00
1.106398908664286418e-01,5.737744267810876764e+00,1.517743835733201152e+00
1.117353353304526981e-01,5.734059355551868187e+00,1.490786555156615734e+00
1.128307797944767404e-01,5.729367077054031476e+00,1.461593967390098170e+00
1.139262242585007828e-01,5.723677257844448363e+00,1.429548853983287904e+00
1.150216687225248391e-01,5.716999465662278013e+00,1.394319737850134855e+00
1.161171131865488815e-01,5.709342999057576584e+00,1.356953790326255405e+00
1.172125576505729239e-01,5.700716878315311043e+00,1.322138630653147739e+00
1.183080021145969801e-01,5.691129838655424322e+00,1.301890179861149521e+00
1.194034465786210225e-01,5.680590325661223794e+00,1.319167543476406301e+00
1.204988910426450649e-01,5.669106492869147473e+00,1.405632315375963337e+00
1.215943355066691212e-01,5.656686201478392739e+00,1.587522120277753190e+00
1.226897799706931635e-01,5.643337022118496193e+00,1.871553688380708458e+00
1.237852244347171921e-01,5.629066238621994067e+00,2.263124338993218743e+00
1.248806688987412344e-01,5.613880853747377664e+00,2.839545848681376494e+00
1.259761133627652907e-01,5.597787596796596432e+00,3.831473508607643907e+00
1.270715578267893331e-01,5.580792933071727191e+00,5.516165524645648688e+00
1.281670022908133755e-01,5.562903075115719354e+00,7.899089661244120819e+00
1.292624467548374179e-01,5.544123995680509509e+00,1.054316686056707830e+01
1.303578912188614602e-01,5.524461442366343178e+00,1.268610142071598545e+01
1.314533356828855026e-01,5.503920953875336863e+00,1.357598269329959528e+01
1.325487801469095728e-01,5.482507877820654407e+00,1.287357559842468824e+01
1.336442246109336152e-01,5.460227390033096206e+00,1.086203365451451752e+01
1.347396690749576575e-01,5.437084515304099419e+00,8.298940985453555186e+00
1.358351135389816999e-01,5.413084149503577081e+00,6.005853780185654855e+00
1.369305580030057423e-01,5.388231083009148215e+00,4.447090342136197805e+00
1.380260024670297847e-01,5.362530025380515042e+00,3.554860024168119637e+00
1.391214469310538548e-01,5.335985631211602964e+00,3.000906474188365536e+00
1.402168913950778972e-01,5.308602527089293588e+00,2.578407535472739820e+00
1.413123358591019396e-01,5.280385339585205173e+00,2.243308676968058357e+00
1.424077803231259820e-01,5.251338724203964858e+00,2.000915838667431501e+00
1.435032247871500244e-01,5.221467395207472606e+00,1.843638863410724138e+00
1.445986692511740668e-01,5.190776156230922922e+00,1.746238740640252640e+00
1.456941137151981369e-01,5.159269931602987747e+00,1.681311724956929377e+00
1.467895581792221793e-01,5.126953798277473773e+00,1.630154851085439782e+00
1.478850026432462217e-01,5.093833018279768865e+00,1.584060227807653654e+00
1.489804471072702641e-01,5.059913071567192944e+00,1.541023286365174494e+00
1.500758915712943065e-01,5.025199689196306885e+00,1.502153689022448280e+00
1.511713360353183488e-01,4.989698886687277124e+00,1.469248640962566910e+00
1.522667804993423912e-01,4.953416997468660377e+00,1.443554361687386933e+00
1.533622249633664336e-01,4.916360706282250526e+00,1.425365661448766863e+00
1.544576694273904760e-01,4.878537082422317539e+00,1.414109789968633901e+00
1.555531138914145184e-01,4.839953612678879580e+00,1.408640906058190367e+00
1.566485583554385608e-01,4.800618233850045158e+00,1.407563588318917924e+00
1.577440028194626309e-01,4.760539364684191810e+00,1.409489353534224998e+00
1.588394472834866733e-01,4.719725937108612435e+00,1.413196291786908976e+00
1.599348917475107157e-01,4.678187426597677501e+00,1.417701497001969679e+00
1.610303362115347581e-01,4.635933881530236889e+00,1.422271705231607619e+00
1.621257806755588005e-01,4.592975951383517774e+00,1.426398124553274194e+00
1.632212251395828428e-01,4.549324913608333354e+00,1.429755402277533838e+00
1.643166696036069130e-01,4.504992699029861214e+00,1.432157550852224404e+00
1.654121140676309554e-01,4.459991915616164704e+00,1.433517823958238901e+00
1.665075585316549978e-01,4.414335870458621081e+00,1.433815564570994905e+00
1.676030029956790401e-01,4.368038589808231897e+00,1.433070670619720488e+00
1.686984474597030825e-01,4.321114837014592425e+00,1.431325072270184240e+00
1.697938919237271249e-01,4.273580128217369101e+00,1.428630075145996825e+00
1.708893363877511673e-01,4.225450745643929196e+00,1.425038296482705080e+00
1.719847808517752374e-01,4.176743748373131560e+00,1.420598995774725593e+00
1.730802253157992798e-01,4.127476980431654674e+00,1.415355791691200071e+00
1.741756697798233222e-01,4.077669076095096656e+00,1.409345954824271940e+00
1.752711142438473646e-01,4.027339462280006721e+00,1.402600668928957184e+00
1.763665587078714070e-01,3.976508357917217573e+00,1.395145815991810645e+00
1.774620031718954494e-01,3.925196770213561503e+00,1.387002990304082806e+00
1.785574476359194918e-01,3.873426487718833577e+00,1.378190545266122058e+00
1.796528920999435341e-01,3.821220070130234792e+00,1.368724558023265869e+00
1.807483365639675765e-01,3.768600834781317577e+00,1.358619656401138798e+00
1.818437810279916189e-01,3.715592839778097289e+00,1.347889682862229987e+00
1.829392254920156613e-01,3.662220863763432366e+00,1.336548199895510214e+00
1.840346699560397314e-01,3.608510382307255959e+00,1.324608849332792326e+00
1.851301144200637738e-01,3.554487540940169499e+00,1.312085588323576468e+00
1.862255588840878162e-01,3.500179124867070168e+00,1.298992822662219160e+00
1.873210033481118586e-01,3.445612525416843930e+00,1.285345459834832615e+00
1.884164478121359010e-01,3.390815703305057660e+00,1.271158900201269537e+00
1.895118922761599434e-01,3.335817148806891730e+00,1.256448981559295186e+00
1.906073367401840135e-01,3.280645838956778082e+00,1.241231889392989896e+00
1.917027812042080559e-01,3.225331191913494600e+00,1.225524040852238539e+00
1.927982256682320983e-01,3.169903018646615056e+00,1.209341948048348936e+00
1.938936701322561407e-01,3.114391472121524895e+00,1.192702063777293153e+00
1.949891145962801831e-01,3.058826994177468617e+00,1.175620608883500395e+00
1.960845590603042254e-01,3.003240260307022069e+00,1.158113379918264352e+00
1.971800035243282956e-01,2.947662122576408805e+00,1.140195531835697551e+00
1.982754479883523380e-01,2.892123550909871721e+00,1.121881329078411760e+00
1.993708924523763804e-01,2.836655573013518339e+00,1.103183855981653805e+00
2.004663369164004227e-01,2.781289213194463095e+00,1.084114673921783734e+00
2.015617813804244651e-01,2.726055430356005616e+00,1.064683410615804959e+00
2.026572258444485075e-01,2.670985055454118129e+00,1.044897263084376249e+00
2.037526703084725777e-01,2.616108728702530861e+00,1.024760392476981030e+00
2.048481147724966200e-01,2.561456836826139227e+00,1.004273187299274506e+00
2.059435592365206347e-01,2.507059450651123456e+00,9.834313668741067049e-01
2.070390037005446771e-01,2.452946263331743815e+00,9.622249040246312335e-01
2.081344481645687194e-01,2.399146529502298453e+00,9.406367478872537102e-01
2.092298926285927896e-01,2.345689005640008595e+00,9.186413517747802349e-01
2.103253370926168320e-01,2.292601891918342627e+00,8.962030510243328418e-01
2.114207815566408744e-01,2.239912775818246882e+00,8.732744085176847859e-01
2.125162260206649167e-01,2.187648577754947254e+00,8.497947747775380645e-01
2.136116704846889591e-01,2.135835498963039480e+00,8.256895189274673363e-01
2.147071149487130015e-01,2.084498971868512296e+00,8.008706988863971699e-01
2.158025594127370717e-01,2.033663613158745775e+00,7.752403618558246778e-01
2.168980038767611140e-01,1.983353179742274763e+00,7.486981138807476954e-01
2.179934483407851564e-01,1.933590527773241252e+00,7.211547451606201697e-01
2.190888928048091988e-01,1.884397574891956584e+00,6.925526393798360214e-01
2.201843372688332134e-01,1.835795265812722565e+00,6.628893974435786651e-01
2.212797817328572836e-01,1.787803541368329086e+00,6.322299325934667147e-01
2.223752261968813260e-01,1.740441311098613886e+00,6.006713428117370634e-01
2.234706706609053961e-01,1.693726429445386206e+00,5.682079493609842880e-01
2.245661151249294107e-01,1.647675675597221279e+00,5.345275738624289952e-01
2.256615595889534809e-01,1.602304737001755353e+00,4.993451397035285622e-01
2.267570040529774955e-01,1.557628196543558552e+00,4.661228921616830112e-01
2.278524485170015657e-01,1.513659523363521719e+00,4.571737266321415638e-01
2.289478929810256080e-01,1.470411067274850936e+00,5.377065918280385937e-01
2.300433374450496782e-01,1.427894056712703419e+00,7.781154070964663161e-01
2.311387819090736928e-01,1.386118600133750878e+00,1.214105212533030276e+00
2.322342263730977630e-01,1.345093690767759309e+00,2.148301917800644389e+00
2.333296708371217776e-01,1.304827214604772134e+00,4.224216996517424327e+00
2.344251153011458477e-01,1.265325961488631412e+00,6.727431870912338852e+00
2.355205597651698901e-01,1.226595639174454133e+00,7.284326270016072691e+00
2.366160042291939603e-01,1.188640890196008604e+00,5.265922086024765747e+00
2.377114486932179749e-01,1.151465311378722767e+00,3.135195516946394534e+00
2.388068931572420450e-01,1.115071475827638992e+00,2.196289961433520066e+00
2.399023376212660597e-01,1.079460957210776062e+00,1.660615116432017313e+00
2.409977820852901298e-01,1.044634356154007238e+00,1.329895537045993725e+00
2.420932265493141722e-01,1.010591328562925773e+00,1.168357213623556490e+00
2.431886710133382423e-01,9.773306156764189900e-01,1.054063138235584285e+00
2.442841154773622570e-01,9.448500756706078585e-01,9.288991741895110676e-01
2.453795599413863271e-01,9.131467166159866755e-01,7.957105362079528454e-01
2.464750044054103417e-01,8.822167306046225788e-01,6.738822675815534513e-01
2.475704488694343841e-01,8.520555288617415179e-01,5.800019887505564187e-01
2.486658933334584543e-01,8.226577776619725668e-01,5.209357068254971690e-01
2.497613377974824689e-01,7.940174348737180088e-01,4.915237056044760022e-01
2.508567822615065390e-01,7.661277869645108929e-01,4.791324443982407089e-01
2.519522267255305814e-01,7.389814863023036473e-01,4.717343949572831430e-01
2.530476711895546238e-01,7.125705885990418764e-01,4.621260543466168547e-01
2.541431156535786662e-01,6.868865903487778590e-01,4.475773809392499802e-01
2.552385601176027086e-01,6.619204661200901452e-01,4.280134120404557874e-01
2.563340045816267510e-01,6.376627055741398431e-01,4.045292118759986622e-01
2.574294490456507933e-01,6.141033500850902049e-01,3.785639222372935153e-01
2.585248935096748357e-01,5.912320288515625633e-01,3.515472356447477131e-01
2.596203379736989336e-01,5.690379943951747732e-01,3.247829209305574394e-01
2.607157824377229205e-01,5.475101573525925636e-01,2.994098388603467775e-01
2.618112269017470184e-01,5.266371204754082269e-01,2.763615965808343122e-01
2.629066713657710053e-01,5.064072117628671821e-01,2.563036660720590110e-01
2.640021158297951032e-01,4.868085166589469770e-01,2.395644039066650299e-01
2.650975602938191455e-01,4.678289092567308183e-01,2.260976647087769020e-01
2.661930047578431879e-01,4.494560824586994463e-01,2.155131217428329082e-01
2.672884492218672303e-01,4.316775770509602705e-01,2.071812874700207363e-01
2.683838936858912727e-01,4.144808096569313483e-01,2.003806053728860725e-01
2.694793381499153151e-01,3.978530995436777573e-01,1.944351672381707807e-01
2.705747826139393575e-01,3.817816942585293694e-01,1.888055528105401226e-01
2.716702270779633999e-01,3.662537940850460472e-01,1.831241571743254803e-01
2.727656715419874978e-01,3.512565753070673313e-01,1.771875929289812857e-01
2.738611160060114846e-01,3.367772122813847413e-01,1.709252760115655967e-01
2.749565604700355270e-01,3.228028983198973911e-01,1.643602372737139050e-01
2.760520049340595694e-01,3.093208653901617922e-01,1.575722333823251498e-01
2.771474493980836118e-01,2.963184026459713682e-01,1.506679782198042106e-01
2.782428938621077097e-01,2.837828738034522402e-01,1.437597698079725594e-01
2.793383383261316966e-01,2.717017333831132642e-01,1.369517897676975626e-01
2.804337827901557945e-01,2.600625418402396916e-01,1.303324720603251941e-01
2.815292272541797813e-01,2.488529796079672063e-01,1.239711710185955329e-01
2.826246717182038792e-01,2.380608600831542465e-01,1.179175886698037301e-01
2.837201161822279216e-01,2.276741415825351000e-01,1.122028140483616737e-01
2.848155606462519640e-01,2.176809383030217093e-01,1.068412270083291260e-01
2.859110051102760064e-01,2.080695303179442845e-01,1.018328389380163956e-01
2.870064495743000488e-01,1.988283726439815102e-01,9.716585145069160656e-02
2.881018940383240912e-01,1.899461034147174876e-01,9.281931847583388406e-02
2.891973385023481335e-01,1.814115511952770765e-01,8.876582592879049549e-02
2.902927829663721759e-01,1.732137414764842454e-01,8.497409247941566102e-02
2.913882274303962738e-01,1.653419023831113888e-01,8.141137714755156130e-02
2.924836718944202607e-01,1.577854696342646246e-01,7.804557613741855415e-02
2.935791163584443586e-01,1.505340907917659676e-01,7.484691052252946675e-02
2.946745608224683455e-01,1.435776288336403084e-01,7.178914472255785995e-02
2.957700052864924434e-01,1.369061650866868762e-01,6.885032316714903566e-02
2.968654497505164858e-01,1.305100015563772642e-01,6.601305797569502476e-02
2.979608942145405281e-01,1.243796626851929182e-01,6.326443556935537615e-02
2.990563386785645705e-01,1.185058965765808242e-01,6.059563094821279750e-02
3.001517831425886129e-01,1.128796757159438308e-01,5.800132497912921514e-02
3.012472276066126553e-01,1.074921972193084302e-01,5.547901511315536660e-02
3.023426720706366977e-01,1.023348826465022426e-01,5.302829723049682503e-02
3.034381165346607401e-01,9.739937740147619483e-02,5.065017944270659017e-02
3.045335609986847825e-01,9.267754975470776646e-02,4.834647071338288304e-02
3.056290054627088248e-01,8.816148951365858355e-02,4.611927019336468925e-02
3.067244499267328672e-01,8.384350636886295227e-02,4.397056856573197670e-02
3.078198943907569096e-01,7.971612794121005208e-02,4.190196110572139837e-02
3.089153388547809520e-01,7.577209755551629622e-02,3.991446376347523167e-02
3.100107833188050499e-01,7.200437176455666555e-02,3.800841818953457768e-02
3.111062277828290368e-01,6.840611764617264556e-02,3.618346885813238101e-02
3.122016722468531347e-01,6.497070989416466047e-02,3.443859478354763942e-02
3.132971167108771215e-01,6.169172772503725422e-02,3.277217922302375075e-02
3.143925611749012194e-01,5.856295161943624039e-02,3.118210268084467551e-02
3.154880056389252618e-01,5.557835991578132656e-02,2.966584701089506823e-02
3.165834501029493042e-01,5.273212527568284930e-02,2.822060108442975973e-02
3.176788945669733466e-01,5.001861103601278752e-02,2.684336106841545694e-02
3.187743390309973890e-01,4.743236746348662713e-02,2.553102067053628077e-02
3.198697834950214314e-01,4.496812792726322811e-02,2.428044865196195973e-02
3.209652279590454738e-01,4.262080500186009313e-02,2.308855245079454582e-02
3.220606724230695161e-01,4.038548651510620591e-02,2.195232791671396233e-02
3.231561168870936140e-01,3.825743155083174279e-02,2.086889596132805377e-02
3.242515613511176009e-01,3.623206642059312310e-02,1.983552744663281270e-02
3.253470058151416988e-01,3.430498061208914207e-02,1.884965791061319479e-02
3.264424502791656857e-01,3.247192272497564230e-02,1.790889383653935032e-02
3.275378947431897836e-01,3.072879640484972238e-02,1.701101215053103799e-02
3.286333392072138260e-01,2.907165628099147095e-02,1.615395452558552464e-02
3.297287836712378128e-01,2.749670391703486205e-02,1.533581791623065370e-02
3.308242281352619107e-01,2.600028378274435795e-02,1.455484256634968429e-02
3.319196725992858976e-01,2.457887925121747530e-02,1.380939854049660978e-02
3.330151170633099955e-01,2.322910862898597620e-02,1.309797164405880968e-02
3.341105615273339824e-01,2.194772122468754277e-02,1.241914942064725053e-02
3.352060059913580803e-01,2.073159346014330842e-02,1.177160775266584622e-02
3.363014504553821227e-01,1.957772502992289124e-02,1.115409844878006117e-02
3.373968949194061651e-01,1.848323511108754605e-02,1.056543807372099797e-02
3.384923393834302074e-01,1.744535863053113534e-02,1.000449817192513267e-02
3.395877838474542498e-01,1.646144258924044437e-02,9.470196942877920007e-03
3.406832283114782922e-01,1.552894244856514380e-02,8.961492356882996835e-03
3.417786727755023346e-01,1.464541858130502527e-02,8.477376642814666088e-03
3.428741172395263770e-01,1.380853278845206936e-02,8.016872037027203760e-03
3.439695617035504749e-01,1.301604488452813568e-02,7.579027655750681519e-03
3.450650061675744618e-01,1.226580935293851773e-02,7.162917336185687343e-03
3.461604506315985597e-01,1.155577207285107127e-02,6.767638285193734379e-03
3.472558950956225465e-01,1.088396711802244905e-02,6.392310375637170680e-03
3.483513395596466444e-01,1.024851362951370581e-02,6.036075939493725125e-03
3.494467840236706868e-01,9.647612762458334171e-03,5.698099918797539659e-03
3.505422284876947292e-01,9.079544706818758193e-03,5.377570251386243338e-03
3.516376729517187716e-01,8.542665783442248209e-03,5.073698387163570050e-03
3.527331174157428140e-01,8.035405615113205835e-03,4.785719848146356009e-03
3.538285618797668564e-01,7.556264372048000083e-03,4.512894763598607022e-03
3.549240063437908987e-01,7.103810092160197341e-03,4.254508329184785061e-03
3.560194508078149411e-01,6.676676075903957910e-03,4.009871154255651576e-03
3.571148952718389835e-01,6.273558354932155107e-03,3.778319474616357969e-03
3.582103397358630259e-01,5.893213233665418188e-03,3.559215219476055941e-03
3.593057841998870683e-01,5.534454904103987272e-03,3.351945931333939060e-03
3.604012286639111107e-01,5.196153132028600088e-03,3.155924543509561631e-03
3.614966731279351531e-01,4.877231013992895485e-03,2.970589026110547360e-03
3.625921175919592510e-01,4.576662804788808950e-03,2.795401915078752231e-03
3.636875620559832378e-01,4.293471813992619061e-03,2.629849740510299856e-03
3.647830065200073357e-01,4.026728369784181825e-03,2.473442371196915394e-03
3.658784509840313226e-01,3.775547850077582302e-03,2.325712293515460379e-03
3.669738954480554205e-01,3.539088779593703958e-03,2.186213841259770398e-03
3.680693399120794629e-01,3.316550989956485850e-03,2.054522390855874174e-03
3.691647843761035053e-01,3.107173844604655712e-03,1.930233537755517148e-03
3.702602288401275477e-01,2.910234524575801892e-03,1.812962264536505542e-03
3.713556733041515900e-01,2.725046374651004296e-03,1.702342111533658095e-03
3.724511177681756324e-01,2.550957309309514597e-03,1.598024359009761128e-03
3.735465622321996748e-01,2.387348275836319138e-03,1.499677226863147016e-03
3.746420066962237172e-01,2.233631774184464611e-03,1.406985097690698549e-03
3.757374511602478151e-01,2.089250431766699612e-03,1.319647766733543590e-03
3.768328956242718020e-01,1.953675631794722211e-03,1.237379721275781979e-03
3.779283400882958999e-01,1.826406194009468683e-03,1.159909451163446212e-03
3.790237845523198867e-01,1.706967105734162734e-03,1.086978790668067857e-03
3.801192290163439846e-01,1.594908303057504572e-03,1.018342292407261370e-03
3.812146734803680270e-01,1.489803499679204311e-03,9.537666320494904253e-04
3.823101179443920694e-01,1.391249062079873795e-03,8.930300428296732455e-04
3.834055624084161118e-01,1.298862930589034020e-03,8.359217791981736435e-04
3.845010068724400987e-01,1.212283583743665365e-03,7.822416073354970323e-04
3.855964513364641966e-01,1.131169045633795582e-03,7.317993216277708483e-04
3.866918958004882390e-01,1.055195934462858096e-03,6.844142852110768121e-04
3.877873402645122813e-01,9.840585504288044266e-04,6.399149926128603954e-04
3.888827847285363237e-01,9.174680032572168215e-04,5.981386540011519653e-04
3.899782291925603661e-01,8.551513758342654684e-04,5.589307981056380187e-04
3.910736736565844085e-01,7.968509249639238023e-04,5.221448939278661855e-04
3.921691181206084509e-01,7.423233163822796693e-04,4.876419889277560662e-04
3.932645625846324933e-01,6.913388937752786142e-04,4.552903631724801664e-04
3.943600070486565912e-01,6.436809796241777740e-04,4.249651977760791183e-04
3.954554515126805780e-01,5.991452084006500733e-04,3.965482578247167479e-04
3.965508959767046759e-01,5.575388885720113270e-04,3.699275873971855631e-04
3.976463404407286628e-01,5.186803947786944227e-04,3.449972175974236853e-04
3.987417849047527607e-01,4.823985876767299640e-04,3.216568860374015141e-04
3.998372293687768031e-01,4.485322602708917200e-04,2.998117671396694221e-04
4.009326738328008455e-01,4.169296102355968823e-04,2.793722131262855622e-04
4.020281182968248879e-01,3.874477378399899174e-04,2.602535056868970366e-04
4.031235627608489303e-01,3.599521666363075345e-04,2.423756167023716473e-04
4.042190072248729726e-01,3.343163880672265489e-04,2.256629790950836090e-04
4.053144516888970150e-01,3.104214271344192663e-04,2.100442662030934738e-04
4.064098961529210574e-01,2.881554303315242752e-04,1.954521808119193496e-04
4.075053406169451553e-01,2.674132726635287277e-04,1.818232520280554183e-04
4.086007850809691422e-01,2.480961847228832615e-04,1.690976409722972360e-04
4.096962295449932401e-01,2.301113984675398540e-04,1.572189546991909707e-04
4.107916740090172270e-01,2.133718103013406884e-04,1.461340677009575454e-04
4.118871184730412693e-01,1.977956612931821461e-04,1.357929511820944908e-04
4.129825629370653672e-01,1.833062342797041669e-04,1.261485102212758455e-04
4.140780074010893541e-01,1.698315652169968303e-04,1.171564272865940068e-04
4.151734518651134520e-01,1.573041711697148058e-04,1.087750140016875737e-04
4.162688963291374389e-01,1.456607911332094920e-04,1.009650687918111213e-04
4.173643407931615368e-01,1.348421405102238251e-04,9.368974119475038172e-05
4.184597852571855792e-01,1.247926797404178771e-04,8.691440339931929431e-05
4.195552297212096216e-01,1.154603933880062614e-04,8.060652664584933328e-05
4.206506741852336639e-01,1.067965828344407563e-04,7.473556485442676360e-05
4.217461186492577063e-01,9.875566908680553121e-05,6.927284322655880553e-05
4.228415631132817487e-01,9.129500616191949815e-05,6.419145229014237332e-05
4.239370075773057911e-01,8.437470581552598207e-05,5.946614807610846602e-05
4.250324520413298335e-01,7.795747044168149992e-05,5.507325633391414331e-05
4.261278965053539314e-01,7.200843596886047869e-05,5.099058218795071912e-05
4.272233409693779183e-01,6.649502410533695478e-05,4.719732490151558557e-05
4.283187854334020161e-01,6.138680144886147062e-05,4.367399609584721052e-05
4.294142298974260030e-01,5.665534725807699489e-05,4.040234278979848307e-05
4.305096743614501009e-01,5.227412978304104549e-05,3.736527528937836197e-05
4.316051188254741433e-01,4.821838722176794714e-05,3.454679720892585125e-05
4.327005632894981857e-01,4.446501781573931010e-05,3.193194091718917050e-05
4.337960077535222281e-01,4.099247543082633669e-05,2.950670588259212586e-05
4.348914522175462705e-01,3.778067077725191352e-05,2.725800008923309707e-05
4.359868966815703129e-01,3.481087915196683661e-05,2.517358522447831826e-05
4.370823411455943552e-01,3.206565284295852464e-05,2.324202436175353930e-05
4.381777856096183976e-01,2.952873994960366073e-05,2.145263346316226628e-05
4.392732300736424400e-01,2.718500648018883030e-05,1.979543448713951361e-05
4.403686745376664269e-01,2.502036413441479108e-05,1.826111189271100867e-05
4.414641190016905803e-01,2.302170257536500416e-05,1.684097172847202534e-05
4.425595634657145672e-01,2.117682470063274089e-05,1.552690226252663797e-05
4.436550079297386096e-01,1.947438728493522801e-05,1.431133792851590155e-05
4.447504523937626519e-01,1.790384399248800694e-05,1.318722443671708607e-05
4.458458968577867498e-01,1.645539319412160398e-05,1.214798687282636048e-05
4.469413413218107922e-01,1.511992709711777337e-05,1.118749825457384688e-05
4.480367857858347791e-01,1.388898665550517120e-05,1.030005187266102428e-05
4.491322302498588215e-01,1.275471683197656271e-05,9.480333446949502848e-06
4.502276747138829194e-01,1.170982602644893790e-05,8.723395942433304030e-06
4.513231191779069618e-01,1.074754826384255835e-05,8.024636041786359112e-06
4.524185636419310041e-01,9.861606444194045751e-06,7.379771035969129479e-06
4.535140081059549910e-01,9.046179721316189264e-06,6.784818444120167104e-06
4.546094525699791444e-01,8.295871140850422326e-06,6.236075502133296479e-06
4.557048970340031313e-01,7.605679384263051638e-06,5.730101420255942077e-06
4.568003414980271737e-01,6.970969977359677805e-06,5.263698952973055893e-06
4.578957859620512161e-01,6.387450893122093759e-06,4.833899005132922436e-06
4.589912304260753140e-01,5.851147919363647816e-06,4.437944814584489619e-06
4.600866748900993564e-01,5.358382387133832872e-06,4.073277681564167421e-06
4.611821193541233432e-01,4.905749826962734686e-06,3.737523180863567898e-06
4.622775638181473856e-01,4.490101441143771182e-06,3.428479309314705868e-06
4.633730082821714835e-01,4.108525187181954239e-06,3.144104149288544115e-06
4.644684527461955259e-01,3.758328627426303484e-06,2.882504696235540405e-06
4.655638972102195683e-01,3.437023831638094935e-06,2.641927091536124186e-06
4.666593416742435552e-01,3.142311853960031460e-06,2.420746375589125973e-06
4.677547861382675976e-01,2.872069691743117098e-06,2.217458000706358195e-06
4.688502306022916954e-01,2.624336771954324592e-06,2.030668847325708796e-06
4.699456750663157378e-01,2.397303802764621228e-06,1.859089938305343777e-06
4.710411195303397802e-01,2.189300798024973581e-06,1.701528398387212247e-06
4.721365639943637671e-01,1.998787560217916599e-06,1.556881207988178481e-06
4.732320084583879205e-01,1.824343651135434108e-06,1.424128461578868097e-06
4.743274529224119074e-01,1.664659866506241545e-06,1.302327701752857509e-06
4.754228973864359498e-01,1.518528993933220011e-06,1.190607605784689879e-06
4.765183418504599921e-01,1.384839603792202222e-06,1.088163962295414119e-06
4.776137863144840900e-01,1.262567463234478431e-06,9.942537141253248494e-07
4.787092307785081324e-01,1.150769738156799539e-06,9.081911148539490764e-07
4.798046752425321193e-01,1.048578538461342716e-06,8.293433078689412614e-07
4.809001197065561617e-01,9.551954025236554883e-07,7.571265849511396497e-07
4.819955641705802596e-01,8.698854404063598659e-07,6.910023183987582015e-07
4.830910086346043020e-01,7.919733885581554560e-07,6.304743558196306659e-07
4.841864530986283444e-01,7.208381993890172648e-07,5.750852066255901828e-07
4.852818975626523312e-01,6.559088633143420859e-07,5.244131592563447739e-07
4.863773420266764846e-01,5.966612769709395410e-07,4.780701945963027322e-07
4.874727864907004715e-01,5.426137030897151345e-07,4.356987371998268661e-07
4.885682309547245139e-01,4.933240874507125067e-07,3.969698548994568092e-07
4.896636754187485563e-01,4.483861099135162728e-07,3.615804106694447516e-07
4.907591198827726542e-01,4.074279444846386317e-07,3.292523636788459354e-07
4.918545643467966966e-01,3.701073944634831871e-07,2.997291225578970754e-07
4.929500088108206834e-01,3.361115157508224452e-07,2.727754914488191345e-07
4.940454532748447258e-01,3.051527714042951745e-07,2.481747915822709290e-07
4.951408977388687682e-01,2.769680885719932732e-07,2.257283090515689050e-07
4.962363422028928661e-01,2.513162483042683148e-07,2.052533716573506530e-07
4.973317866669169085e-01,2.279763448470494973e-07,1.865822744552492767e-07
4.984272311309408954e-01,2.067463256985079218e-07,1.695612559238059661e-07
4.995226755949649378e-01,1.874406572142854561e-07,1.540487406345463300e-07
5.006181200589890912e-01,1.698900512055163395e-07,1.399152554466952567e-07
5.017135645230130780e-01,1.539398053094379917e-07,1.270421989858278030e-07
5.028090089870370649e-01,1.394479878815917574e-07,1.153204655892695145e-07
5.039044534510611628e-01,1.262849061849899033e-07,1.046501141504924271e-07
5.049998979150852607e-01,1.143324912321218638e-07,9.493996232973385550e-08
5.060953423791092476e-01,1.034822960420526198e-07,8.610602070181537876e-08
5.071907868431332345e-01,9.363541003755390322e-08,7.807150409356852678e-08
5.082862313071573324e-01,8.470183613908288972e-08,7.076639310183667623e-08
5.093816757711814303e-01,7.659922864070841663e-08,6.412645406719919385e-08
5.104771202352054171e-01,6.925214763576127217e-08,5.809267946176190019e-08
5.115725646992295150e-01,6.259228512528063018e-08,5.261153738313766810e-08
5.126680091632535019e-01,5.655711097709024738e-08,4.763389239275606871e-08
5.137634536272775998e-01,5.108931846663984464e-08,4.311458734015308905e-08
5.148588980913015867e-01,4.613736449277851823e-08,3.901294514287010502e-08
5.159543425553256846e-01,4.165374731905493670e-08,3.529135899065681643e-08
5.170497870193496714e-01,3.759513800674592041e-08,3.191543878602029609e-08
5.181452314833737693e-01,3.392253203937581064e-08,2.885417598334283704e-08
5.192406759473978672e-01,3.060011733688038566e-08,2.607901586394867459e-08
5.203361204114218541e-01,2.759531828679694060e-08,2.356392261899378103e-08
5.214315648754458410e-01,2.487859299945776980e-08,2.128523364111362272e-08
5.225270093394699389e-01,2.242316988336846630e-08,1.922145968079811363e-08
5.236224538034940368e-01,2.020435981797482563e-08,1.735271778519160355e-08
5.247178982675180237e-01,1.819981450327343785e-08,1.566097153902230786e-08
5.258133427315420105e-01,1.638980751971335152e-08,1.413029334650434781e-08
5.269087871955661084e-01,1.475549974403100524e-08,1.274538830786087670e-08
5.280042316595902063e-01,1.328051411538793727e-08,1.149296493068440327e-08
5.290996761236141932e-01,1.194963438305927527e-08,1.036062758580244535e-08
5.301951205876382911e-01,1.074893739167270402e-08,9.337001419066997794e-09
5.312905650516622780e-01,9.666373893355324717e-09,8.412248828235549865e-09
5.323860095156863759e-01,8.690196367705530639e-09,7.576714358714450044e-09
5.334814539797103627e-01,7.810662187669315668e-09,6.822415276044744255e-09
5.345768984437344606e-01,7.017926561579646922e-09,6.141214260135635789e-09
5.356723429077584475e-01,6.304043079463020555e-09,5.526572814361082077e-09
5.367677873717825454e-01,5.661139565930237164e-09,4.971964709582343227e-09
5.378632318358066433e-01,5.082425101870259795e-09,4.471762940600732620e-09
5.389586762998306302e-01,4.561393863245199873e-09,4.020546862322292415e-09
5.400541207638546171e-01,4.092780076046522057e-09,3.613947970412010980e-09
5.411495652278787150e-01,3.671243388708653848e-09,3.247497050466416226e-09
5.422450096919028129e-01,3.292204493457363714e-09,2.917364314709449331e-09
5.433404541559267997e-01,2.951435886052134517e-09,2.620002307790386967e-09
5.444358986199507866e-01,2.645386608781526662e-09,2.352437640688468243e-09
5.455313430839749955e-01,2.370168326096062887e-09,2.111373223440845313e-09
5.466267875479989824e-01,2.122978570332851774e-09,1.894455871246413632e-09
5.477222320120229693e-01,1.901187481177294806e-09,1.699468498056832658e-09
5.488176764760470672e-01,1.702017044282102820e-09,1.524044357691206175e-09
5.499131209400710540e-01,1.523187368216540551e-09,1.366245726846173236e-09
5.510085654040951519e-01,1.363004106382021039e-09,1.224646390577720468e-09
5.521040098681191388e-01,1.219185933646818743e-09,1.097280923464629166e-09
5.531994543321432367e-01,1.090162619156393416e-09,9.828105735829312686e-10
5.542948987961672236e-01,9.746954185923958741e-10,8.801859476485952712e-10
5.553903432601913215e-01,8.710617068197694660e-10,7.879120508888675587e-10
5.564857877242154194e-01,7.783430878969403748e-10,7.052118023622754656e-10
5.575812321882394063e-01,6.952412222072119641e-10,6.309574531604279653e-10
5.586766766522633931e-01,6.936528281981710531e-10,6.305495030827362984e-10
5.597721211162874910e-01,6.940004960636537806e-10,6.318961356979742854e-10
5.608675655803115889e-01,6.943479361546957341e-10,6.332400988310243341e-10
5.619630100443355758e-01,6.946951424341192128e-10,6.345813910628472468e-10
5.630584545083595627e-01,6.950421089579635673e-10,6.359200118342405986e-10
5.641538989723837716e-01,6.953888298743062600e-10,6.372559613763976484e-10
5.652493434364077585e-01,6.957352994220949897e-10,6.385892406423811121e-10
5.663447879004317453e-01,6.960815119299982208e-10,6.399198512395786957e-10
5.674402323644558432e-01,6.964274618152682236e-10,6.412477953633391188e-10
5.685356768284799411e-01,6.967731435826185898e-10,6.425730757317475786e-10
5.696311212925039280e-01,6.971185518231182924e-10,6.438956955216881012e-10
5.707265657565279149e-01,6.974636812130966021e-10,6.452156583062721878e-10
5.718220102205520128e-01,6.978085265130646500e-10,6.465329679936428552e-10
5.729174546845761107e-01,6.981530825666477449e-10,6.478476287672787693e-10
5.740128991486000976e-01,6.984973442995351634e-10,6.491596450277849249e-10
5.751083436126241955e-01,6.988413067184389371e-10,6.504690213363118372e-10
5.762037880766481823e-01,6.991849649100691819e-10,6.517757623595055348e-10
5.772992325406721692e-01,6.995283140401190444e-10,6.530798728161767441e-10
5.783946770046962671e-01,6.998713493522675357e-10,6.543813574256133712e-10
5.794901214687203650e-01,7.002140661671888789e-10,6.556802208576214816e-10
5.805855659327443519e-01,7.005564598815800552e-10,6.569764676842887792e-10
5.816810103967683387e-01,7.008985259671939329e-10,6.582701023334816503e-10
5.827764548607925477e-01,7.012402599698924560e-10,6.595611290441411175e-10
5.838718993248165345e-01,7.015816575087047958e-10,6.608495518233366562e-10
5.849673437888405214e-01,7.019227142749034930e-10,6.621353744050801485e-10
5.860627882528646193e-01,7.022634260310856675e-10,6.634186002109580830e-10
5.871582327168887172e-01,7.026037886102706673e-10,6.646992323125430200e-10
5.882536771809127041e-01,7.029437979150071272e-10,6.659772733955649872e-10
5.893491216449366910e-01,7.032834499164927452e-10,6.672527257258438393e-10
5.904445661089607889e-01,7.036227406537016070e-10,6.685255911170537195e-10
5.915400105729848867e-01,7.039616662325270200e-10,6.697958709001591492e-10
5.926354550370088736e-01,7.043002228249308615e-10,6.710635658946337958e-10
5.937308995010329715e-01,7.046384066681064718e-10,6.723286763813888158e-10
5.948263439650569584e-01,7.049762140636517842e-10,6.735912020774112902e-10
5.959217884290810563e-01,7.053136413767494850e-10,6.748511421120376861e-10
5.970172328931050432e-01,7.056506850353626841e-10,6.761084950049537479e-10
5.981126773571291411e-01,7.059873415294353416e-10,6.773632586457721310e-10
5.992081218211531279e-01,7.063236074101079970e-10,6.786154302752283125e-10
6.003035662851772258e-01,7.066594792889371175e-10,6.798650064679639638e-10
6.013990107492013237e-01,7.069949538371301631e-10,6.811119831168444331e-10
6.024944552132253106e-01,7.073300277847862341e-10,6.823563554187942084e-10
6.035898996772492975e-01,7.076646979201475767e-10,6.835981178621217188e-10
6.046853441412733954e-01,7.079989610888592560e-10,6.848372642152990427e-10
6.057807886052974933e-01,7.083328141932412372e-10,6.860737875171403790e-10
6.068762330693214802e-01,7.086662541915648094e-10,6.873076800683912747e-10
6.079716775333454670e-01,7.089992780973413132e-10,6.885389334246381362e-10
6.090671219973695649e-01,7.093318829786203823e-10,6.897675383905808303e-10
6.101625664613936628e-01,7.096640659572913885e-10,6.909934850154915664e-10
6.112580109254176497e-01,7.099958242084016385e-10,6.922167625900184637e-10
6.123534553894417476e-01,7.103271549594752943e-10,6.934373596441118096e-10
6.134488998534657345e-01,7.106580554898467686e-10,6.946552639461676171e-10
6.145443443174898324e-01,7.109885231299986702e-10,6.958704625032663703e-10
6.156397887815138192e-01,7.113185552609074010e-10,6.970829415625275325e-10
6.167352332455379171e-01,7.116481493134030214e-10,6.982926866134924465e-10
6.178306777095619040e-01,7.119773027675262207e-10,6.994996823915664403e-10
6.189261221735860019e-01,7.123060131519054504e-10,7.007039128823842725e-10
6.200215666376100998e-01,7.126342780431320921e-10,7.019053613271555805e-10
6.211170111016340867e-01,7.129620950651471039e-10,7.031040102289223980e-10
6.222124555656580736e-01,7.132894618886369708e-10,7.042998413596520224e-10
6.233079000296821714e-01,7.136163762304335860e-10,7.054928357681776384e-10
6.244033444937062693e-01,7.139428358529241603e-10,7.066829737889555753e-10
6.254987889577302562e-01,7.142688385634666127e-10,7.078702350515483131e-10
6.265942334217542431e-01,7.145943822138123014e-10,7.090545984908512259e-10
6.276896778857784520e-01,7.149194646995384747e-10,7.102360423580199485e-10
6.287851223498024389e-01,7.152440839594844437e-10,7.114145442320277435e-10
6.298805668138264258e-01,7.155682379751940631e-10,7.125900810318691039e-10
6.309760112778505237e-01,7.158919247703714458e-10,7.137626290293322492e-10
6.320714557418745105e-01,7.162151424103337834e-10,7.149321638623494062e-10
6.331669002058986084e-01,7.165378890014794685e-10,7.160986605488564276e-10
6.342623446699225953e-01,0.000000000000000000e+00,0.000000000000000000e+00
6.353577891339466932e-01,0.000000000000000000e+00,0.000000000000000000e+00
6.364532335979706801e-01,0.000000000000000000e+00,0.000000000000000000e+00
6.375486780619947780e-01,0.000000000000000000e+00,0.000000000000000000e+00
6.386441225260188759e-01,0.000000000000000000e+00,0.000000000000000000e+00
6.397395669900428627e-01,0.000000000000000000e+00,0.000000000000000000e+00
6.408350114540668496e-01,0.000000000000000000e+00,0.000000000000000000e+00
6.419304559180909475e-01,0.000000000000000000e+00,0.000000000000000000e+00
6.430259003821150454e-01,0.000000000000000000e+00,0.000000000000000000e+00
6.441213448461390323e-01,0.000000000000000000e+00,0.000000000000000000e+00
6.452167893101630192e-01,0.000000000000000000e+00,0.000000000000000000e+00
6.463122337741872281e-01,0.000000000000000000e+00,0.000000000000000000e+00
6.474076782382112150e-01,0.000000000000000000e+00,0.000000000000000000e+00
6.485031227022352018e-01,0.000000000000000000e+00,0.000000000000000000e+00
6.495985671662591887e-01,0.000000000000000000e+00,0.000000000000000000e+00
6.506940116302833976e-01,0.000000000000000000e+00,0.000000000000000000e+00
6.517894560943073845e-01,0.000000000000000000e+00,0.000000000000000000e+00
6.528849005583313714e-01,0.000000000000000000e+00,0.000000000000000000e+00
6.539803450223554693e-01,0.000000000000000000e+00,0.000000000000000000e+00
6.550757894863795672e-01,0.000000000000000000e+00,0.000000000000000000e+00
6.561712339504035540e-01,0.000000000000000000e+00,0.000000000000000000e+00
6.572666784144276519e-01,0.000000000000000000e+00,0.000000000000000000e+00
6.583621228784516388e-01,0.000000000000000000e+00,0.000000000000000000e+00
6.594575673424756257e-01,0.000000000000000000e+00,0.000000000000000000e+00
6.605530118064997236e-01,0.000000000000000000e+00,0.000000000000000000e+00
6.616484562705238215e-01,0.000000000000000000e+00,0.000000000000000000e+00
6.627439007345478084e-01,0.000000000000000000e+00,0.000000000000000000e+00
6.638393451985717952e-01,0.000000000000000000e+00,0.000000000000000000e+00
6.649347896625960042e-01,0.000000000000000000e+00,0.000000000000000000e+00
6.660302341266199910e-01,0.000000000000000000e+00,0.000000000000000000e+00
6.671256785906439779e-01,0.000000000000000000e+00,0.000000000000000000e+00
6.682211230546679648e-01,0.000000000000000000e+00,0.000000000000000000e+00
6.693165675186921737e-01,0.000000000000000000e+00,0.000000000000000000e+00
6.704120119827161606e-01,0.000000000000000000e+00,0.000000000000000000e+00
6.715074564467401474e-01,0.000000000000000000e+00,0.000000000000000000e+00
6.726029009107642453e-01,0.000000000000000000e+00,0.000000000000000000e+00
6.736983453747883432e-01,0.000000000000000000e+00,0.000000000000000000e+00
6.747937898388123301e-01,0.000000000000000000e+00,0.000000000000000000e+00
6.758892343028363170e-01,0.000000000000000000e+00,0.000000000000000000e+00
6.769846787668604149e-01,0.000000000000000000e+00,0.000000000000000000e+00
6.780801232308845128e-01,0.000000000000000000e+00,0.000000000000000000e+00
6.791755676949084997e-01,0.000000000000000000e+00,0.000000000000000000e+00
6.802710121589325976e-01,0.000000000000000000e+00,0.000000000000000000e+00
6.813664566229565844e-01,0.000000000000000000e+00,0.000000000000000000e+00
6.824619010869806823e-01,0.000000000000000000e+00,0.000000000000000000e+00
6.835573455510046692e-01,0.000000000000000000e+00,0.000000000000000000e+00
6.846527900150287671e-01,0.000000000000000000e+00,0.000000000000000000e+00
6.857482344790527540e-01,0.000000000000000000e+00,0.000000000000000000e+00
6.868436789430767409e-01,0.000000000000000000e+00,0.000000000000000000e+00
6.879391234071009498e-01,0.000000000000000000e+00,0.000000000000000000e+00
6.890345678711249366e-01,0.000000000000000000e+00,0.000000000000000000e+00
6.901300123351489235e-01,0.000000000000000000e+00,0.000000000000000000e+00
6.912254567991730214e-01,0.000000000000000000e+00,0.000000000000000000e+00
6.923209012631971193e-01,0.000000000000000000e+00,0.000000000000000000e+00
6.934163457272211062e-01,0.000000000000000000e+00,0.000000000000000000e+00
6.945117901912450931e-01,0.000000000000000000e+00,0.000000000000000000e+00
6.956072346552691910e-01,0.000000000000000000e+00,0.000000000000000000e+00
6.967026791192932889e-01,0.000000000000000000e+00,0.000000000000000000e+00
6.977981235833172757e-01,0.000000000000000000e+00,0.000000000000000000e+00
6.988935680473413736e-01,0.000000000000000000e+00,0.000000000000000000e+00
6.999890125113653605e-01,0.000000000000000000e+00,0.000000000000000000e+00
7.010844569753894584e-01,0.000000000000000000e+00,0.000000000000000000e+00
7.021799014394134453e-01,0.000000000000000000e+00,0.000000000000000000e+00
7.032753459034375432e-01,0.000000000000000000e+00,0.000000000000000000e+00
7.043707903674615300e-01,0.000000000000000000e+00,0.000000000000000000e+00
7.054662348314856279e-01,0.000000000000000000e+00,0.000000000000000000e+00
7.065616792955097258e-01,0.000000000000000000e+00,0.000000000000000000e+00
7.076571237595337127e-01,0.000000000000000000e+00,0.000000000000000000e+00
7.087525682235576996e-01,0.000000000000000000e+00,0.000000000000000000e+00
7.098480126875817975e-01,0.000000000000000000e+00,0.000000000000000000e+00
7.109434571516058954e-01,0.000000000000000000e+00,0.000000000000000000e+00
7.120389016156298823e-01,0.000000000000000000e+00,0.000000000000000000e+00
7.131343460796538691e-01,0.000000000000000000e+00,0.000000000000000000e+00
7.142297905436779670e-01,0.000000000000000000e+00,0.000000000000000000e+00
7.153252350077020649e-01,0.000000000000000000e+00,0.000000000000000000e+00
7.164206794717260518e-01,0.000000000000000000e+00,0.000000000000000000e+00
7.175161239357501497e-01,0.000000000000000000e+00,0.000000000000000000e+00
7.186115683997741366e-01,0.000000000000000000e+00,0.000000000000000000e+00
7.197070128637982345e-01,0.000000000000000000e+00,0.000000000000000000e+00
7.208024573278222213e-01,0.000000000000000000e+00,0.000000000000000000e+00
7.218979017918463192e-01,0.000000000000000000e+00,0.000000000000000000e+00
7.229933462558703061e-01,0.000000000000000000e+00,0.000000000000000000e+00
7.240887907198944040e-01,0.000000000000000000e+00,0.000000000000000000e+00
7.251842351839185019e-01,0.000000000000000000e+00,0.000000000000000000e+00
7.262796796479424888e-01,0.000000000000000000e+00,0.000000000000000000e+00
7.273751241119664757e-01,0.000000000000000000e+00,0.000000000000000000e+00
7.284705685759905736e-01,0.000000000000000000e+00,0.000000000000000000e+00
7.295660130400146715e-01,0.000000000000000000e+00,0.000000000000000000e+00
7.306614575040386583e-01,0.000000000000000000e+00,0.000000000000000000e+00
7.317569019680626452e-01,0.000000000000000000e+00,0.000000000000000000e+00
7.328523464320868541e-01,0.000000000000000000e+00,0.000000000000000000e+00
7.339477908961108410e-01,0.000000000000000000e+00,0.000000000000000000e+00
7.350432353601348279e-01,0.000000000000000000e+00,0.000000000000000000e+00
7.361386798241589258e-01,0.000000000000000000e+00,0.000000000000000000e+00
7.372341242881830237e-01,0.000000000000000000e+00,0.000000000000000000e+00
7.383295687522070105e-01,0.000000000000000000e+00,0.000000000000000000e+00
7.394250132162309974e-01,0.000000000000000000e+00,0.000000000000000000e+00
7.405204576802550953e-01,0.000000000000000000e+00,0.000000000000000000e+00
7.416159021442790822e-01,0.000000000000000000e+00,0.000000000000000000e+00
7.427113466083031801e-01,0.000000000000000000e+00,0.000000000000000000e+00
7.438067910723272780e-01,0.000000000000000000e+00,0.000000000000000000e+00
7.449022355363512649e-01,0.000000000000000000e+00,0.000000000000000000e+00
7.459976800003752517e-01,0.000000000000000000e+00,0.000000000000000000e+00
7.470931244643993496e-01,0.000000000000000000e+00,0.000000000000000000e+00
7.481885689284234475e-01,0.000000000000000000e+00,0.000000000000000000e+00
7.492840133924474344e-01,0.000000000000000000e+00,0.000000000000000000e+00
7.503794578564714213e-01,0.000000000000000000e+00,0.000000000000000000e+00
7.514749023204956302e-01,0.000000000000000000e+00,0.000000000000000000e+00
7.525703467845196171e-01,0.000000000000000000e+00,0.000000000000000000e+00
7.536657912485436039e-01,0.000000000000000000e+00,0.000000000000000000e+00
7.547612357125677018e-01,0.000000000000000000e+00,0.000000000000000000e+00
7.558566801765917997e-01,0.000000000000000000e+00,0.000000000000000000e+00
7.569521246406157866e-01,0.000000000000000000e+00,0.000000000000000000e+00
7.580475691046397735e-01,0.000000000000000000e+00,0.000000000000000000e+00
7.591430135686638714e-01,0.000000000000000000e+00,0.000000000000000000e+00
7.602384580326879693e-01,0.000000000000000000e+00,0.000000000000000000e+00
7.613339024967119562e-01,0.000000000000000000e+00,0.000000000000000000e+00
7.624293469607360541e-01,0.000000000000000000e+00,0.000000000000000000e+00
7.635247914247600409e-01,0.000000000000000000e+00,0.000000000000000000e+00
7.646202358887841388e-01,0.000000000000000000e+00,0.000000000000000000e+00
7.657156803528081257e-01,0.000000000000000000e+00,0.000000000000000000e+00
7.668111248168322236e-01,0.000000000000000000e+00,0.000000000000000000e+00
7.679065692808562105e-01,0.000000000000000000e+00,0.000000000000000000e+00
7.690020137448801973e-01,0.000000000000000000e+00,0.000000000000000000e+00
7.700974582089044063e-01,0.000000000000000000e+00,0.000000000000000000e+00
7.711929026729283931e-01,0.000000000000000000e+00,0.000000000000000000e+00
7.722883471369523800e-01,0.000000000000000000e+00,0.000000000000000000e+00
7.733837916009764779e-01,0.000000000000000000e+00,0.000000000000000000e+00
7.744792360650005758e-01,0.000000000000000000e+00,0.000000000000000000e+00
7.755746805290245627e-01,0.000000000000000000e+00,0.000000000000000000e+00
7.766701249930485496e-01,0.000000000000000000e+00,0.000000000000000000e+00
7.777655694570726475e-01,0.000000000000000000e+00,0.000000000000000000e+00
7.788610139210967453e-01,0.000000000000000000e+00,0.000000000000000000e+00
7.799564583851207322e-01,0.000000000000000000e+00,0.000000000000000000e+00
7.810519028491448301e-01,0.000000000000000000e+00,0.000000000000000000e+00
7.821473473131688170e-01,0.000000000000000000e+00,0.000000000000000000e+00
7.832427917771929149e-01,0.000000000000000000e+00,0.000000000000000000e+00
7.843382362412169018e-01,0.000000000000000000e+00,0.000000000000000000e+00
7.854336807052409997e-01,0.000000000000000000e+00,0.000000000000000000e+00
7.865291251692649865e-01,0.000000000000000000e+00,0.000000000000000000e+00
7.876245696332890844e-01,0.000000000000000000e+00,0.000000000000000000e+00
7.887200140973131823e-01,0.000000000000000000e+00,0.000000000000000000e+00
7.898154585613371692e-01,0.000000000000000000e+00,0.000000000000000000e+00
7.909109030253611561e-01,0.000000000000000000e+00,0.000000000000000000e+00
7.920063474893852540e-01,0.000000000000000000e+00,0.000000000000000000e+00
7.931017919534093519e-01,0.000000000000000000e+00,0.000000000000000000e+00
7.941972364174333388e-01,0.000000000000000000e+00,0.000000000000000000e+00
7.952926808814573256e-01,0.000000000000000000e+00,0.000000000000000000e+00
7.963881253454814235e-01,0.000000000000000000e+00,0.000000000000000000e+00
7.974835698095055214e-01,0.000000000000000000e+00,0.000000000000000000e+00
7.985790142735295083e-01,0.000000000000000000e+00,0.000000000000000000e+00
7.996744587375536062e-01,0.000000000000000000e+00,0.000000000000000000e+00
8.007699032015775931e-01,0.000000000000000000e+00,0.000000000000000000e+00
8.018653476656016910e-01,0.000000000000000000e+00,0.000000000000000000e+00
8.029607921296256778e-01,0.000000000000000000e+00,0.000000000000000000e+00
8.040562365936497757e-01,0.000000000000000000e+00,0.000000000000000000e+00
8.051516810576737626e-01,0.000000000000000000e+00,0.000000000000000000e+00
8.062471255216978605e-01,0.000000000000000000e+00,0.000000000000000000e+00
8.073425699857219584e-01,0.000000000000000000e+00,0.000000000000000000e+00
8.084380144497459453e-01,0.000000000000000000e+00,0.000000000000000000e+00
8.095334589137699322e-01,0.000000000000000000e+00,0.000000000000000000e+00
8.106289033777940300e-01,0.000000000000000000e+00,0.000000000000000000e+00
8.117243478418181279e-01,0.000000000000000000e+00,0.000000000000000000e+00
8.128197923058421148e-01,0.000000000000000000e+00,0.000000000000000000e+00
8.139152367698661017e-01,0.000000000000000000e+00,0.000000000000000000e+00
8.150106812338903106e-01,0.000000000000000000e+00,0.000000000000000000e+00
8.161061256979142975e-01,0.000000000000000000e+00,0.000000000000000000e+00
8.172015701619382844e-01,0.000000000000000000e+00,0.000000000000000000e+00
8.182970146259623823e-01,0.000000000000000000e+00,0.000000000000000000e+00
8.193924590899864802e-01,0.000000000000000000e+00,0.000000000000000000e+00
8.204879035540104670e-01,0.000000000000000000e+00,0.000000000000000000e+00
8.215833480180344539e-01,0.000000000000000000e+00,0.000000000000000000e+00
8.226787924820585518e-01,0.000000000000000000e+00,0.000000000000000000e+00
8.237742369460825387e-01,0.000000000000000000e+00,0.000000000000000000e+00
8.248696814101066366e-01,0.000000000000000000e+00,0.000000000000000000e+00
8.259651258741307345e-01,0.000000000000000000e+00,0.000000000000000000e+00
8.270605703381547213e-01,0.000000000000000000e+00,0.000000000000000000e+00
8.281560148021787082e-01,0.000000000000000000e+00,0.000000000000000000e+00
8.292514592662028061e-01,0.000000000000000000e+00,0.000000000000000000e+00
8.303469037302269040e-01,0.000000000000000000e+00,0.000000000000000000e+00
8.314423481942508909e-01,0.000000000000000000e+00,0.000000000000000000e+00
8.325377926582748778e-01,0.000000000000000000e+00,0.000000000000000000e+00
8.336332371222990867e-01,0.000000000000000000e+00,0.000000000000000000e+00
8.347286815863230736e-01,0.000000000000000000e+00,0.000000000000000000e+00
8.358241260503470604e-01,0.000000000000000000e+00,0.000000000000000000e+00
8.369195705143711583e-01,0.000000000000000000e+00,0.000000000000000000e+00
8.380150149783952562e-01,0.000000000000000000e+00,0.000000000000000000e+00
8.391104594424192431e-01,0.000000000000000000e+00,0.000000000000000000e+00
8.402059039064432300e-01,0.000000000000000000e+00,0.000000000000000000e+00
8.413013483704673279e-01,0.000000000000000000e+00,0.000000000000000000e+00
8.423967928344914258e-01,0.000000000000000000e+00,0.000000000000000000e+00
8.434922372985154126e-01,0.000000000000000000e+00,0.000000000000000000e+00
8.445876817625395105e-01,0.000000000000000000e+00,0.000000000000000000e+00
8.456831262265634974e-01,0.000000000000000000e+00,0.000000000000000000e+00
8.467785706905875953e-01,0.000000000000000000e+00,0.000000000000000000e+00
8.478740151546115822e-01,0.000000000000000000e+00,0.000000000000000000e+00
8.489694596186356801e-01,0.000000000000000000e+00,0.000000000000000000e+00
8.500649040826596670e-01,0.000000000000000000e+00,0.000000000000000000e+00
8.511603485466836538e-01,0.000000000000000000e+00,0.000000000000000000e+00
8.522557930107078628e-01,0.000000000000000000e+00,0.000000000000000000e+00
8.533512374747318496e-01,0.000000000000000000e+00,0.000000000000000000e+00
8.544466819387558365e-01,0.000000000000000000e+00,0.000000000000000000e+00
8.555421264027798234e-01,0.000000000000000000e+00,0.000000000000000000e+00
8.566375708668040323e-01,0.000000000000000000e+00,0.000000000000000000e+00
8.577330153308280192e-01,0.000000000000000000e+00,0.000000000000000000e+00
8.588284597948520060e-01,0.000000000000000000e+00,0.000000000000000000e+00
8.599239042588761039e-01,0.000000000000000000e+00,0.000000000000000000e+00
8.610193487229002018e-01,0.000000000000000000e+00,0.000000000000000000e+00
8.621147931869241887e-01,0.000000000000000000e+00,0.000000000000000000e+00
8.632102376509482866e-01,0.000000000000000000e+00,0.000000000000000000e+00
8.643056821149722735e-01,0.000000000000000000e+00,0.000000000000000000e+00
8.654011265789963714e-01,0.000000000000000000e+00,0.000000000000000000e+00
8.664965710430203583e-01,0.000000000000000000e+00,0.000000000000000000e+00
8.675920155070444562e-01,0.000000000000000000e+00,0.000000000000000000e+00
8.686874599710684430e-01,0.000000000000000000e+00,0.000000000000000000e+00
8.697829044350925409e-01,0.000000000000000000e+00,0.000000000000000000e+00
8.708783488991166388e-01,0.000000000000000000e+00,0.000000000000000000e+00
8.719737933631406257e-01,0.000000000000000000e+00,0.000000000000000000e+00
8.730692378271646126e-01,0.000000000000000000e+00,0.000000000000000000e+00
8.741646822911887105e-01,0.000000000000000000e+00,0.000000000000000000e+00
8.752601267552128084e-01,0.000000000000000000e+00,0.000000000000000000e+00
8.763555712192367952e-01,0.000000000000000000e+00,0.000000000000000000e+00
8.774510156832607821e-01,0.000000000000000000e+00,0.000000000000000000e+00
8.785464601472848800e-01,0.000000000000000000e+00,0.000000000000000000e+00
8.796419046113088669e-01,0.000000000000000000e+00,0.000000000000000000e+00
8.807373490753328538e-01,0.000000000000000000e+00,0.000000000000000000e+00
8.818327935393570627e-01,0.000000000000000000e+00,0.000000000000000000e+00
8.829282380033811606e-01,0.000000000000000000e+00,0.000000000000000000e+00
8.840236824674051475e-01,0.000000000000000000e+00,0.000000000000000000e+00
8.851191269314291343e-01,0.000000000000000000e+00,0.000000000000000000e+00
8.862145713954532322e-01,0.000000000000000000e+00,0.000000000000000000e+00
8.873100158594772191e-01,0.000000000000000000e+00,0.000000000000000000e+00
8.884054603235012060e-01,0.000000000000000000e+00,0.000000000000000000e+00
8.895009047875253039e-01,0.000000000000000000e+00,0.000000000000000000e+00
8.905963492515495128e-01,0.000000000000000000e+00,0.000000000000000000e+00
8.916917937155734997e-01,0.000000000000000000e+00,0.000000000000000000e+00
8.927872381795974865e-01,0.000000000000000000e+00,0.000000000000000000e+00
8.938826826436215844e-01,0.000000000000000000e+00,0.000000000000000000e+00
8.949781271076455713e-01,0.000000000000000000e+00,0.000000000000000000e+00
8.960735715716695582e-01,0.000000000000000000e+00,0.000000000000000000e+00
8.971690160356936561e-01,0.000000000000000000e+00,0.000000000000000000e+00
8.982644604997176430e-01,0.000000000000000000e+00,0.000000000000000000e+00
8.993599049637418519e-01,0.000000000000000000e+00,0.000000000000000000e+00
9.004553494277658388e-01,0.000000000000000000e+00,0.000000000000000000e+00
9.015507938917899367e-01,0.000000000000000000e+00,0.000000000000000000e+00
9.026462383558139235e-01,0.000000000000000000e+00,0.000000000000000000e+00
9.037416828198379104e-01,0.000000000000000000e+00,0.000000000000000000e+00
9.048371272838620083e-01,0.000000000000000000e+00,0.000000000000000000e+00
9.059325717478859952e-01,0.000000000000000000e+00,0.000000000000000000e+00
9.070280162119099820e-01,0.000000000000000000e+00,0.000000000000000000e+00
9.081234606759340799e-01,0.000000000000000000e+00,0.000000000000000000e+00
9.092189051399582889e-01,0.000000000000000000e+00,0.000000000000000000e+00
9.103143496039822757e-01,0.000000000000000000e+00,0.000000000000000000e+00
9.114097940680062626e-01,0.000000000000000000e+00,0.000000000000000000e+00
9.125052385320303605e-01,0.000000000000000000e+00,0.000000000000000000e+00
9.136006829960543474e-01,0.000000000000000000e+00,0.000000000000000000e+00
9.146961274600783343e-01,0.000000000000000000e+00,0.000000000000000000e+00
9.157915719241024322e-01,0.000000000000000000e+00,0.000000000000000000e+00
9.168870163881264190e-01,0.000000000000000000e+00,0.000000000000000000e+00
9.179824608521506280e-01,0.000000000000000000e+00,0.000000000000000000e+00
9.190779053161746148e-01,0.000000000000000000e+00,0.000000000000000000e+00
9.201733497801987127e-01,0.000000000000000000e+00,0.000000000000000000e+00
9.212687942442226996e-01,0.000000000000000000e+00,0.000000000000000000e+00
9.223642387082466865e-01,0.000000000000000000e+00,0.000000000000000000e+00
9.234596831722707844e-01,0.000000000000000000e+00,0.000000000000000000e+00
9.245551276362947712e-01,0.000000000000000000e+00,0.000000000000000000e+00
9.256505721003187581e-01,0.000000000000000000e+00,0.000000000000000000e+00
9.267460165643429670e-01,0.000000000000000000e+00,0.000000000000000000e+00
9.278414610283670649e-01,0.000000000000000000e+00,0.000000000000000000e+00
9.289369054923910518e-01,0.000000000000000000e+00,0.000000000000000000e+00
9.300323499564150387e-01,0.000000000000000000e+00,0.000000000000000000e+00
9.311277944204391366e-01,0.000000000000000000e+00,0.000000000000000000e+00
9.322232388844631235e-01,0.000000000000000000e+00,0.000000000000000000e+00
9.333186833484871103e-01,0.000000000000000000e+00,0.000000000000000000e+00
9.344141278125112082e-01,0.000000000000000000e+00,0.000000000000000000e+00
9.355095722765351951e-01,0.000000000000000000e+00,0.000000000000000000e+00
9.366050167405594040e-01,0.000000000000000000e+00,0.000000000000000000e+00
9.377004612045833909e-01,0.000000000000000000e+00,0.000000000000000000e+00
9.387959056686074888e-01,0.000000000000000000e+00,0.000000000000000000e+00
9.398913501326314757e-01,0.000000000000000000e+00,0.000000000000000000e+00
9.409867945966554625e-01,0.000000000000000000e+00,0.000000000000000000e+00
9.420822390606795604e-01,0.000000000000000000e+00,0.000000000000000000e+00
9.431776835247035473e-01,0.000000000000000000e+00,0.000000000000000000e+00
9.442731279887275342e-01,0.000000000000000000e+00,0.000000000000000000e+00
9.453685724527517431e-01,0.000000000000000000e+00,0.000000000000000000e+00
9.464640169167758410e-01,0.000000000000000000e+00,0.000000000000000000e+00
9.475594613807998279e-01,0.000000000000000000e+00,0.000000000000000000e+00
9.486549058448238148e-01,0.000000000000000000e+00,0.000000000000000000e+00
9.497503503088479127e-01,0.000000000000000000e+00,0.000000000000000000e+00
9.508457947728718995e-01,0.000000000000000000e+00,0.000000000000000000e+00
9.519412392368958864e-01,0.000000000000000000e+00,0.000000000000000000e+00
9.530366837009199843e-01,0.000000000000000000e+00,0.000000000000000000e+00
9.541321281649441932e-01,0.000000000000000000e+00,0.000000000000000000e+00
9.552275726289681801e-01,0.000000000000000000e+00,0.000000000000000000e+00
9.563230170929921670e-01,0.000000000000000000e+00,0.000000000000000000e+00
9.574184615570162649e-01,0.000000000000000000e+00,0.000000000000000000e+00
9.585139060210402517e-01,0.000000000000000000e+00,0.000000000000000000e+00
9.596093504850642386e-01,0.000000000000000000e+00,0.000000000000000000e+00
9.607047949490883365e-01,0.000000000000000000e+00,0.000000000000000000e+00
9.618002394131123234e-01,0.000000000000000000e+00,0.000000000000000000e+00
9.628956838771363103e-01,0.000000000000000000e+00,0.000000000000000000e+00
9.639911283411605192e-01,0.000000000000000000e+00,0.000000000000000000e+00
9.650865728051846171e-01,0.000000000000000000e+00,0.000000000000000000e+00
9.661820172692086039e-01,0.000000000000000000e+00,0.000000000000000000e+00
9.672774617332325908e-01,0.000000000000000000e+00,0.000000000000000000e+00
9.683729061972566887e-01,0.000000000000000000e+00,0.000000000000000000e+00
9.694683506612806756e-01,0.000000000000000000e+00,0.000000000000000000e+00
9.705637951253046625e-01,0.000000000000000000e+00,0.000000000000000000e+00
9.716592395893287604e-01,0.000000000000000000e+00,0.000000000000000000e+00
9.727546840533529693e-01,0.000000000000000000e+00,0.000000000000000000e+00
9.738501285173769562e-01,0.000000000000000000e+00,0.000000000000000000e+00
9.749455729814009430e-01,0.000000000000000000e+00,0.000000000000000000e+00
9.760410174454250409e-01,0.000000000000000000e+00,0.000000000000000000e+00
9.771364619094490278e-01,0.000000000000000000e+00,0.000000000000000000e+00
9.782319063734730147e-01,0.000000000000000000e+00,0.000000000000000000e+00
9.793273508374971126e-01,0.000000000000000000e+00,0.000000000000000000e+00
9.804227953015210995e-01,0.000000000000000000e+00,0.000000000000000000e+00
9.815182397655453084e-01,0.000000000000000000e+00,0.000000000000000000e+00
9.826136842295692952e-01,0.000000000000000000e+00,0.000000000000000000e+00
9.837091286935933931e-01,0.000000000000000000e+00,0.000000000000000000e+00
9.848045731576173800e-01,0.000000000000000000e+00,0.000000000000000000e+00
9.859000176216413669e-01,0.000000000000000000e+00,0.000000000000000000e+00
9.869954620856654648e-01,0.000000000000000000e+00,0.000000000000000000e+00
9.880909065496894517e-01,0.000000000000000000e+00,0.000000000000000000e+00
9.891863510137134385e-01,0.000000000000000000e+00,0.000000000000000000e+00
9.902817954777375364e-01,0.000000000000000000e+00,0.000000000000000000e+00
9.913772399417617454e-01,0.000000000000000000e+00,0.000000000000000000e+00
9.924726844057857322e-01,0.000000000000000000e+00,0.000000000000000000e+00
9.935681288698097191e-01,0.000000000000000000e+00,0.000000000000000000e+00
9.946635733338338170e-01,0.000000000000000000e+00,0.000000000000000000e+00
9.957590177978578039e-01,0.000000000000000000e+00,0.000000000000000000e+00
9.968544622618817908e-01,0.000000000000000000e+00,0.000000000000000000e+00
9.979499067259058886e-01,0.000000000000000000e+00,0.000000000000000000e+00
9.990453511899298755e-01,0.000000000000000000e+00,0.000000000000000000e+00
1.000140795653954084e+00,0.000000000000000000e+00,0.000000000000000000e+00
1.001236240117978182e+00,0.000000000000000000e+00,0.000000000000000000e+00
1.002331684582002058e+00,0.000000000000000000e+00,0.000000000000000000e+00
1.003427129046026156e+00,0.000000000000000000e+00,0.000000000000000000e+00
1.004522573510050254e+00,0.000000000000000000e+00,0.000000000000000000e+00
1.005618017974074130e+00,0.000000000000000000e+00,0.000000000000000000e+00
1.006713462438098228e+00,0.000000000000000000e+00,0.000000000000000000e+00
1.007808906902122326e+00,0.000000000000000000e+00,0.000000000000000000e+00
1.008904351366146424e+00,0.000000000000000000e+00,0.000000000000000000e+00
1.009999795830170521e+00,0.000000000000000000e+00,0.000000000000000000e+00
1.011095240294194397e+00,0.000000000000000000e+00,0.000000000000000000e+00
1.012190684758218495e+00,0.000000000000000000e+00,0.000000000000000000e+00
1.013286129222242593e+00,0.000000000000000000e+00,0.000000000000000000e+00
1.014381573686266469e+00,0.000000000000000000e+00,0.000000000000000000e+00
1.015477018150290567e+00,0.000000000000000000e+00,0.000000000000000000e+00
1.016572462614314665e+00,0.000000000000000000e+00,0.000000000000000000e+00
1.017667907078338541e+00,0.000000000000000000e+00,0.000000000000000000e+00
1.018763351542362861e+00,0.000000000000000000e+00,0.000000000000000000e+00
1.019858796006386958e+00,0.000000000000000000e+00,0.000000000000000000e+00
1.020954240470410834e+00,0.000000000000000000e+00,0.000000000000000000e+00
1.022049684934434932e+00,0.000000000000000000e+00,0.000000000000000000e+00
1.023145129398459030e+00,0.000000000000000000e+00,0.000000000000000000e+00
1.024240573862482906e+00,0.000000000000000000e+00,0.000000000000000000e+00
1.025336018326507004e+00,0.000000000000000000e+00,0.000000000000000000e+00
1.026431462790531102e+00,0.000000000000000000e+00,0.000000000000000000e+00
1.027526907254555200e+00,0.000000000000000000e+00,0.000000000000000000e+00
1.028622351718579297e+00,0.000000000000000000e+00,0.000000000000000000e+00
1.029717796182603173e+00,0.000000000000000000e+00,0.000000000000000000e+00
1.030813240646627271e+00,0.000000000000000000e+00,0.000000000000000000e+00
1.031908685110651369e+00,0.000000000000000000e+00,0.000000000000000000e+00
1.033004129574675245e+00,0.000000000000000000e+00,0.000000000000000000e+00
1.034099574038699343e+00,0.000000000000000000e+00,0.000000000000000000e+00
1.035195018502723441e+00,0.000000000000000000e+00,0.000000000000000000e+00
1.036290462966747539e+00,0.000000000000000000e+00,0.000000000000000000e+00
1.037385907430771637e+00,0.000000000000000000e+00,0.000000000000000000e+00
1.038481351894795734e+00,0.000000000000000000e+00,0.000000000000000000e+00
1.039576796358819610e+00,0.000000000000000000e+00,0.000000000000000000e+00
1.040672240822843708e+00,0.000000000000000000e+00,0.000000000000000000e+00
1.041767685286867806e+00,0.000000000000000000e+00,0.000000000000000000e+00
1.042863129750891682e+00,0.000000000000000000e+00,0.000000000000000000e+00
1.043958574214915780e+00,0.000000000000000000e+00,0.000000000000000000e+00
1.045054018678939878e+00,0.000000000000000000e+00,0.000000000000000000e+00
1.046149463142963976e+00,0.000000000000000000e+00,0.000000000000000000e+00
1.047244907606988074e+00,0.000000000000000000e+00,0.000000000000000000e+00
1.048340352071011949e+00,0.000000000000000000e+00,0.000000000000000000e+00
1.049435796535036047e+00,0.000000000000000000e+00,0.000000000000000000e+00
1.050531240999060145e+00,0.000000000000000000e+00,0.000000000000000000e+00
1.051626685463084021e+00,0.000000000000000000e+00,0.000000000000000000e+00
1.052722129927108119e+00,0.000000000000000000e+00,0.000000000000000000e+00
1.053817574391132217e+00,0.000000000000000000e+00,0.000000000000000000e+00
1.054913018855156315e+00,0.000000000000000000e+00,0.000000000000000000e+00
1.056008463319180413e+00,0.000000000000000000e+00,0.000000000000000000e+00
1.057103907783204511e+00,0.000000000000000000e+00,0.000000000000000000e+00
1.058199352247228386e+00,0.000000000000000000e+00,0.000000000000000000e+00
1.059294796711252484e+00,0.000000000000000000e+00,0.000000000000000000e+00
1.060390241175276582e+00,0.000000000000000000e+00,0.000000000000000000e+00
1.061485685639300458e+00,0.000000000000000000e+00,0.000000000000000000e+00
1.062581130103324556e+00,0.000000000000000000e+00,0.000000000000000000e+00
1.063676574567348654e+00,0.000000000000000000e+00,0.000000000000000000e+00
1.064772019031372752e+00,0.000000000000000000e+00,0.000000000000000000e+00
1.065867463495396850e+00,0.000000000000000000e+00,0.000000000000000000e+00
1.066962907959420725e+00,0.000000000000000000e+00,0.000000000000000000e+00
1.068058352423444823e+00,0.000000000000000000e+00,0.000000000000000000e+00
1.069153796887468921e+00,0.000000000000000000e+00,0.000000000000000000e+00
1.070249241351492797e+00,0.000000000000000000e+00,0.000000000000000000e+00
1.071344685815516895e+00,0.000000000000000000e+00,0.000000000000000000e+00
1.072440130279540993e+00,0.000000000000000000e+00,0.000000000000000000e+00
1.073535574743565091e+00,0.000000000000000000e+00,0.000000000000000000e+00
1.074631019207589189e+00,0.000000000000000000e+00,0.000000000000000000e+00
1.075726463671613287e+00,0.000000000000000000e+00,0.000000000000000000e+00
1.076821908135637162e+00,0.000000000000000000e+00,0.000000000000000000e+00
1.077917352599661260e+00,0.000000000000000000e+00,0.000000000000000000e+00
1.079012797063685358e+00,0.000000000000000000e+00,0.000000000000000000e+00
1.080108241527709234e+00,0.000000000000000000e+00,0.000000000000000000e+00
1.081203685991733332e+00,0.000000000000000000e+00,0.000000000000000000e+00
1.082299130455757430e+00,0.000000000000000000e+00,0.000000000000000000e+00
1.083394574919781528e+00,0.000000000000000000e+00,0.000000000000000000e+00
1.084490019383805626e+00,0.000000000000000000e+00,0.000000000000000000e+00
1.085585463847829502e+00,0.000000000000000000e+00,0.000000000000000000e+00
1.086680908311853599e+00,0.000000000000000000e+00,0.000000000000000000e+00
1.087776352775877697e+00,0.000000000000000000e+00,0.000000000000000000e+00
1.088871797239901573e+00,0.000000000000000000e+00,0.000000000000000000e+00
1.089967241703925671e+00,0.000000000000000000e+00,0.000000000000000000e+00
1.091062686167949991e+00,0.000000000000000000e+00,0.000000000000000000e+00
1.092158130631973867e+00,0.000000000000000000e+00,0.000000000000000000e+00
1.093253575095997965e+00,0.000000000000000000e+00,0.000000000000000000e+00
1.094349019560022063e+00,0.000000000000000000e+00,0.000000000000000000e+00
1.095444464024045939e+00,0.000000000000000000e+00,0.000000000000000000e+00
1.096539908488070036e+00,0.000000000000000000e+00,0.000000000000000000e+00
1.097635352952094134e+00,0.000000000000000000e+00,0.000000000000000000e+00
1.098730797416118010e+00,0.000000000000000000e+00,0.000000000000000000e+00
1.099826241880142108e+00,0.000000000000000000e+00,0.000000000000000000e+00
1.100921686344166206e+00,0.000000000000000000e+00,0.000000000000000000e+00
1.102017130808190304e+00,0.000000000000000000e+00,0.000000000000000000e+00
1.103112575272214402e+00,0.000000000000000000e+00,0.000000000000000000e+00
1.104208019736238278e+00,0.000000000000000000e+00,0.000000000000000000e+00
1.105303464200262376e+00,0.000000000000000000e+00,0.000000000000000000e+00
1.106398908664286473e+00,0.000000000000000000e+00,0.000000000000000000e+00
1.107494353128310349e+00,0.000000000000000000e+00,0.000000000000000000e+00
1.108589797592334447e+00,0.000000000000000000e+00,0.000000000000000000e+00
1.109685242056358767e+00,0.000000000000000000e+00,0.000000000000000000e+00
1.110780686520382643e+00,0.000000000000000000e+00,0.000000000000000000e+00
1.111876130984406741e+00,0.000000000000000000e+00,0.000000000000000000e+00
1.112971575448430839e+00,0.000000000000000000e+00,0.000000000000000000e+00
1.114067019912454715e+00,0.000000000000000000e+00,0.000000000000000000e+00
1.115162464376478813e+00,0.000000000000000000e+00,0.000000000000000000e+00
1.116257908840502910e+00,0.000000000000000000e+00,0.000000000000000000e+00
1.117353353304526786e+00,0.000000000000000000e+00,0.000000000000000000e+00
1.118448797768551106e+00,0.000000000000000000e+00,0.000000000000000000e+00
1.119544242232574982e+00,0.000000000000000000e+00,0.000000000000000000e+00
1.120639686696599080e+00,0.000000000000000000e+00,0.000000000000000000e+00
1.121735131160623178e+00,0.000000000000000000e+00,0.000000000000000000e+00
1.122830575624647054e+00,0.000000000000000000e+00,0.000000000000000000e+00
1.123926020088671152e+00,0.000000000000000000e+00,0.000000000000000000e+00
1.125021464552695249e+00,0.000000000000000000e+00,0.000000000000000000e+00
1.126116909016719125e+00,0.000000000000000000e+00,0.000000000000000000e+00
1.127212353480743223e+00,0.000000000000000000e+00,0.000000000000000000e+00
1.128307797944767543e+00,0.000000000000000000e+00,0.000000000000000000e+00
1.129403242408791419e+00,0.000000000000000000e+00,0.000000000000000000e+00
1.130498686872815517e+00,0.000000000000000000e+00,0.000000000000000000e+00
1.131594131336839615e+00,0.000000000000000000e+00,0.000000000000000000e+00
1.132689575800863491e+00,0.000000000000000000e+00,0.000000000000000000e+00
1.133785020264887589e+00,0.000000000000000000e+00,0.000000000000000000e+00
1.134880464728911686e+00,0.000000000000000000e+00,0.000000000000000000e+00
1.135975909192935562e+00,0.000000000000000000e+00,0.000000000000000000e+00
1.137071353656959882e+00,0.000000000000000000e+00,0.000000000000000000e+00
1.138166798120983758e+00,0.000000000000000000e+00,0.000000000000000000e+00
1.139262242585007856e+00,0.000000000000000000e+00,0.000000000000000000e+00
1.140357687049031954e+00,0.000000000000000000e+00,0.000000000000000000e+00
1.141453131513055830e+00,0.000000000000000000e+00,0.000000000000000000e+00
1.142548575977079928e+00,0.000000000000000000e+00,0.000000000000000000e+00
1.143644020441104026e+00,0.000000000000000000e+00,0.000000000000000000e+00
1.144739464905127901e+00,0.000000000000000000e+00,0.000000000000000000e+00
1.145834909369152221e+00,0.000000000000000000e+00,0.000000000000000000e+00
1.146930353833176319e+00,0.000000000000000000e+00,0.000000000000000000e+00
1.148025798297200195e+00,0.000000000000000000e+00,0.000000000000000000e+00
1.149121242761224293e+00,0.000000000000000000e+00,0.000000000000000000e+00
1.150216687225248391e+00,0.000000000000000000e+00,0.000000000000000000e+00
1.151312131689272267e+00,0.000000000000000000e+00,0.000000000000000000e+00
1.152407576153296365e+00,0.000000000000000000e+00,0.000000000000000000e+00
1.153503020617320463e+00,0.000000000000000000e+00,0.000000000000000000e+00
1.154598465081344338e+00,0.000000000000000000e+00,0.000000000000000000e+00
1.155693909545368658e+00,0.000000000000000000e+00,0.000000000000000000e+00
1.156789354009392534e+00,0.000000000000000000e+00,0.000000000000000000e+00
1.157884798473416632e+00,0.000000000000000000e+00,0.000000000000000000e+00
1.158980242937440730e+00,0.000000000000000000e+00,0.000000000000000000e+00
1.160075687401464606e+00,0.000000000000000000e+00,0.000000000000000000e+00
1.161171131865488704e+00,0.000000000000000000e+00,0.000000000000000000e+00
1.162266576329512802e+00,0.000000000000000000e+00,0.000000000000000000e+00
1.163362020793536677e+00,0.000000000000000000e+00,0.000000000000000000e+00
1.164457465257560997e+00,0.000000000000000000e+00,0.000000000000000000e+00
1.165552909721585095e+00,0.000000000000000000e+00,0.000000000000000000e+00
1.166648354185608971e+00,0.000000000000000000e+00,0.000000000000000000e+00
1.167743798649633069e+00,0.000000000000000000e+00,0.000000000000000000e+00
1.168839243113657167e+00,0.000000000000000000e+00,0.000000000000000000e+00
1.169934687577681043e+00,0.000000000000000000e+00,0.000000000000000000e+00
1.171030132041705141e+00,0.000000000000000000e+00,0.000000000000000000e+00
1.172125576505729239e+00,0.000000000000000000e+00,0.000000000000000000e+00
1.173221020969753337e+00,0.000000000000000000e+00,0.000000000000000000e+00
1.174316465433777434e+00,0.000000000000000000e+00,0.000000000000000000e+00
1.175411909897801310e+00,0.000000000000000000e+00,0.000000000000000000e+00
1.176507354361825408e+00,0.000000000000000000e+00,0.000000000000000000e+00
1.177602798825849506e+00,0.000000000000000000e+00,0.000000000000000000e+00
1.178698243289873382e+00,0.000000000000000000e+00,0.000000000000000000e+00
1.179793687753897480e+00,0.000000000000000000e+00,0.000000000000000000e+00
1.180889132217921578e+00,0.000000000000000000e+00,0.000000000000000000e+00
1.181984576681945454e+00,0.000000000000000000e+00,0.000000000000000000e+00
1.183080021145969773e+00,0.000000000000000000e+00,0.000000000000000000e+00
1.184175465609993871e+00,0.000000000000000000e+00,0.000000000000000000e+00
1.185270910074017747e+00,0.000000000000000000e+00,0.000000000000000000e+00
1.186366354538041845e+00,0.000000000000000000e+00,0.000000000000000000e+00
1.187461799002065943e+00,0.000000000000000000e+00,0.000000000000000000e+00
1.188557243466089819e+00,0.000000000000000000e+00,0.000000000000000000e+00
1.189652687930113917e+00,0.000000000000000000e+00,0.000000000000000000e+00
1.190748132394138015e+00,0.000000000000000000e+00,0.000000000000000000e+00
1.191843576858162113e+00,0.000000000000000000e+00,0.000000000000000000e+00
1.192939021322186210e+00,0.000000000000000000e+00,0.000000000000000000e+00
1.194034465786210086e+00,0.000000000000000000e+00,0.000000000000000000e+00
1.195129910250234184e+00,0.000000000000000000e+00,0.000000000000000000e+00
1.196225354714258282e+00,0.000000000000000000e+00,0.000000000000000000e+00
1.197320799178282158e+00,0.000000000000000000e+00,0.000000000000000000e+00
1.198416243642306256e+00,0.000000000000000000e+00,0.000000000000000000e+00
1.199511688106330354e+00,0.000000000000000000e+00,0.000000000000000000e+00
1.200607132570354452e+00,0.000000000000000000e+00,0.000000000000000000e+00
1.201702577034378550e+00,0.000000000000000000e+00,0.000000000000000000e+00
1.202798021498402647e+00,0.000000000000000000e+00,0.000000000000000000e+00
1.203893465962426523e+00,0.000000000000000000e+00,0.000000000000000000e+00
1.204988910426450621e+00,0.000000000000000000e+00,0.000000000000000000e+00
1.206084354890474719e+00,0.000000000000000000e+00,0.000000000000000000e+00
1.207179799354498595e+00,0.000000000000000000e+00,0.000000000000000000e+00
1.208275243818522693e+00,0.000000000000000000e+00,0.000000000000000000e+00
1.209370688282546791e+00,0.000000000000000000e+00,0.000000000000000000e+00
1.210466132746570889e+00,0.000000000000000000e+00,0.000000000000000000e+00
1.211561577210594987e+00,0.000000000000000000e+00,0.000000000000000000e+00
1.212657021674618862e+00,0.000000000000000000e+00,0.000000000000000000e+00
1.213752466138642960e+00,0.000000000000000000e+00,0.000000000000000000e+00
1.214847910602667058e+00,0.000000000000000000e+00,0.000000000000000000e+00
1.215943355066690934e+00,0.000000000000000000e+00,0.000000000000000000e+00
1.217038799530715032e+00,0.000000000000000000e+00,0.000000000000000000e+00
1.218134243994739130e+00,0.000000000000000000e+00,0.000000000000000000e+00
1.219229688458763228e+00,0.000000000000000000e+00,0.000000000000000000e+00
1.220325132922787326e+00,0.000000000000000000e+00,0.000000000000000000e+00
1.221420577386811424e+00,0.000000000000000000e+00,0.000000000000000000e+00
1.222516021850835299e+00,0.000000000000000000e+00,0.000000000000000000e+00
1.223611466314859397e+00,0.000000000000000000e+00,0.000000000000000000e+00
1.224706910778883495e+00,0.000000000000000000e+00,0.000000000000000000e+00
1.225802355242907371e+00,0.000000000000000000e+00,0.000000000000000000e+00
1.226897799706931469e+00,0.000000000000000000e+00,0.000000000000000000e+00
1.227993244170955567e+00,0.000000000000000000e+00,0.000000000000000000e+00
1.229088688634979665e+00,0.000000000000000000e+00,0.000000000000000000e+00
1.230184133099003763e+00,0.000000000000000000e+00,0.000000000000000000e+00
1.231279577563027638e+00,0.000000000000000000e+00,0.000000000000000000e+00
1.232375022027051736e+00,0.000000000000000000e+00,0.000000000000000000e+00
1.233470466491075834e+00,0.000000000000000000e+00,0.000000000000000000e+00
1.234565910955099710e+00,0.000000000000000000e+00,0.000000000000000000e+00
1.235661355419123808e+00,0.000000000000000000e+00,0.000000000000000000e+00
1.236756799883147906e+00,0.000000000000000000e+00,0.000000000000000000e+00
1.237852244347172004e+00,0.000000000000000000e+00,0.000000000000000000e+00
1.238947688811196102e+00,0.000000000000000000e+00,0.000000000000000000e+00
1.240043133275220200e+00,0.000000000000000000e+00,0.000000000000000000e+00
1.241138577739244075e+00,0.000000000000000000e+00,0.000000000000000000e+00
1.242234022203268173e+00,0.000000000000000000e+00,0.000000000000000000e+00
1.243329466667292271e+00,0.000000000000000000e+00,0.000000000000000000e+00
1.244424911131316147e+00,0.000000000000000000e+00,0.000000000000000000e+00
1.245520355595340245e+00,0.000000000000000000e+00,0.000000000000000000e+00
1.246615800059364343e+00,0.000000000000000000e+00,0.000000000000000000e+00
1.247711244523388441e+00,0.000000000000000000e+00,0.000000000000000000e+00
1.248806688987412539e+00,0.000000000000000000e+00,0.000000000000000000e+00
1.249902133451436415e+00,0.000000000000000000e+00,0.000000000000000000e+00
1.250997577915460512e+00,0.000000000000000000e+00,0.000000000000000000e+00
1.252093022379484610e+00,0.000000000000000000e+00,0.000000000000000000e+00
1.253188466843508486e+00,0.000000000000000000e+00,0.000000000000000000e+00
1.254283911307532584e+00,0.000000000000000000e+00,0.000000000000000000e+00
1.255379355771556904e+00,0.000000000000000000e+00,0.000000000000000000e+00
1.256474800235580780e+00,0.000000000000000000e+00,0.000000000000000000e+00
1.257570244699604878e+00,0.000000000000000000e+00,0.000000000000000000e+00
1.258665689163628976e+00,0.000000000000000000e+00,0.000000000000000000e+00
1.259761133627652852e+00,0.000000000000000000e+00,0.000000000000000000e+00
1.260856578091676949e+00,0.000000000000000000e+00,0.000000000000000000e+00
1.261952022555701047e+00,0.000000000000000000e+00,0.000000000000000000e+00
1.263047467019724923e+00,0.000000000000000000e+00,0.000000000000000000e+00
1.264142911483749021e+00,0.000000000000000000e+00,0.000000000000000000e+00
1.265238355947773119e+00,0.000000000000000000e+00,0.000000000000000000e+00
1.266333800411797217e+00,0.000000000000000000e+00,0.000000000000000000e+00
1.267429244875821315e+00,0.000000000000000000e+00,0.000000000000000000e+00
1.268524689339845191e+00,0.000000000000000000e+00,0.000000000000000000e+00
1.269620133803869289e+00,0.000000000000000000e+00,0.000000000000000000e+00
1.270715578267893386e+00,0.000000000000000000e+00,0.000000000000000000e+00
1.271811022731917262e+00,0.000000000000000000e+00,0.000000000000000000e+00
1.272906467195941360e+00,0.000000000000000000e+00,0.000000000000000000e+00
1.274001911659965680e+00,0.000000000000000000e+00,0.000000000000000000e+00
1.275097356123989556e+00,0.000000000000000000e+00,0.000000000000000000e+00
1.276192800588013654e+00,0.000000000000000000e+00,0.000000000000000000e+00
1.277288245052037752e+00,0.000000000000000000e+00,0.000000000000000000e+00
1.278383689516061628e+00,0.000000000000000000e+00,0.000000000000000000e+00
1.279479133980085725e+00,0.000000000000000000e+00,0.000000000000000000e+00
1.280574578444109823e+00,0.000000000000000000e+00,0.000000000000000000e+00
1.281670022908133699e+00,0.000000000000000000e+00,0.000000000000000000e+00
1.282765467372158019e+00,0.000000000000000000e+00,0.000000000000000000e+00
1.283860911836181895e+00,0.000000000000000000e+00,0.000000000000000000e+00
1.284956356300205993e+00,0.000000000000000000e+00,0.000000000000000000e+00
1.286051800764230091e+00,0.000000000000000000e+00,0.000000000000000000e+00
1.287147245228253967e+00,0.000000000000000000e+00,0.000000000000000000e+00
1.288242689692278065e+00,0.000000000000000000e+00,0.000000000000000000e+00
1.289338134156302162e+00,0.000000000000000000e+00,0.000000000000000000e+00
1.290433578620326038e+00,0.000000000000000000e+00,0.000000000000000000e+00
1.291529023084350136e+00,0.000000000000000000e+00,0.000000000000000000e+00
1.292624467548374456e+00,0.000000000000000000e+00,0.000000000000000000e+00
1.293719912012398332e+00,0.000000000000000000e+00,0.000000000000000000e+00
1.294815356476422430e+00,0.000000000000000000e+00,0.000000000000000000e+00
1.295910800940446528e+00,0.000000000000000000e+00,0.000000000000000000e+00
1.297006245404470404e+00,0.000000000000000000e+00,0.000000000000000000e+00
1.298101689868494502e+00,0.000000000000000000e+00,0.000000000000000000e+00
1.299197134332518377e+00,0.000000000000000000e+00,0.000000000000000000e+00
1.300292578796542475e+00,0.000000000000000000e+00,0.000000000000000000e+00
1.301388023260566795e+00,0.000000000000000000e+00,0.000000000000000000e+00
1.302483467724590671e+00,0.000000000000000000e+00,0.000000000000000000e+00
1.303578912188614769e+00,0.000000000000000000e+00,0.000000000000000000e+00
1.304674356652638867e+00,0.000000000000000000e+00,0.000000000000000000e+00
1.305769801116662743e+00,0.000000000000000000e+00,0.000000000000000000e+00
1.306865245580686841e+00,0.000000000000000000e+00,0.000000000000000000e+00
1.307960690044710939e+00,0.000000000000000000e+00,0.000000000000000000e+00
1.309056134508734814e+00,0.000000000000000000e+00,0.000000000000000000e+00
1.310151578972759134e+00,0.000000000000000000e+00,0.000000000000000000e+00
1.311247023436783232e+00,0.000000000000000000e+00,0.000000000000000000e+00
1.312342467900807108e+00,0.000000000000000000e+00,0.000000000000000000e+00
1.313437912364831206e+00,0.000000000000000000e+00,0.000000000000000000e+00
1.314533356828855304e+00,0.000000000000000000e+00,0.000000000000000000e+00
1.315628801292879180e+00,0.000000000000000000e+00,0.000000000000000000e+00
1.316724245756903278e+00,0.000000000000000000e+00,0.000000000000000000e+00
1.317819690220927153e+00,0.000000000000000000e+00,0.000000000000000000e+00
1.318915134684951251e+00,0.000000000000000000e+00,0.000000000000000000e+00
1.320010579148975571e+00,0.000000000000000000e+00,0.000000000000000000e+00
1.321106023612999447e+00,0.000000000000000000e+00,0.000000000000000000e+00
1.322201468077023545e+00,0.000000000000000000e+00,0.000000000000000000e+00
1.323296912541047643e+00,0.000000000000000000e+00,0.000000000000000000e+00
1.324392357005071519e+00,0.000000000000000000e+00,0.000000000000000000e+00
1.325487801469095617e+00,0.000000000000000000e+00,0.000000000000000000e+00
1.326583245933119715e+00,0.000000000000000000e+00,0.000000000000000000e+00
1.327678690397143590e+00,0.000000000000000000e+00,0.000000000000000000e+00
1.328774134861167910e+00,0.000000000000000000e+00,0.000000000000000000e+00
1.329869579325192008e+00,0.000000000000000000e+00,0.000000000000000000e+00
1.330965023789215884e+00,0.000000000000000000e+00,0.000000000000000000e+00
1.332060468253239982e+00,0.000000000000000000e+00,0.000000000000000000e+00
1.333155912717263858e+00,0.000000000000000000e+00,0.000000000000000000e+00
1.334251357181287956e+00,0.000000000000000000e+00,0.000000000000000000e+00
1.335346801645312054e+00,0.000000000000000000e+00,0.000000000000000000e+00
1.336442246109335930e+00,0.000000000000000000e+00,0.000000000000000000e+00
1.337537690573360250e+00,0.000000000000000000e+00,0.000000000000000000e+00
1.338633135037384347e+00,0.000000000000000000e+00,0.000000000000000000e+00
1.339728579501408223e+00,0.000000000000000000e+00,0.000000000000000000e+00
1.340824023965432321e+00,0.000000000000000000e+00,0.000000000000000000e+00
1.341919468429456419e+00,0.000000000000000000e+00,0.000000000000000000e+00
1.343014912893480295e+00,0.000000000000000000e+00,0.000000000000000000e+00
1.344110357357504393e+00,0.000000000000000000e+00,0.000000000000000000e+00
1.345205801821528491e+00,0.000000000000000000e+00,0.000000000000000000e+00
1.346301246285552367e+00,0.000000000000000000e+00,0.000000000000000000e+00
1.347396690749576686e+00,0.000000000000000000e+00,0.000000000000000000e+00
1.348492135213600562e+00,0.000000000000000000e+00,0.000000000000000000e+00
1.349587579677624660e+00,0.000000000000000000e+00,0.000000000000000000e+00
1.350683024141648758e+00,0.000000000000000000e+00,0.000000000000000000e+00
1.351778468605672634e+00,0.000000000000000000e+00,0.000000000000000000e+00
1.352873913069696732e+00,0.000000000000000000e+00,0.000000000000000000e+00
1.353969357533720830e+00,0.000000000000000000e+00,0.000000000000000000e+00
1.355064801997744706e+00,0.000000000000000000e+00,0.000000000000000000e+00
1.356160246461769026e+00,0.000000000000000000e+00,0.000000000000000000e+00
1.357255690925793123e+00,0.000000000000000000e+00,0.000000000000000000e+00
1.358351135389816999e+00,0.000000000000000000e+00,0.000000000000000000e+00
1.359446579853841097e+00,0.000000000000000000e+00,0.000000000000000000e+00
1.360542024317865195e+00,0.000000000000000000e+00,0.000000000000000000e+00
1.361637468781889071e+00,0.000000000000000000e+00,0.000000000000000000e+00
1.362732913245913169e+00,0.000000000000000000e+00,0.000000000000000000e+00
1.363828357709937267e+00,0.000000000000000000e+00,0.000000000000000000e+00
1.364923802173961365e+00,0.000000000000000000e+00,0.000000000000000000e+00
1.366019246637985463e+00,0.000000000000000000e+00,0.000000000000000000e+00
1.367114691102009338e+00,0.000000000000000000e+00,0.000000000000000000e+00
1.368210135566033436e+00,0.000000000000000000e+00,0.000000000000000000e+00
1.369305580030057534e+00,0.000000000000000000e+00,0.000000000000000000e+00
