# omega(Hartree) S(1/Hartree) dS(1/Hartree)
1.095444464024046072e-03,6.461022515207456296e-01,2.196426995042854102e+00
2.190888928048092144e-03,6.592989025784694590e-01,1.663676244465648990e+00
3.286333392072138000e-03,6.733003112573046067e-01,1.125349070617463809e+00
4.381777856096184288e-03,6.880938921512602668e-01,7.031959725802328087e-01
5.477222320120230144e-03,7.036682644421764499e-01,4.326243454516169873e-01
6.572666784144275999e-03,7.200130112968096130e-01,2.947794534872606453e-01
7.668111248168322722e-03,7.371184681382504378e-01,2.444397897529526353e-01
8.763555712192368577e-03,7.549755361087123751e-01,2.330787181559011434e-01
9.859000176216414432e-03,7.735755176356795548e-01,2.332274749205391351e-01
1.095444464024046029e-02,7.929099715024152673e-01,2.361210606871467221e-01
1.204988910426450614e-02,8.129705852275121991e-01,2.401841261314817955e-01
1.314533356828855200e-02,8.337490628913061252e-01,2.454716545693164664e-01
1.424077803231259785e-02,8.552370268225591987e-01,2.520605065433387248e-01
1.533622249633664544e-02,8.774259317857611151e-01,2.598030422242235127e-01
1.643166696036068783e-02,9.003069904969179804e-01,2.684228783673378027e-01
1.752711142438473715e-02,9.238711094521819822e-01,2.776297308169771161e-01
1.862255588840878301e-02,9.481088341803362018e-01,2.871822614533692253e-01
1.971800035243282886e-02,9.730103031371096778e-01,2.969063388980267559e-01
2.081344481645687472e-02,9.985652095458330546e-01,3.066895364182125050e-01
2.190888928048092057e-02,1.024762770561674863e+00,3.164671560932051375e-01
2.300433374450496643e-02,1.051591703195178029e+00,3.262076539832130528e-01
2.409977820852901229e-02,1.079040206480724295e+00,3.359006401814726983e-01
2.519522267255305814e-02,1.107095949415134672e+00,3.455480251100750411e-01
2.629066713657710400e-02,1.135746064226086149e+00,3.551579726429461292e-01
2.738611160060114985e-02,1.164977144557185262e+00,3.647410011484157333e-01
2.848155606462519571e-02,1.194775248180240723e+00,3.743076025691376429e-01
2.957700052864924503e-02,1.225125903865531329e+00,3.838669010902781009e-01
3.067244499267329089e-02,1.256014122057181437e+00,3.934259497647872861e-01
3.176788945669733327e-02,1.287424409016420634e+00,4.029894387832975711e-01
3.286333392072137566e-02,1.319340784108095299e+00,4.125596374164674507e-01
3.395877838474542498e-02,1.351746799918560171e+00,4.221364499708377127e-01
3.505422284876947431e-02,1.384625564903892325e+00,4.317175324390155056e-01
3.614966731279351669e-02,1.417959768278309829e+00,4.412984154550406157e-01
3.724511177681756602e-02,1.451731706863263360e+00,4.508726189041905030e-01
3.834055624084160840e-02,1.485923313627520281e+00,4.604317366237793419e-01
3.943600070486565773e-02,1.520516187659602947e+00,4.699654946498112995e-01
4.053144516888970011e-02,1.555491625323907501e+00,4.794617714808783737e-01
4.162688963291374944e-02,1.590830652362234421e+00,4.889065920651590735e-01
4.272233409693779183e-02,1.626514056714133405e+00,4.982840916451218294e-01
4.381777856096184115e-02,1.662522421839606634e+00,5.075764642404544391e-01
4.491322302498588354e-02,1.698836160339354695e+00,5.167639046347036746e-01
4.600866748900993286e-02,1.735435547679506474e+00,5.258245526148694893e-01
4.710411195303397525e-02,1.772300755838800423e+00,5.347344804925036055e-01
4.819955641705802457e-02,1.809411886708586215e+00,5.434677288740147327e-01
4.929500088108207390e-02,1.846749005087517270e+00,5.519964463285915723e-01
5.039044534510611628e-02,1.884292171124693605e+00,5.602911788433583284e-01
5.148588980913015867e-02,1.922021472077403592e+00,5.683213595802956153e-01
5.258133427315420799e-02,1.959917053232923756e+00,5.760560815076404273e-01
5.367677873717825038e-02,1.997959148078814584e+00,5.834652172461013420e-01
5.477222320120229970e-02,2.036128107038124746e+00,5.905209802902322558e-01
5.586766766522634903e-02,2.074404425655846040e+00,5.971999755115154906e-01
5.696311212925039141e-02,2.112768771185915107e+00,6.034857898129141196e-01
5.805855659327444074e-02,2.151202008097115925e+00,6.093720862264683236e-01
5.915400105729849006e-02,2.189685222247930163e+00,6.148660577681304140e-01
6.024944552132253245e-02,2.228199743712061309e+00,6.199919371273802104e-01
6.134488998534658177e-02,2.266727168219254906e+00,6.247939837762088722e-01
6.244033444937061722e-02,2.305249377184054538e+00,6.293380498935601253e-01
6.353577891339466654e-02,2.343748556304687813e+00,6.337103972082147596e-01
6.463122337741870893e-02,2.382207212721758172e+00,6.380120429577573749e-01
6.572666784144275132e-02,2.420608190734454102e+00,6.423465610099525769e-01
6.682211230546680758e-02,2.458934686079020437e+00,6.467992971358101917e-01
6.791755676949084997e-02,2.497170258780632146e+00,6.514066285689124047e-01
6.901300123351489235e-02,2.535298844596213019e+00,6.561155174215627106e-01
7.010844569753894862e-02,2.573304765071269262e+00,6.607366192088268697e-01
7.120389016156299100e-02,2.611172736238382974e+00,6.648986749288898768e-01
7.229933462558703339e-02,2.648887875990222351e+00,6.680181113853296271e-01
7.339477908961108965e-02,2.686435710163614488e+00,6.693062351702915302e-01
7.449022355363513204e-02,2.723802177374583966e+00,6.678499365103568453e-01
7.558566801765917442e-02,2.760973632648010323e+00,6.628275909819216771e-01
7.668111248168321681e-02,2.797936849887382227e+00,6.539748935099493066e-01
7.777655694570725919e-02,2.834679023233200645e+00,6.425139713780911865e-01
7.887200140973131546e-02,2.871187767359446585e+00,6.328731890985527242e-01
7.996744587375535784e-02,2.907451116760232157e+00,6.353426571977897064e-01
8.106289033777940023e-02,2.943457524078339826e+00,6.682995162189526717e-01
8.215833480180345649e-02,2.979195857529368219e+00,7.555162009013769442e-01
8.325377926582749888e-02,3.014655397474926168e+00,9.162093278173619737e-01
8.434922372985154126e-02,3.049825832198554743e+00,1.156945926646353762e+00
8.544466819387558365e-02,3.084697252938143563e+00,1.472665955012055772e+00
8.654011265789963991e-02,3.119260148227919860e+00,1.850365177122483162e+00
8.763555712192368230e-02,3.153505397602862637e+00,2.270479676824098014e+00
8.873100158594772469e-02,3.187424264716869793e+00,2.707278101647048629e+00
8.982644604997176707e-02,3.221008389926162785e+00,3.130130389205260766e+00
9.092189051399580946e-02,3.254249782386894108e+00,3.506213669947943590e+00
9.201733497801986572e-02,3.287140811715939748e+00,3.804316243046645951e+00
9.311277944204390811e-02,3.319674199261389624e+00,3.998940500186591862e+00
9.420822390606795049e-02,3.351843009028358633e+00,4.073786597474787996e+00
9.530366837009200676e-02,3.383640638304381110e+00,4.023836332576164132e+00
9.639911283411604914e-02,3.415060808024526384e+00,3.855616672586822613e+00
9.749455729814009153e-02,3.446097552921884688e+00,3.585674478027137901e+00
9.859000176216414779e-02,3.476745211493950105e+00,3.237707768058161850e+00
9.968544622618819018e-02,3.506998415829653215e+00,2.839037996292784527e+00
1.007808906902122326e-01,3.536852081327692687e+00,2.417174849405815618e+00
1.018763351542362888e-01,3.566301396340537000e+00,1.997090655272713011e+00
1.029717796182603173e-01,3.595341811775583096e+00,1.599626956705614722e+00
1.040672240822843597e-01,3.623969030683271697e+00,1.241261026123106737e+00
1.051626685463084160e-01,3.652178997859421017e+00,9.354303370014265262e-01
1.062581130103324584e-01,3.679967889488603650e+00,6.956126166783223042e-01
1.073535574743565008e-01,3.707332102852485267e+00,5.386282803080201242e-01
1.084490019383805570e-01,3.734268246125525881e+00,4.775555396364952743e-01
1.095444464024045994e-01,3.760773128280174848e+00,4.972644301516139231e-01
1.106398908664286418e-01,3.786843749119801039e+00,5.586487863488258654e-01
1.117353353304526981e-01,3.812477289458040985e+00,6.316590749782744485e-01
1.128307797944767404e-01,3.837671101460797374e+00,7.024995798756613619e-01
1.139262242585007828e-01,3.862422699165844797e+00,7.663981969276908446e-01
1.150216687225248391e-01,3.886729749193846395e+00,8.223948264037461708e-01
1.161171131865488815e-01,3.910590061663185679e+00,8.709825621800434403e-01
1.172125576505729239e-01,3.934001581319388929e+00,9.131246546789236751e-01
1.183080021145969801e-01,3.956962378889483212e+00,9.498520624270749835e-01
1.194034465786210225e-01,3.979470642669952429e+00,9.821068706541231652e-01
1.204988910426450649e-01,4.001524670355927071e+00,1.010691787102559802e+00
1.215943355066691212e-01,4.023122861118523907e+00,1.036265270410556827e+00
1.226897799706931635e-01,4.044263707936166519e+00,1.059355113656512248e+00
1.237852244347171921e-01,4.064945790184545160e+00,1.080378116931715926e+00
1.248806688987412344e-01,4.085167766489852248e+00,1.099660242022532319e+00
1.259761133627652907e-01,4.104928367848012627e+00,1.117454879174512472e+00
1.270715578267893331e-01,4.124226391013118942e+00,1.133958398236052156e+00
1.281670022908133755e-01,4.143060692156653069e+00,1.149322892852087108e+00
1.292624467548374179e-01,4.161430180799055911e+00,1.163666368993028666e+00
1.303578912188614602e-01,4.179333814014281501e+00,1.177080711848409900e+00
1.314533356828855026e-01,4.196770590907841658e+00,1.189637848938175368e+00
1.325487801469095728e-01,4.213739547368100524e+00,1.201394443097531184e+00
1.336442246109336152e-01,4.230239751089884592e+00,1.212395437829431266e+00
1.347396690749576575e-01,4.246270296869951721e+00,1.222676714578848411e+00
1.358351135389816999e-01,4.261830302172576523e+00,1.232267068618128958e+00
1.369305580030057423e-01,4.276918902963672053e+00,1.241189664868647347e+00
1.380260024670297847e-01,4.291535249811728292e+00,1.249463110523190146e+00
1.391214469310538548e-01,4.305678504252858474e+00,1.257102239664638743e+00
1.402168913950778972e-01,4.319347835418242632e+00,1.264118676717221446e+00
1.413123358591019396e-01,4.332542416920796668e+00,1.270521246205140509e+00
1.424077803231259820e-01,4.345261423998558747e+00,1.276316254420741592e+00
1.435032247871500244e-01,4.357504030911938386e+00,1.281507682955190575e+00
1.445986692511740668e-01,4.369269408591589077e+00,1.286097314091324106e+00
1.456941137151981369e-01,4.380556722534012515e+00,1.290084789475329119e+00
1.467895581792221793e-01,4.391365130941577988e+00,1.293467624411240191e+00
1.478850026432462217e-01,4.401693783103651114e+00,1.296241176194643296e+00
1.489804471072702641e-01,4.411541818015699334e+00,1.298398561753404179e+00
1.500758915712943065e-01,4.420908363232830318e+00,1.299930525623354649e+00
1.511713360353183488e-01,4.429792533954283407e+00,1.300825246526806866e+00
1.522667804993423912e-01,4.438193432336003497e+00,1.301068070581069769e+00
1.533622249633664336e-01,4.446110147027187764e+00,1.300641155369637980e+00
1.544576694273904760e-01,4.453541752928025232e+00,1.299522988993738526e+00
1.555531138914145184e-01,4.460487311164633262e+00,1.297687758614941123e+00
1.566485583554385608e-01,4.466945869278498016e+00,1.295104519955744937e+00
1.577440028194626309e-01,4.472916461626422091e+00,1.291736098103073216e+00
1.588394472834866733e-01,4.478398109987785425e+00,1.287537661942028233e+00
1.599348917475107157e-01,4.483389824376119215e+00,1.282454844021878815e+00
1.610303362115347581e-01,4.487890604051109733e+00,1.276421309792008740e+00
1.621257806755588005e-01,4.491899438728138350e+00,1.269355591344970335e+00
1.632212251395828428e-01,4.495415309981709129e+00,1.261157021108525011e+00
1.643166696036069130e-01,4.498437192839784160e+00,1.251700509771074499e+00
1.654121140676309554e-01,4.500964057565470355e+00,1.240829918864182035e+00
1.665075585316549978e-01,4.502994871622857609e+00,1.228349714430583051e+00
1.676030029956790401e-01,4.504528601823545308e+00,1.214014570812815164e+00
1.686984474597030825e-01,4.505564216650749465e+00,1.197516620274523103e+00
1.697938919237271249e-01,4.506100688757438633e+00,1.178470063706543502e+00
1.708893363877511673e-01,4.506136997635257657e+00,1.156393091779428284e+00
1.719847808517752374e-01,4.505672132450619038e+00,1.130687354425492730e+00
1.730802253157992798e-01,4.504705095044201357e+00,1.100616104761287906e+00
1.741756697798233222e-01,4.503234903119282428e+00,1.065283494474281278e+00
1.752711142438473646e-01,4.501260593420030709e+00,1.023620782452703937e+00
1.763665587078714070e-01,4.498781225477092249e+00,9.743913462593661867e-01
1.774620031718954494e-01,4.495795884949739474e+00,9.162402177679814796e-01
1.785574476359194918e-01,4.492303687528672818e+00,8.478452924079593611e-01
1.796528920999435341e-01,4.488303782812578469e+00,7.683057709644059985e-01
1.807483365639675765e-01,4.483795358350340265e+00,6.781155473653609489e-01
1.818437810279916189e-01,4.478777643815599063e+00,5.816701213027575257e-01
1.829392254920156613e-01,4.473249915309778224e+00,4.936982151686069575e-01
1.840346699560397314e-01,4.467211499788321660e+00,4.513508941612560665e-01
1.851301144200637738e-01,4.460661779606304833e+00,5.083868084433751378e-01
1.862255588840878162e-01,4.453600197177325803e+00,6.803019644199972404e-01
1.873210033481118586e-01,4.446026259741414854e+00,9.416939127653989328e-01
1.884164478121359010e-01,4.437939544235998568e+00,1.269954107770015606e+00
1.895118922761599434e-01,4.429339702264302403e+00,1.651629359265278651e+00
1.906073367401840135e-01,4.420226465155550066e+00,2.076041985518151556e+00
1.917027812042080559e-01,4.410599649110723774e+00,2.531331857678442265e+00
1.927982256682320983e-01,4.400459160427208083e+00,3.002750027752548956e+00
1.938936701322561407e-01,4.389805000795927725e+00,3.472230428721624573e+00
1.949891145962801831e-01,4.378637272664041014e+00,3.918847864149684668e+00
1.960845590603042254e-01,4.366956184655489182e+00,4.319994986705464335e+00
1.971800035243282956e-01,4.354762057042333545e+00,4.653126329479733592e+00
1.982754479883523380e-01,4.342055327258638187e+00,4.897855404322910111e+00
1.993708924523763804e-01,4.328836555448963175e+00,5.038115264896919854e+00
2.004663369164004227e-01,4.315106430042519925e+00,5.064053058173468180e+00
2.015617813804244651e-01,4.300865773344611398e+00,4.973336787402915959e+00
2.026572258444485075e-01,4.286115547135748827e+00,4.771635091772475690e+00
2.037526703084725777e-01,4.270856858269220346e+00,4.472164008182192951e+00
2.048481147724966200e-01,4.255090964256946329e+00,4.094357247064917438e+00
2.059435592365206347e-01,4.238819278833569903e+00,3.661879600873406027e+00
2.070390037005446771e-01,4.222043377488349236e+00,3.200320364200336165e+00
2.081344481645687194e-01,4.204765002953561925e+00,2.734957321868515923e+00
2.092298926285927896e-01,4.186986070638710089e+00,2.288955816342002514e+00
2.103253370926168320e-01,4.168708673998642311e+00,1.882264445343963644e+00
2.114207815566408744e-01,4.149935089823918233e+00,1.531254213244502171e+00
2.125162260206649167e-01,4.130667783441152707e+00,1.248726780706517214e+00
2.136116704846889591e-01,4.110909413811142166e+00,1.043160074457589737e+00
2.147071149487130015e-01,4.090662838511699206e+00,9.157060093651655519e-01
2.158025594127370717e-01,4.069931118592719166e+00,8.563143338642648095e-01
2.168980038767611140e-01,4.048717523289934839e+00,8.451792265488409228e-01
2.179934483407851564e-01,4.027025534583989597e+00,8.609417949026410000e-01
2.190888928048091988e-01,4.004858851591437841e+00,8.876047172106424910e-01
2.201843372688332134e-01,3.982221394773872714e+00,9.157891111732940903e-01
2.212797817328572836e-01,3.959117309951134978e+00,9.409772722736368111e-01
2.223752261968813260e-01,3.935550972104687073e+00,9.615315840474748521e-01
2.234706706609053961e-01,3.911526988957422901e+00,9.773290369062973548e-01
2.245661151249294107e-01,3.887050204315191326e+00,9.889569089507264099e-01
2.256615595889534809e-01,3.862125701156668089e+00,9.972668603261128917e-01
2.267570040529774955e-01,3.836758804457040206e+00,1.003135957653037647e+00
2.278524485170015657e-01,3.810955083731809800e+00,1.007345137846844096e+00
2.289478929810256080e-01,3.784720355286734339e+00,1.010525538061724626e+00
2.300433374450496782e-01,3.758060684160698717e+00,1.013144810276453089e+00
2.311387819090736928e-01,3.730982385747515728e+00,1.015516789175132439e+00
2.322342263730977630e-01,3.703492027084084537e+00,1.017823766258699747e+00
2.333296708371217776e-01,3.675596427791901100e+00,1.020144109262141274e+00
2.344251153011458477e-01,3.647302660659626827e+00,1.022480343231074285e+00
2.355205597651698901e-01,3.618618051854541662e+00,1.024784636590850395e+00
2.366160042291939603e-01,3.589550180751877928e+00,1.026980069039836962e+00
2.377114486932179749e-01,3.560106879370992683e+00,1.028977126610409298e+00
2.388068931572420450e-01,3.530296231407648477e+00,1.030685587896280397e+00
2.399023376212660597e-01,3.500126570853604679e+00,1.032022384965900486e+00
2.409977820852901298e-01,3.469606480194312059e+00,1.032916207028220956e+00
2.420932265493141722e-01,3.438744788176153921e+00,1.033309640652158023e+00
2.431886710133382423e-01,3.407550567137121345e+00,1.033159563670701830e+00
2.442841154773622570e-01,3.376033129893524887e+00,1.032436397397141770e+00
2.453795599413863271e-01,3.344202026177845788e+00,1.031122679174297785e+00
2.464750044054103417e-01,3.312067038623721427e+00,1.029211309382492834e+00
2.475704488694343841e-01,3.279638178293917683e+00,1.026703706874822153e+00
2.486658933334584543e-01,3.246925679750170879e+00,1.023608035061736476e+00
2.497613377974824689e-01,3.213939995662957738e+00,1.019937586755796266e+00
2.508567822615065390e-01,3.180691790961939880e+00,1.015709379451785077e+00
2.519522267255305814e-01,3.147191936528451084e+00,1.010942971070616148e+00
2.530476711895546238e-01,3.113451502432558193e+00,1.005659497348954989e+00
2.541431156535786662e-01,3.079481750718924715e+00,9.998809057202973083e-01
2.552385601176027086e-01,3.045294127746871471e+00,9.936293682931361948e-01
2.563340045816267510e-01,3.010900256091028293e+00,9.869268441905941769e-01
2.574294490456507933e-01,2.976311926011260045e+00,9.797947647627943679e-01
2.585248935096748357e-01,2.941541086500973456e+00,9.722538198814842936e-01
2.596203379736989336e-01,2.906599835924713826e+00,9.643238202810896498e-01
2.607157824377229205e-01,2.871500412257868895e+00,9.560236202627599988e-01
2.618112269017470184e-01,2.836255182941322506e+00,9.473710826879997438e-01
2.629066713657710053e-01,2.800876634367198470e+00,9.383830748203091376e-01
2.640021158297951032e-01,2.765377361011248869e+00,9.290754832980776534e-01
2.650975602938191455e-01,2.729770054230356013e+00,9.194632412116258147e-01
2.661930047578431879e-01,2.694067490743854876e+00,9.095603599826943553e-01
2.672884492218672303e-01,2.658282520819311934e+00,8.993799618319209266e-01
2.683838936858912727e-01,2.622428056184119338e+00,8.889343082076370806e-01
2.694793381499153151e-01,2.586517057686179566e+00,8.782348226305115579e-01
2.705747826139393575e-01,2.550562522726996129e+00,8.672921041715496715e-01
2.716702270779633999e-01,2.514577472492433685e+00,8.561159320741510426e-01
2.727656715419874978e-01,2.478574939007340383e+00,8.447152580848109604e-01
2.738611160060114846e-01,2.442567952039815804e+00,8.330981870859250904e-01
2.749565604700355270e-01,2.406569525884539207e+00,8.212719444559624105e-01
2.760520049340595694e-01,2.370592646051581820e+00,8.092428287943805865e-01
2.771474493980836118e-01,2.334650255891081994e+00,7.970161512777712565e-01
2.782428938621077097e-01,2.298755243182966534e+00,7.845961583761466018e-01
2.793383383261316966e-01,2.262920426720897549e+00,7.719859391244510149e-01
2.804337827901557945e-01,2.227158542922199835e+00,7.591873172253357227e-01
2.815292272541797813e-01,2.191482232492890425e+00,7.462007259407188453e-01
2.826246717182038792e-01,2.155904027179257110e+00,7.330250693320312649e-01
2.837201161822279216e-01,2.120436336636021935e+00,7.196575691280059361e-01
2.848155606462519640e-01,2.085091435442129271e+00,7.060936011588989647e-01
2.859110051102760064e-01,2.049881450293663310e+00,6.923265238827880363e-01
2.870064495743000488e-01,2.014818347404301324e+00,6.783475029384140598e-01
2.881018940383240912e-01,1.979913920142374772e+00,6.641453331125892756e-01
2.891973385023481335e-01,1.945179776933630755e+00,6.497062556327981575e-01
2.902927829663721759e-01,1.910627329456879853e+00,6.350137541045061118e-01
2.913882274303962738e-01,1.876267781161312209e+00,6.200482867277050669e-01
2.924836718944202607e-01,1.842112116129954291e+00,6.047868587891267467e-01
2.935791163584443586e-01,1.808171088316092412e+00,5.892022387411495199e-01
2.946745608224683455e-01,1.774455211175973712e+00,5.732614426095298255e-01
2.957700052864924434e-01,1.740974747721537375e+00,5.569227981239293079e-01
2.968654497505164858e-01,1.707739701012978228e+00,5.401303782361992489e-01
2.979608942145405281e-01,1.674759805114462985e+00,5.228037539183325588e-01
2.990563386785645705e-01,1.642044516528519571e+00,5.048197496191026978e-01
3.001517831425886129e-01,1.609603006128928593e+00,4.859811347799413150e-01
3.012472276066126553e-01,1.577444151606233858e+00,4.659651897324610381e-01
3.023426720706366977e-01,1.545576530440766927e+00,4.442439411935037996e-01
3.034381165346607401e-01,1.514008413415272480e+00,4.199711224068332083e-01
3.045335609986847825e-01,1.482747758677492644e+00,3.918498048626785080e-01
3.056290054627088248e-01,1.451802206362528436e+00,3.580686469018647955e-01
3.067244499267328672e-01,1.421179073780648894e+00,3.166870552512245363e-01
3.078198943907569096e-01,1.390885351178007046e+00,2.681296822796696011e-01
3.089153388547809520e-01,1.360927698071286773e+00,2.269616241286855907e-01
3.100107833188050499e-01,1.331312440160700605e+00,2.523930566910712603e-01
3.111062277828290368e-01,1.302045566819287847e+00,4.108874850209273677e-01
3.122016722468531347e-01,1.273132729158545251e+00,7.036143138778542250e-01
3.132971167108771215e-01,1.244579238665751042e+00,1.126544149805669193e+00
3.143925611749012194e-01,1.216390066408583603e+00,1.671537099318498587e+00
3.154880056389252618e-01,1.188569842800916154e+00,2.299831114468665394e+00
3.165834501029493042e-01,1.161122857920183771e+00,2.927175315035537739e+00
3.176788945669733466e-01,1.134053062368241660e+00,3.430538837444136124e+00
3.187743390309973890e-01,1.107364068663613033e+00,3.682659171764132822e+00
3.198697834950214314e-01,1.081059153152812868e+00,3.605479715511174188e+00
3.209652279590454738e-01,1.055141258427240603e+00,3.214563778816022843e+00
3.220606724230695161e-01,1.029612996230956590e+00,2.622643337453863133e+00
3.231561168870936140e-01,1.004476650841847896e+00,1.993056081946978253e+00
3.242515613511176009e-01,9.797341829106464006e-01,1.469125234603338770e+00
3.253470058151416988e-01,9.553872337441026152e-01,1.120844160587335159e+00
3.264424502791656857e-01,9.314371299835175755e-01,9.338844190319919303e-01
3.275378947431897836e-01,9.078848887334632911e-01,8.442985278934307392e-01
3.286333392072138260e-01,8.847312230200342631e-01,7.909260255734861245e-01
3.297287836712378128e-01,8.619765476343592692e-01,7.398310621179832181e-01
3.308242281352619107e-01,8.396209853079700247e-01,6.801043205145261838e-01
3.319196725992858976e-01,8.176643732039657886e-01,6.131323122678996596e-01
3.330151170633099955e-01,7.961062697028434831e-01,5.448496776135202113e-01
3.341105615273339824e-01,7.749459614585020306e-01,4.817137618876010108e-01
3.352060059913580803e-01,7.541824707036489661e-01,4.288525445416324633e-01
3.363014504553821227e-01,7.338145627815338967e-01,3.890272537066264968e-01
3.373968949194061651e-01,7.138407538816609055e-01,3.620785525314073050e-01
3.384923393834302074e-01,6.942593189567277667e-01,3.452811875561646593e-01
3.395877838474542498e-01,6.750682997993133760e-01,3.346828472354677619e-01
3.406832283114782922e-01,6.562655132564424454e-01,3.266080347260182926e-01
3.417786727755023346e-01,6.378485595590398516e-01,3.185020618335219211e-01
3.428741172395263770e-01,6.198148307475640495e-01,3.090343197759261584e-01
3.439695617035504749e-01,6.021615191715518067e-01,2.978145198218948297e-01
3.450650061675744618e-01,5.848856260432061527e-01,2.850327342980427114e-01
3.461604506315985597e-01,5.679839700255764345e-01,2.711661218488375935e-01
3.472558950956225465e-01,5.514531958365910258e-01,2.567839183412715665e-01
3.483513395596466444e-01,5.352897828505975841e-01,2.424352457540121797e-01
3.494467840236706868e-01,5.194900536793045642e-01,2.285924304056695111e-01
3.505422284876947292e-01,5.040501827163196280e-01,2.156257924793810454e-01
3.516376729517187716e-01,4.889662046280732199e-01,2.037940768011115011e-01
3.527331174157428140e-01,4.742340227763226501e-01,1.932429151137739221e-01
3.538285618797668564e-01,4.598494175576786080e-01,1.840095979673428694e-01
3.549240063437908987e-01,4.458080546467754202e-01,1.760351123974752408e-01
3.560194508078149411e-01,4.321054931290512768e-01,1.691840385398683533e-01
3.571148952718389835e-01,4.187371935124688527e-01,1.632706797614358607e-01
3.582103397358630259e-01,4.056985256056347411e-01,1.580875267352431501e-01
3.593057841998870683e-01,3.929847762528034250e-01,1.534313209618350937e-01
3.604012286639111107e-01,3.805911569157726659e-01,1.491229475510228719e-01
3.614966731279351531e-01,3.685128110934660639e-01,1.450194128953848083e-01
3.625921175919592510e-01,3.567448215723282856e-01,1.410181792014005842e-01
3.636875620559832378e-01,3.452822174985915593e-01,1.370554449407079545e-01
3.647830065200073357e-01,3.341199812677080883e-01,1.331004538009524230e-01
3.658784509840313226e-01,3.232530552240035493e-01,1.291478086146614634e-01
3.669738954480554205e-01,3.126763481661967159e-01,1.252093584749059685e-01
3.680693399120794629e-01,3.023847416543554711e-01,1.213067394515255082e-01
3.691647843761035053e-01,2.923730961146738805e-01,1.174652024921136045e-01
3.702602288401275477e-01,2.826362567389589797e-01,1.137090031557839581e-01
3.713556733041515900e-01,2.731690591774089127e-01,1.100583647379105162e-01
3.724511177681756324e-01,2.639663350215979976e-01,1.065278509418386699e-01
3.735465622321996748e-01,2.550229170779303445e-01,1.031258834375970990e-01
3.746420066962237172e-01,2.463336444307245854e-01,9.985509900821518126e-02
3.757374511602478151e-01,2.378933672937279253e-01,9.671324600092277846e-02
3.768328956242718020e-01,2.296969516525527166e-01,9.369435604242708215e-02
3.779283400882958999e-01,2.217392836975038417e-01,9.078998098799442862e-02
3.790237845523198867e-01,2.140152740488613925e-01,8.799034516413632712e-02
3.801192290163439846e-01,2.065198617760098387e-01,8.528532022971008209e-02
3.812146734803680270e-01,1.992480182131788069e-01,8.266517856209638915e-02
3.823101179443920694e-01,1.921947505739049211e-01,8.012111814906920648e-02
3.834055624084161118e-01,1.853551053670899618e-01,7.764557716667726261e-02
3.845010068724400987e-01,1.787241716184623241e-01,7.523237105069882635e-02
3.855964513364641966e-01,1.722970838997352760e-01,7.287669107305380645e-02
3.866918958004882390e-01,1.660690251702824638e-01,7.057500367100992544e-02
3.877873402645122813e-01,1.600352294349763338e-01,6.832488620447171868e-02
3.888827847285363237e-01,1.541909842215091198e-01,6.612482923283208303e-02
3.899782291925603661e-01,1.485316328830280919e-01,6.397402908655128173e-02
3.910736736565844085e-01,1.430525767287836869e-01,6.187218829551716787e-02
3.921691181206084509e-01,1.377492769889507862e-01,5.981933580220138991e-02
3.932645625846324933e-01,1.326172566172164335e-01,5.781567409785955125e-02
3.943600070486565912e-01,1.276521019364326992e-01,5.586145651760214548e-02
3.954554515126805780e-01,1.228494641321306591e-01,5.395689493691002703e-02
3.965508959767046759e-01,1.182050605991116776e-01,5.210209593267461220e-02
3.976463404407286628e-01,1.137146761448714488e-01,5.029702202955652068e-02
3.987417849047527607e-01,1.093741640567883755e-01,4.854147383499294449e-02
3.998372293687768031e-01,1.051794470361409883e-01,4.683508855440634416e-02
4.009326738328008455e-01,1.011265180058455865e-01,4.517735046841231394e-02
4.020281182968248879e-01,9.721144079446134012e-02,4.356760932408058201e-02
4.031235627608489303e-01,9.343035070442844148e-02,4.200510315231391345e-02
4.042190072248729726e-01,8.977945496645486911e-02,4.048898267247540150e-02
4.053144516888970150e-01,8.625503308743025233e-02,3.901833512529334635e-02
4.064098961529210574e-01,8.285343709493997455e-02,3.759220601625073988e-02
4.075053406169451553e-01,7.957109168387715981e-02,3.620961782614829511e-02
4.086007850809691422e-01,7.640449427018317086e-02,3.486958522682501171e-02
4.096962295449932401e-01,7.335021495499430277e-02,3.357112671842436835e-02
4.107916740090172270e-01,7.040489640525808557e-02,3.231327288380569929e-02
4.118871184730412693e-01,6.756525365456680920e-02,3.109507164196314427e-02
4.129825629370653672e-01,6.482807382787081352e-02,2.991559098844143172e-02
4.140780074010893541e-01,6.219021579582115211e-02,2.877391975454477238e-02
4.151734518651134520e-01,5.964860976116188873e-02,2.766916690908407736e-02
4.162688963291374389e-01,5.720025678243304684e-02,2.660045988649424598e-02
4.173643407931615368e-01,5.484222823865710778e-02,2.556694236112636021e-02
4.184597852571855792e-01,5.257166523806160174e-02,2.456777181280373618e-02
4.195552297212096216e-01,5.038577797567697636e-02,2.360211715148120837e-02
4.206506741852336639e-01,4.828184504209663552e-02,2.266915659319792761e-02
4.217461186492577063e-01,4.625721268834771804e-02,2.176807591295811320e-02
4.228415631132817487e-01,4.430929404876241678e-02,2.089806714079279343e-02
4.239370075773057911e-01,4.243556832604115231e-02,2.005832772139104839e-02
4.250324520413298335e-01,4.063357994115118776e-02,1.924806012060852403e-02
4.261278965053539314e-01,3.890093765142458443e-02,1.846647183681650664e-02
4.272233409693779183e-01,3.723531363913515357e-02,1.771277575775804733e-02
4.283187854334020161e-01,3.563444257412377164e-02,1.698619079533535831e-02
4.294142298974260030e-01,3.409612065291573596e-02,1.628594272766468315e-02
4.305096743614501009e-01,3.261820461543622068e-02,1.561126517919386378e-02
4.316051188254741433e-01,3.119861074505231660e-02,1.496140067757712605e-02
4.327005632894981857e-01,2.983531385040219877e-02,1.433560173035275213e-02
4.337960077535222281e-01,2.852634623412925521e-02,1.373313187673054318e-02
4.348914522175462705e-01,2.726979664937500755e-02,1.315326667720948493e-02
4.359868966815703129e-01,2.606380924633642029e-02,1.259529461372223616e-02
4.370823411455943552e-01,2.490658251075807822e-02,1.205851788142125146e-02
4.381777856096183976e-01,2.379636819609387555e-02,1.154225306082721191e-02
4.392732300736424400e-01,2.273147025160569129e-02,1.104583166588838337e-02
4.403686745376664269e-01,2.171024374740837537e-02,1.056860056834915337e-02
4.414641190016905803e-01,2.073109379836385671e-02,1.010992230347384883e-02
4.425595634657145672e-01,1.979247448804337742e-02,9.669175265052823778e-03
4.436550079297386096e-01,1.889288779486436587e-02,9.245753800260847824e-03
4.447504523937626519e-01,1.803088252054843924e-02,8.839068215291200070e-03
4.458458968577867498e-01,1.720505322323474112e-02,8.448544704438992053e-03
4.469413413218107922e-01,1.641403915588343990e-02,8.073625214477008274e-03
4.480367857858347791e-01,1.565652321101230690e-02,7.713767255999791524e-03
4.491322302498588215e-01,1.493123087288497457e-02,7.368443672676666667e-03
4.502276747138829194e-01,1.423692917834613186e-02,7.037142378446601884e-03
4.513231191779069618e-01,1.357242568676768346e-02,6.719366071203322806e-03
4.524185636419310041e-01,1.293656746012192445e-02,6.414631930627494837e-03
4.535140081059549910e-01,1.232824005393076683e-02,6.122471306510330127e-03
4.546094525699791444e-01,1.174636652002378559e-02,5.842429402871329724e-03
4.557048970340031313e-01,1.118990642090467863e-02,5.574064961563389778e-03
4.568003414980271737e-01,1.065785485778976936e-02,5.316949949214925045e-03
4.578957859620512161e-01,1.014924151110166775e-02,5.070669248902401165e-03
4.589912304260753140e-01,9.663129695581029743e-03,4.834820358900758161e-03
4.600866748900993564e-01,9.198615428745024122e-03,4.609013098553712412e-03
4.611821193541233432e-01,8.754826515258655462e-03,4.392869322741713330e-03
4.622775638181473856e-01,8.330921644991268540e-03,4.186022643655406932e-03
4.633730082821714835e-01,7.926089506751384656e-03,3.988118160417209596e-03
4.644684527461955259e-01,7.539547918783437094e-03,3.798812196460402569e-03
4.655638972102195683e-01,7.170542973159782160e-03,3.617772042470631180e-03
4.666593416742435552e-01,6.818348197441792199e-03,3.444675705777934267e-03
4.677547861382675976e-01,6.482263732315495831e-03,3.279211664746010165e-03
4.688502306022916954e-01,6.161615525352437395e-03,3.121078627458949602e-03
4.699456750663157378e-01,5.855754540646404722e-03,2.969985293877347443e-03
4.710411195303397802e-01,5.564055986498804562e-03,2.825650121941544399e-03
4.721365639943637671e-01,5.285918557578332157e-03,2.687801095291639675e-03
4.732320084583879205e-01,5.020763695228139083e-03,2.556175494046171968e-03
4.743274529224119074e-01,4.768034863034238680e-03,2.430519666862311808e-03
4.754228973864359498e-01,4.527196840459871661e-03,2.310588805491716434e-03
4.765183418504599921e-01,4.297735030897103028e-03,2.196146719857991307e-03
4.776137863144840900e-01,4.079154787824917049e-03,2.086965615505142167e-03
4.787092307785081324e-01,3.870980756199331012e-03,1.982825872000876146e-03
4.798046752425321193e-01,3.672756230476043743e-03,1.883515823123401789e-03
4.809001197065561617e-01,3.484042528730268463e-03,1.788831538731530365e-03
4.819955641705802596e-01,3.304418382198287714e-03,1.698576608188179324e-03
4.830910086346043020e-01,3.133479340893488129e-03,1.612561925926061070e-03
4.841864530986283444e-01,2.970837194817816870e-03,1.530605479190264712e-03
4.852818975626523312e-01,2.816119411045427470e-03,1.452532138400414695e-03
4.863773420266764846e-01,2.668968584565275387e-03,1.378173449352989612e-03
4.874727864907004715e-01,2.529041905800923518e-03,1.307367429081468741e-03
4.885682309547245139e-01,2.396010641962675360e-03,1.239958364222600419e-03
4.896636754187485563e-01,2.269559633389715662e-03,1.175796612793117250e-03
4.907591198827726542e-01,2.149386803896114698e-03,1.114738409166003913e-03
4.918545643467966966e-01,2.035202685898909129e-03,1.056645672936553423e-03
4.929500088108206834e-01,1.926729958510036388e-03,1.001385821008664301e-03
4.940454532748447258e-01,1.823703000252114605e-03,9.488315840192135470e-04
4.951408977388687682e-01,1.725867454772398845e-03,8.988608264986224948e-04
4.962363422028928661e-01,1.632979809003165137e-03,8.513563707031897689e-04
4.973317866669169085e-01,1.544806986040981852e-03,8.062058255096100478e-04
4.984272311309408954e-01,1.461125948440077961e-03,7.633014183211053781e-04
4.995226755949649378e-01,1.381723316147763850e-03,7.225398323627757252e-04
5.006181200589890912e-01,1.306394994484413874e-03,6.838220471279655380e-04
5.017135645230130780e-01,1.234945815397569223e-03,6.470531838059478654e-04
5.028090089870370649e-01,1.167189189992772500e-03,6.121423547808519218e-04
5.039044534510611628e-01,1.102946772302736567e-03,5.790025173007837082e-04
5.049998979150852607e-01,1.042048133584192165e-03,5.475503310523577825e-04
5.060953423791092476e-01,9.843304493159879022e-04,5.177060208808695633e-04
5.071907868431332345e-01,9.296381940925093094e-04,4.893932422224667698e-04
5.082862313071573324e-01,8.778228486852742915e-04,4.625389515724054215e-04
5.093816757711814303e-01,8.287426171787728654e-04,4.370732809660732234e-04
5.104771202352054171e-01,7.822621527298821665e-04,4.129294157753640921e-04
5.115725646992295150e-01,7.382522937150461052e-04,3.900434768114072171e-04
5.126680091632535019e-01,6.965898090732628757e-04,3.683544061642150987e-04
5.137634536272775998e-01,6.571571525420726251e-04,3.478038566724044999e-04
5.148588980913015867e-01,6.198422253379203125e-04,3.283360848351888229e-04
5.159543425553256846e-01,5.845381487549885851e-04,3.098978479941462069e-04
5.170497870193496714e-01,5.511430427273545643e-04,2.924383037348469603e-04
5.181452314833737693e-01,5.195598150052215718e-04,2.759089140129913800e-04
5.192406759473978672e-01,4.896959561347936874e-04,2.602633514963490608e-04
5.203361204114218541e-01,4.614633434388031768e-04,2.454574098552290517e-04
5.214315648754458410e-01,4.347780512532917348e-04,2.314489165816340074e-04
5.225270093394699389e-01,4.095601694273000456e-04,2.181976494383518087e-04
5.236224538034940368e-01,3.857336279588401747e-04,2.056652554417007814e-04
5.247178982675180237e-01,3.632260286372541568e-04,1.938151728731325708e-04
5.258133427315420105e-01,3.419684827348535043e-04,1.826125558416196858e-04
5.269087871955661084e-01,3.218954564600106792e-04,1.720242023418390356e-04
5.280042316595902063e-01,3.029446201882698042e-04,1.620184837122717273e-04
5.290996761236141932e-01,2.850567061767397543e-04,1.525652780344982163e-04
5.301951205876382911e-01,2.681753696185281669e-04,1.436359047548519600e-04
5.312905650516622780e-01,2.522470568153282523e-04,1.352030625747432924e-04
5.323860095156863759e-01,2.372208784659521981e-04,1.272407695671476727e-04
5.334814539797103627e-01,2.230484869781450611e-04,1.197243049583200382e-04
5.345768984437344606e-01,2.096839605407597020e-04,1.126301540672905796e-04
5.356723429077584475e-01,1.970836903347861311e-04,1.059359544858148975e-04
5.367677873717825454e-01,1.852062736539752009e-04,9.962044500843619972e-05
5.378632318358066433e-01,1.740124107649285547e-04,9.366341617080293906e-05
5.389586762998306302e-01,1.634648061552090674e-04,8.804566276570199466e-05
5.400541207638546171e-01,1.535280740578849579e-04,8.274893829810734411e-05
5.411495652278787150e-01,1.441686483405297202e-04,7.775591144742178521e-05
5.422450096919028129e-01,1.353546957803747135e-04,7.305012402940405701e-05
5.433404541559267997e-01,1.270560331139756029e-04,6.861595068510220781e-05
5.444358986199507866e-01,1.192440477935472355e-04,6.443856027825918033e-05
5.455313430839749955e-01,1.118916222324669164e-04,6.050387890108233140e-05
5.466267875479989824e-01,1.049730612258068673e-04,5.679855433493397412e-05
5.477222320120229693e-01,9.846402276509160813e-05,5.330992209994638053e-05
5.488176764760470672e-01,9.234145170625976048e-05,5.002597281588672096e-05
5.499131209400710540e-01,8.658351654281590661e-05,4.693532102458055917e-05
5.510085654040951519e-01,8.116954886696393131e-05,4.402717526148502969e-05
5.521040098681191388e-01,7.607998597445220397e-05,4.129130963626934412e-05
5.531994543321432367e-01,7.129631516231139910e-05,3.871803614767945178e-05
5.542948987961672236e-01,6.680102157210423706e-05,3.629817874884763647e-05
5.553903432601913215e-01,6.257753822100302452e-05,3.402304843818476746e-05
5.564857877242154194e-01,5.861019725663903153e-05,3.188441886127322292e-05
5.575812321882394063e-01,5.488418531226400631e-05,2.987450399697137707e-05
5.586766766522633931e-01,5.138549944409660460e-05,2.798593602507286064e-05
5.597721211162874910e-01,4.810090565632174365e-05,2.621174447380001413e-05
5.608675655803115889e-01,4.501789944548456992e-05,2.454533634679785908e-05
5.619630100443355758e-01,4.212466822497491797e-05,2.298047716161682558e-05
5.630584545083595627e-01,3.941005520161975479e-05,2.151127267349517679e-05
5.641538989723837716e-01,3.686352568430542815e-05,2.013215182588401798e-05
5.652493434364077585e-01,3.447513388860363185e-05,1.883784987789930744e-05
5.663447879004317453e-01,3.223549251270536149e-05,1.762339295649394724e-05
5.674402323644558432e-01,3.013574335671719665e-05,1.648408309647267567e-05
5.685356768284799411e-01,2.816752884886737415e-05,1.541548369824642474e-05
5.696311212925039280e-01,2.632296576811704526e-05,1.441340611354981796e-05
5.707265657565279149e-01,2.459461976492182943e-05,1.347389659962833742e-05
5.718220102205520128e-01,2.297548170139083803e-05,1.259322420524790834e-05
5.729174546845761107e-01,2.145894372244618441e-05,1.176786844870071343e-05
5.740128991486000976e-01,2.003877927719278343e-05,1.099450910399576519e-05
5.751083436126241955e-01,1.870912036561780235e-05,1.027001441292433159e-05
5.762037880766481823e-01,1.746443997950091951e-05,9.591432095793058567e-06
5.772992325406721692e-01,1.629953204500626514e-05,8.955978945263929174e-06
5.783946770046962671e-01,1.520949436146942058e-05,8.361032020456578474e-06
5.794901214687203650e-01,1.418971184973709904e-05,7.804119970505626764e-06
5.805855659327443519e-01,1.323584070625275509e-05,7.282914817350649658e-06
5.816810103967683387e-01,1.234379318131763399e-05,6.795224045492392586e-06
5.827764548607925477e-01,1.150972311012542554e-05,6.338983071689492334e-06
5.838718993248165345e-01,1.073001309824598731e-05,5.912248593725020706e-06
5.849673437888405214e-01,1.000126073001875492e-05,5.513191371406956279e-06
5.860627882528646193e-01,9.320267322028229264e-06,5.140090381400210227e-06
5.871582327168887172e-01,8.684025716669594683e-06,4.791326417235932328e-06
5.882536771809127041e-01,8.089709694832008738e-06,4.465376557151754460e-06
5.893491216449366910e-01,7.534663672931518109e-06,4.160808766120017657e-06
5.904445661089607889e-01,7.016392809306325154e-06,3.876276702237171799e-06
5.915400105729848867e-01,6.532553987367458130e-06,3.610514987082226399e-06
5.926354550370088736e-01,6.080946724663954572e-06,3.362334416302956465e-06
5.937308995010329715e-01,5.659505093901501752e-06,3.130617711584436341e-06
5.948263439650569584e-01,5.266290267201871071e-06,2.914315601026413389e-06
5.959217884290810563e-01,4.899482078056492707e-06,2.712442340517163086e-06
5.970172328931050432e-01,4.557373471437479590e-06,2.524072818602018054e-06
5.981126773571291411e-01,4.238362593241775482e-06,2.348338341612711116e-06
5.992081218211531279e-01,3.940947420880229333e-06,2.184423812733517171e-06
6.003035662851772258e-01,3.663719471644795546e-06,2.031564388852062362e-06
6.013990107492013237e-01,3.405358288655587333e-06,1.889042557008252580e-06
6.024944552132253106e-01,3.164626286606966455e-06,1.756185400096565350e-06
6.035898996772492975e-01,2.940363901274320159e-06,1.632362021536408402e-06
6.046853441412733954e-01,2.731484473871376593e-06,1.516980813671893010e-06
6.057807886052974933e-01,2.536970365235902897e-06,1.409487400335824048e-06
6.068762330693214802e-01,2.355868610118987402e-06,1.309362316496348393e-06
6.079716775333454670e-01,2.187286703384389850e-06,1.216118753560514566e-06
6.090671219973695649e-01,2.030389551784462171e-06,1.129300945659723755e-06
6.101625664613936628e-01,1.884395312648835973e-06,1.048481930922337024e-06
6.112580109254176497e-01,1.748572445301290435e-06,9.732619808754320598e-07
6.123534553894417476e-01,1.622236767327461427e-06,9.032670273114135984e-07
6.134488998534657345e-01,1.504748142112230920e-06,8.381468786834487317e-07
6.145443443174898324e-01,1.395508021507053617e-06,7.775739075942165670e-07
6.156397887815138192e-01,1.293956978964485312e-06,7.212417287352256967e-07
6.167352332455379171e-01,1.199571919964481702e-06,6.688636927570736749e-07
6.178306777095619040e-01,1.111864033334622877e-06,6.201717890037640607e-07
6.189261221735860019e-01,1.030376675433986967e-06,5.749155073623909989e-07
6.200215666376100998e-01,9.546832286221692905e-07,5.328606823525754599e-07
6.211170111016340867e-01,8.843853126930136986e-07,4.937885309475948604e-07
6.222124555656580736e-01,8.191108480625677691e-07,4.574946047368710988e-07
6.233079000296821714e-01,7.585126236858473085e-07,4.237880211404607004e-07
6.244033444937062693e-01,7.022662550792287308e-07,3.924903514458831119e-07
6.254987889577302562e-01,6.500693898845230002e-07,3.634352033995843453e-07
6.265942334217542431e-01,6.016398415309252128e-07,3.364672028455464138e-07
6.276896778857784520e-01,5.567142115287071552e-07,3.114412461255570785e-07
6.287851223498024389e-01,5.150471132065297729e-07,2.882220870441345157e-07
6.298805668138264258e-01,4.764095959218840600e-07,2.666834749550006425e-07
6.309760112778505237e-01,4.405882993108435425e-07,2.467076995180426850e-07
6.320714557418745105e-01,4.073843187357731901e-07,2.281849723859057549e-07
6.331669002058986084e-01,3.766123792272198532e-07,2.110129801719465156e-07
6.342623446699225953e-01,3.480997415391173204e-07,1.950962860676223135e-07
6.353577891339466932e-01,3.216856768376964757e-07,1.803460488051898450e-07
6.364532335979706801e-01,2.972203955576520428e-07,1.666794346795086164e-07
6.375486780619947780e-01,2.745644177051808425e-07,1.540192758455579081e-07
6.386441225260188759e-01,2.535881520587424789e-07,1.422938449447758709e-07
6.397395669900428627e-01,2.341706678164083612e-07,1.314361758033458592e-07
6.408350114540668496e-01,2.161995385541990282e-07,1.213839847513739878e-07
6.419304559180909475e-01,1.995702921633796656e-07,1.120793703002770174e-07
6.430259003821150454e-01,1.841857453335354031e-07,1.034684472398671350e-07
6.441213448461390323e-01,1.699553959156548110e-07,9.550101244756956881e-08
6.452167893101630192e-01,1.567952020358708001e-07,8.813042734419636063e-08
6.463122337741872281e-01,1.446270077785390714e-07,8.131330128308108600e-08
6.474076782382112150e-01,1.333782037838401470e-07,7.500930637746045188e-08
6.485031227022352018e-01,1.229813178651341403e-07,6.918095252056302410e-08
6.495985671662591887e-01,1.133737110359967071e-07,6.379342122527676296e-08
6.506940116302833976e-01,1.044970493302499190e-07,5.881427288790500718e-08
6.517894560943073845e-01,9.629743277350816872e-08,5.421352344102257512e-08
6.528849005583313714e-01,8.872463977553127921e-08,4.996322289661682670e-08
6.539803450223554693e-01,8.173213954592041890e-08,4.603746574187890550e-08
6.550757894863795672e-01,7.527661559952650484e-08,4.241212580737164827e-08
6.561712339504035540e-01,6.931804038091197227e-08,3.906490123768243219e-08
6.572666784144276519e-01,6.381917081238185361e-08,3.597503303223095704e-08
6.583621228784516388e-01,5.874552964087494238e-08,3.312329700722483064e-08
6.594575673424756257e-01,5.406514031746007356e-08,3.049185668187925705e-08
6.605530118064997236e-01,4.974830374475198228e-08,2.806413950744850880e-08
6.616484562705238215e-01,4.576757453368780557e-08,2.582482543757734804e-08
6.627439007345478084e-01,4.209762441840188033e-08,2.375977174692169189e-08
6.638393451985717952e-01,3.871458611080010186e-08,2.185564438666172563e-08
6.649347896625960042e-01,3.559678896364283785e-08,2.010033467872331701e-08
6.660302341266199910e-01,3.272398797400641030e-08,1.848252560806215732e-08
6.671256785906439779e-01,3.007749019720273922e-08,1.699176443933571895e-08
6.682211230546679648e-01,2.763973815222564169e-08,1.561822857157494546e-08
6.693165675186921737e-01,2.539482008876261306e-08,1.435301489592807208e-08
6.704120119827161606e-01,2.332787053668392385e-08,1.318780217809065258e-08
6.715074564467401474e-01,2.142519391629559923e-08,1.211492180696861567e-08
6.726029009107642453e-01,1.967404689727533133e-08,1.112723561399386273e-08
6.736983453747883432e-01,1.806255566386514103e-08,1.021808982432078067e-08
6.747937898388123301e-01,1.657997583933431993e-08,9.381462816226502688e-09
6.758892343028363170e-01,1.521624372263136244e-08,8.611711973519328548e-09
6.769846787668604149e-01,1.396218938783552034e-08,7.903694853483929567e-09
6.780801232308845128e-01,1.280901522787617256e-08,7.252474593319033520e-09
6.791755676949084997e-01,1.174885294861402262e-08,6.653635672496478792e-09
6.802710121589325976e-01,1.077442532768284094e-08,6.103092971212001225e-09
6.813664566229565844e-01,9.878982143402434321e-09,5.597055906022300073e-09
6.824619010869806823e-01,9.056212242588035704e-09,5.131978988618862469e-09
6.835573455510046692e-01,8.300549305541729216e-09,4.704735460779269970e-09
6.846527900150287671e-01,7.606387813534774159e-09,4.312173313839408103e-09
6.857482344790527540e-01,6.969014604528459744e-09,3.951643543253256129e-09
6.868436789430767409e-01,6.383893370579635942e-09,3.620594923193303667e-09
6.879391234071009498e-01,5.846783197676771157e-09,3.316641397367695673e-09
6.890345678711249366e-01,5.353811455413610687e-09,3.037603646463446636e-09
6.901300123351489235e-01,4.901570830141401394e-09,2.781564401018324076e-09
6.912254567991730214e-01,4.486653696125284542e-09,2.546604449095167442e-09
6.923209012631971193e-01,4.106122720396894080e-09,2.331069834316333657e-09
6.934163457272211062e-01,3.757020132707804147e-09,2.133293501827958789e-09
6.945117901912450931e-01,3.437052080994063885e-09,1.951983977051416336e-09
6.956072346552691910e-01,3.143837813909771050e-09,1.785799263035613869e-09
6.967026791192932889e-01,2.875027467246024415e-09,1.633413734727077795e-09
6.977981235833172757e-01,2.628610735244671909e-09,1.493693578254296800e-09
6.988935680473413736e-01,2.402967270611612448e-09,1.365725635874870152e-09
6.999890125113653605e-01,2.196322730577373807e-09,1.248508415010354166e-09
7.010844569753894584e-01,2.007033582743505047e-09,1.141113951947299608e-09
7.021799014394134453e-01,1.833683739728360849e-09,1.042742847218533368e-09
7.032753459034375432e-01,1.675014761580955663e-09,9.526846978684048937e-10
7.043707903674615300e-01,1.529711672505053908e-09,8.701963487454350467e-10
7.054662348314856279e-01,1.396834330183407944e-09,7.947473085967963288e-10
7.065616792955097258e-01,1.275315983410589719e-09,7.257345957205417617e-10
7.076571237595337127e-01,1.164034488461260949e-09,6.625232174455552981e-10
7.087525682235576996e-01,1.062269882091891355e-09,6.047066297734361137e-10
7.098480126875817975e-01,9.692972585357800402e-10,5.518751440403350842e-10
7.109434571516058954e-01,8.843142207638849595e-10,5.035746177300130715e-10
7.120389016156298823e-01,8.066098345138891753e-10,4.594026510413902536e-10
7.131343460796538691e-01,7.778802043840759281e-10,4.431133738032023888e-10
7.142297905436779670e-01,7.779699339668469406e-10,4.432375052316830661e-10
7.153252350077020649e-01,7.780597217650846163e-10,4.433610862462438888e-10
7.164206794717260518e-01,7.781495660729492819e-10,4.434841191645517204e-10
7.175161239357501497e-01,7.782394652023447022e-10,4.436066062682175003e-10
7.186115683997741366e-01,7.783294174827415796e-10,4.437285498037526198e-10
7.197070128637982345e-01,7.784194212610028131e-10,4.438499519835069966e-10
7.208024573278222213e-01,7.785094749012116507e-10,4.439708149865855391e-10
7.218979017918463192e-01,7.785995767845004638e-10,4.440911409597452241e-10
7.229933462558703061e-01,7.786897253088829322e-10,4.442109320182732002e-10
7.240887907198944040e-01,7.787799188890854032e-10,4.443301902468452466e-10
7.251842351839185019e-01,7.788701559563831094e-10,4.444489177003662919e-10
7.262796796479424888e-01,7.789604349584348365e-10,4.445671164047913391e-10
7.273751241119664757e-01,7.790507543591223464e-10,4.446847883579306226e-10
7.284705685759905736e-01,7.791411126383895942e-10,4.448019355302346541e-10
7.295660130400146715e-01,7.792315082920833922e-10,4.449185598655639662e-10
7.306614575040386583e-01,7.793219398317975905e-10,4.450346632819411227e-10
7.317569019680626452e-01,7.794124057847168423e-10,4.451502476722866510e-10
7.328523464320868541e-01,7.795029046934632662e-10,4.452653149051385857e-10
7.339477908961108410e-01,7.795934351159438306e-10,4.453798668253558823e-10
7.350432353601348279e-01,7.796839956252000142e-10,4.454939052548073040e-10
7.361386798241589258e-01,7.797745848092593268e-10,4.456074319930442807e-10
7.372341242881830237e-01,7.798652012709864169e-10,4.457204488179595521e-10
7.383295687522070105e-01,7.799558436279375910e-10,4.458329574864304555e-10
7.394250132162309974e-01,7.800465105122172984e-10,4.459449597349493927e-10
7.405204576802550953e-01,7.801372005703336842e-10,4.460564572802396139e-10
7.416159021442790822e-01,7.802279124630580721e-10,4.461674518198568888e-10
7.427113466083031801e-01,7.803186448652843441e-10,4.462779450327789756e-10
7.438067910723272780e-01,7.804093964658891463e-10,4.463879385799813390e-10
7.449022355363512649e-01,7.805001659675976795e-10,4.464974341050015456e-10
7.459976800003752517e-01,7.805909520868442155e-10,4.466064332344883574e-10
7.470931244643993496e-01,7.806817535536408856e-10,4.467149375787416731e-10
7.481885689284234475e-01,7.807725691114422300e-10,4.468229487322388222e-10
7.492840133924474344e-01,7.808633975170146064e-10,4.469304682741498469e-10
7.503794578564714213e-01,7.809542375403048750e-10,4.470374977688413065e-10
7.514749023204956302e-01,7.810450879643129097e-10,4.471440387663676232e-10
7.525703467845196171e-01,7.811359475849628679e-10,4.472500928029542581e-10
7.536657912485436039e-01,7.812268152109755978e-10,4.473556614014670854e-10
7.547612357125677018e-01,7.813176896637464223e-10,4.474607460718732867e-10
7.558566801765917997e-01,7.814085697772183743e-10,4.475653483116909751e-10
7.569521246406157866e-01,7.814994543977610137e-10,4.476694696064284804e-10
7.580475691046397735e-01,7.815903423840493499e-10,4.477731114300149479e-10
7.591430135686638714e-01,7.816812326069422454e-10,4.478762752452202359e-10
7.602384580326879693e-01,7.817721239493648532e-10,4.479789625040646290e-10
7.613339024967119562e-01,7.818630153061904332e-10,4.480811746482208992e-10
7.624293469607360541e-01,7.819539055841237198e-10,4.481829131094055623e-10
7.635247914247600409e-01,7.820447937015858405e-10,4.482841793097624833e-10
7.646202358887841388e-01,7.821356785885998547e-10,4.483849746622357795e-10
7.657156803528081257e-01,7.822265591866778432e-10,4.484853005709361062e-10
7.668111248168322236e-01,7.823174344487086192e-10,4.485851584314964484e-10
7.679065692808562105e-01,7.824083033388484362e-10,4.486845496314215521e-10
7.690020137448801973e-01,7.824991648324094227e-10,4.487834755504267072e-10
7.700974582089044063e-01,7.825900179157522552e-10,4.488819375607701184e-10
7.711929026729283931e-01,7.826808615861782111e-10,4.489799370275770054e-10
7.722883471369523800e-01,7.827716948518230830e-10,4.490774753091548101e-10
7.733837916009764779e-01,7.828625167315519195e-10,4.491745537573023554e-10
7.744792360650005758e-01,7.829533262548545944e-10,4.492711737176098017e-10
7.755746805290245627e-01,7.830441224617427186e-10,4.493673365297519341e-10
7.766701249930485496e-01,7.831349044026474837e-10,4.494630435277737463e-10
7.777655694570726475e-01,7.832256711383183323e-10,4.495582960403690456e-10
7.788610139210967453e-01,7.833164217397240063e-10,4.496530953911518715e-10
7.799564583851207322e-01,7.834071552879510109e-10,4.497474428989199008e-10
7.810519028491448301e-01,7.834978708741082816e-10,4.498413398779131489e-10
7.821473473131688170e-01,7.835885675992285432e-10,4.499347876380627435e-10
7.832427917771929149e-01,7.836792445741716330e-10,4.500277874852362363e-10
7.843382362412169018e-01,7.837699009195312361e-10,4.501203407214733487e-10
7.854336807052409997e-01,7.838605357655384154e-10,4.502124486452174794e-10
7.865291251692649865e-01,7.839511482519698984e-10,4.503041125515388363e-10
7.876245696332890844e-01,7.840417375280557425e-10,4.503953337323532774e-10
7.887200140973131823e-01,7.841323027523862776e-10,4.504861134766327766e-10
7.898154585613371692e-01,7.842228430928227708e-10,4.505764530706109264e-10
7.909109030253611561e-01,7.843133577264087105e-10,4.506663537979832189e-10
7.920063474893852540e-01,7.844038458392787139e-10,4.507558169400981246e-10
7.931017919534093519e-01,7.844943066265725000e-10,4.508448437761468789e-10
7.941972364174333388e-01,7.845847392923473117e-10,4.509334355833428764e-10
7.952926808814573256e-01,7.846751430494915788e-10,4.510215936370987914e-10
7.963881253454814235e-01,7.847655171196407526e-10,4.511093192111963045e-10
7.974835698095055214e-01,7.848558607330905554e-10,4.511966135779501437e-10
7.985790142735295083e-01,7.849461731287164332e-10,4.512834780083681945e-10
7.996744587375536062e-01,7.850364535538877365e-10,4.513699137723038571e-10
8.007699032015775931e-01,7.851267012643883103e-10,4.514559221386052486e-10
8.018653476656016910e-01,7.852169155243341901e-10,4.515415043752584606e-10
8.029607921296256778e-01,7.853070956060926414e-10,4.516266617495245609e-10
8.040562365936497757e-01,7.853972407902043013e-10,4.517113955280729762e-10
8.051516810576737626e-01,7.854873503653032520e-10,4.517957069771097055e-10
8.062471255216978605e-01,7.855774236280387494e-10,4.518795973624989669e-10
8.073425699857219584e-01,7.856674598829996388e-10,4.519630679498823637e-10
8.084380144497459453e-01,7.857574584426355665e-10,4.520461200047917426e-10
8.095334589137699322e-01,7.858474186271838774e-10,4.521287547927573992e-10
8.106289033777940300e-01,7.859373397645925837e-10,4.522109735794124582e-10
8.117243478418181279e-01,7.860272211904473667e-10,4.522927776305917211e-10
8.128197923058421148e-01,7.861170622478968197e-10,4.523741682124265855e-10
8.139152367698661017e-01,7.862068622875821383e-10,4.524551465914363449e-10
8.150106812338903106e-01,7.862966206675620533e-10,4.525357140346128198e-10
8.161061256979142975e-01,7.863863367532439679e-10,4.526158718095031791e-10
8.172015701619382844e-01,7.864760099173115800e-10,4.526956211842875915e-10
8.182970146259623823e-01,7.865656395396560185e-10,4.527749634278521728e-10
8.193924590899864802e-01,0.000000000000000000e+00,0.000000000000000000e+00
8.204879035540104670e-01,0.000000000000000000e+00,0.000000000000000000e+00
8.215833480180344539e-01,0.000000000000000000e+00,0.000000000000000000e+00
8.226787924820585518e-01,0.000000000000000000e+00,0.000000000000000000e+00
8.237742369460825387e-01,0.000000000000000000e+00,0.000000000000000000e+00
8.248696814101066366e-01,0.000000000000000000e+00,0.000000000000000000e+00
8.259651258741307345e-01,0.000000000000000000e+00,0.000000000000000000e+00
8.270605703381547213e-01,0.000000000000000000e+00,0.000000000000000000e+00
8.281560148021787082e-01,0.000000000000000000e+00,0.000000000000000000e+00
8.292514592662028061e-01,0.000000000000000000e+00,0.000000000000000000e+00
8.303469037302269040e-01,0.000000000000000000e+00,0.000000000000000000e+00
8.314423481942508909e-01,0.000000000000000000e+00,0.000000000000000000e+00
8.325377926582748778e-01,0.000000000000000000e+00,0.000000000000000000e+00
8.336332371222990867e-01,0.000000000000000000e+00,0.000000000000000000e+00
8.347286815863230736e-01,0.000000000000000000e+00,0.000000000000000000e+00
8.358241260503470604e-01,0.000000000000000000e+00,0.000000000000000000e+00
8.369195705143711583e-01,0.000000000000000000e+00,0.000000000000000000e+00
8.380150149783952562e-01,0.000000000000000000e+00,0.000000000000000000e+00
8.391104594424192431e-01,0.000000000000000000e+00,0.000000000000000000e+00
8.402059039064432300e-01,0.000000000000000000e+00,0.000000000000000000e+00
8.413013483704673279e-01,0.000000000000000000e+00,0.000000000000000000e+00
8.423967928344914258e-01,0.000000000000000000e+00,0.000000000000000000e+00
8.434922372985154126e-01,0.000000000000000000e+00,0.000000000000000000e+00
8.445876817625395105e-01,0.000000000000000000e+00,0.000000000000000000e+00
8.456831262265634974e-01,0.000000000000000000e+00,0.000000000000000000e+00
8.467785706905875953e-01,0.000000000000000000e+00,0.000000000000000000e+00
8.478740151546115822e-01,0.000000000000000000e+00,0.000000000000000000e+00
8.489694596186356801e-01,0.000000000000000000e+00,0.000000000000000000e+00
8.500649040826596670e-01,0.000000000000000000e+00,0.000000000000000000e+00
8.511603485466836538e-01,0.000000000000000000e+00,0.000000000000000000e+00
8.522557930107078628e-01,0.000000000000000000e+00,0.000000000000000000e+00
8.533512374747318496e-01,0.000000000000000000e+00,0.000000000000000000e+00
8.544466819387558365e-01,0.000000000000000000e+00,0.000000000000000000e+00
8.555421264027798234e-01,0.000000000000000000e+00,0.000000000000000000e+00
8.566375708668040323e-01,0.000000000000000000e+00,0.000000000000000000e+00
8.577330153308280192e-01,0.000000000000000000e+00,0.000000000000000000e+00
8.588284597948520060e-01,0.000000000000000000e+00,0.000000000000000000e+00
8.599239042588761039e-01,0.000000000000000000e+00,0.000000000000000000e+00
8.610193487229002018e-01,0.000000000000000000e+00,0.000000000000000000e+00
8.621147931869241887e-01,0.000000000000000000e+00,0.000000000000000000e+00
8.632102376509482866e-01,0.000000000000000000e+00,0.000000000000000000e+00
8.643056821149722735e-01,0.000000000000000000e+00,0.000000000000000000e+00
8.654011265789963714e-01,0.000000000000000000e+00,0.000000000000000000e+00
8.664965710430203583e-01,0.000000000000000000e+00,0.000000000000000000e+00
8.675920155070444562e-01,0.000000000000000000e+00,0.000000000000000000e+00
8.686874599710684430e-01,0.000000000000000000e+00,0.000000000000000000e+00
8.697829044350925409e-01,0.000000000000000000e+00,0.000000000000000000e+00
8.708783488991166388e-01,0.000000000000000000e+00,0.000000000000000000e+00
8.719737933631406257e-01,0.000000000000000000e+00,0.000000000000000000e+00
8.730692378271646126e-01,0.000000000000000000e+00,0.000000000000000000e+00
8.741646822911887105e-01,0.000000000000000000e+00,0.000000000000000000e+00
8.752601267552128084e-01,0.000000000000000000e+00,0.000000000000000000e+00
8.763555712192367952e-01,0.000000000000000000e+00,0.000000000000000000e+00
8.774510156832607821e-01,0.000000000000000000e+00,0.000000000000000000e+00
8.785464601472848800e-01,0.000000000000000000e+00,0.000000000000000000e+00
8.796419046113088669e-01,0.000000000000000000e+00,0.000000000000000000e+00
8.807373490753328538e-01,0.000000000000000000e+00,0.000000000000000000e+00
8.818327935393570627e-01,0.000000000000000000e+00,0.000000000000000000e+00
8.829282380033811606e-01,0.000000000000000000e+00,0.000000000000000000e+00
8.840236824674051475e-01,0.000000000000000000e+00,0.000000000000000000e+00
8.851191269314291343e-01,0.000000000000000000e+00,0.000000000000000000e+00
8.862145713954532322e-01,0.000000000000000000e+00,0.000000000000000000e+00
8.873100158594772191e-01,0.000000000000000000e+00,0.000000000000000000e+00
8.884054603235012060e-01,0.000000000000000000e+00,0.000000000000000000e+00
8.895009047875253039e-01,0.000000000000000000e+00,0.000000000000000000e+00
8.905963492515495128e-01,0.000000000000000000e+00,0.000000000000000000e+00
8.916917937155734997e-01,0.000000000000000000e+00,0.000000000000000000e+00
8.927872381795974865e-01,0.000000000000000000e+00,0.000000000000000000e+00
8.938826826436215844e-01,0.000000000000000000e+00,0.000000000000000000e+00
8.949781271076455713e-01,0.000000000000000000e+00,0.000000000000000000e+00
8.960735715716695582e-01,0.000000000000000000e+00,0.000000000000000000e+00
8.971690160356936561e-01,0.000000000000000000e+00,0.000000000000000000e+00
8.982644604997176430e-01,0.000000000000000000e+00,0.000000000000000000e+00
8.993599049637418519e-01,0.000000000000000000e+00,0.000000000000000000e+00
9.004553494277658388e-01,0.000000000000000000e+00,0.000000000000000000e+00
9.015507938917899367e-01,0.000000000000000000e+00,0.000000000000000000e+00
9.026462383558139235e-01,0.000000000000000000e+00,0.000000000000000000e+00
9.037416828198379104e-01,0.000000000000000000e+00,0.000000000000000000e+00
9.048371272838620083e-01,0.000000000000000000e+00,0.000000000000000000e+00
9.059325717478859952e-01,0.000000000000000000e+00,0.000000000000000000e+00
9.070280162119099820e-01,0.000000000000000000e+00,0.000000000000000000e+00
9.081234606759340799e-01,0.000000000000000000e+00,0.000000000000000000e+00
9.092189051399582889e-01,0.000000000000000000e+00,0.000000000000000000e+00
9.103143496039822757e-01,0.000000000000000000e+00,0.000000000000000000e+00
9.114097940680062626e-01,0.000000000000000000e+00,0.000000000000000000e+00
9.125052385320303605e-01,0.000000000000000000e+00,0.000000000000000000e+00
9.136006829960543474e-01,0.000000000000000000e+00,0.000000000000000000e+00
9.146961274600783343e-01,0.000000000000000000e+00,0.000000000000000000e+00
9.157915719241024322e-01,0.000000000000000000e+00,0.000000000000000000e+00
9.168870163881264190e-01,0.000000000000000000e+00,0.000000000000000000e+00
9.179824608521506280e-01,0.000000000000000000e+00,0.000000000000000000e+00
9.190779053161746148e-01,0.000000000000000000e+00,0.000000000000000000e+00
9.201733497801987127e-01,0.000000000000000000e+00,0.000000000000000000e+00
9.212687942442226996e-01,0.000000000000000000e+00,0.000000000000000000e+00
9.223642387082466865e-01,0.000000000000000000e+00,0.000000000000000000e+00
9.234596831722707844e-01,0.000000000000000000e+00,0.000000000000000000e+00
9.245551276362947712e-01,0.000000000000000000e+00,0.000000000000000000e+00
9.256505721003187581e-01,0.000000000000000000e+00,0.000000000000000000e+00
9.267460165643429670e-01,0.000000000000000000e+00,0.000000000000000000e+00
9.278414610283670649e-01,0.000000000000000000e+00,0.000000000000000000e+00
9.289369054923910518e-01,0.000000000000000000e+00,0.000000000000000000e+00
9.300323499564150387e-01,0.000000000000000000e+00,0.000000000000000000e+00
9.311277944204391366e-01,0.000000000000000000e+00,0.000000000000000000e+00
9.322232388844631235e-01,0.000000000000000000e+00,0.000000000000000000e+00
9.333186833484871103e-01,0.000000000000000000e+00,0.000000000000000000e+00
9.344141278125112082e-01,0.000000000000000000e+00,0.000000000000000000e+00
9.355095722765351951e-01,0.000000000000000000e+00,0.000000000000000000e+00
9.366050167405594040e-01,0.000000000000000000e+00,0.000000000000000000e+00
9.377004612045833909e-01,0.000000000000000000e+00,0.000000000000000000e+00
9.387959056686074888e-01,0.000000000000000000e+00,0.000000000000000000e+00
9.398913501326314757e-01,0.000000000000000000e+00,0.000000000000000000e+00
9.409867945966554625e-01,0.000000000000000000e+00,0.000000000000000000e+00
9.420822390606795604e-01,0.000000000000000000e+00,0.000000000000000000e+00
9.431776835247035473e-01,0.000000000000000000e+00,0.000000000000000000e+00
9.442731279887275342e-01,0.000000000000000000e+00,0.000000000000000000e+00
9.453685724527517431e-01,0.000000000000000000e+00,0.000000000000000000e+00
9.464640169167758410e-01,0.000000000000000000e+00,0.000000000000000000e+00
9.475594613807998279e-01,0.000000000000000000e+00,0.000000000000000000e+00
9.486549058448238148e-01,0.000000000000000000e+00,0.000000000000000000e+00
9.497503503088479127e-01,0.000000000000000000e+00,0.000000000000000000e+00
9.508457947728718995e-01,0.000000000000000000e+00,0.000000000000000000e+00
9.519412392368958864e-01,0.000000000000000000e+00,0.000000000000000000e+00
9.530366837009199843e-01,0.000000000000000000e+00,0.000000000000000000e+00
9.541321281649441932e-01,0.000000000000000000e+00,0.000000000000000000e+00
9.552275726289681801e-01,0.000000000000000000e+00,0.000000000000000000e+00
9.563230170929921670e-01,0.000000000000000000e+00,0.000000000000000000e+00
9.574184615570162649e-01,0.000000000000000000e+00,0.000000000000000000e+00
9.585139060210402517e-01,0.000000000000000000e+00,0.000000000000000000e+00
9.596093504850642386e-01,0.000000000000000000e+00,0.000000000000000000e+00
9.607047949490883365e-01,0.000000000000000000e+00,0.000000000000000000e+00
9.618002394131123234e-01,0.000000000000000000e+00,0.000000000000000000e+00
9.628956838771363103e-01,0.000000000000000000e+00,0.000000000000000000e+00
9.639911283411605192e-01,0.000000000000000000e+00,0.000000000000000000e+00
9.650865728051846171e-01,0.000000000000000000e+00,0.000000000000000000e+00
9.661820172692086039e-01,0.000000000000000000e+00,0.000000000000000000e+00
9.672774617332325908e-01,0.000000000000000000e+00,0.000000000000000000e+00
9.683729061972566887e-01,0.000000000000000000e+00,0.000000000000000000e+00
9.694683506612806756e-01,0.000000000000000000e+00,0.000000000000000000e+00
9.705637951253046625e-01,0.000000000000000000e+00,0.000000000000000000e+00
9.716592395893287604e-01,0.000000000000000000e+00,0.000000000000000000e+00
9.727546840533529693e-01,0.000000000000000000e+00,0.000000000000000000e+00
9.738501285173769562e-01,0.000000000000000000e+00,0.000000000000000000e+00
9.749455729814009430e-01,0.000000000000000000e+00,0.000000000000000000e+00
9.760410174454250409e-01,0.000000000000000000e+00,0.000000000000000000e+00
9.771364619094490278e-01,0.000000000000000000e+00,0.000000000000000000e+00
9.782319063734730147e-01,0.000000000000000000e+00,0.000000000000000000e+00
9.793273508374971126e-01,0.000000000000000000e+00,0.000000000000000000e+00
9.804227953015210995e-01,0.000000000000000000e+00,0.000000000000000000e+00
9.815182397655453084e-01,0.000000000000000000e+00,0.000000000000000000e+00
9.826136842295692952e-01,0.000000000000000000e+00,0.000000000000000000e+00
9.837091286935933931e-01,0.000000000000000000e+00,0.000000000000000000e+00
9.848045731576173800e-01,0.000000000000000000e+00,0.000000000000000000e+00
9.859000176216413669e-01,0.000000000000000000e+00,0.000000000000000000e+00
9.869954620856654648e-01,0.000000000000000000e+00,0.000000000000000000e+00
9.880909065496894517e-01,0.000000000000000000e+00,0.000000000000000000e+00
9.891863510137134385e-01,0.000000000000000000e+00,0.000000000000000000e+00
9.902817954777375364e-01,0.000000000000000000e+00,0.000000000000000000e+00
9.913772399417617454e-01,0.000000000000000000e+00,0.000000000000000000e+00
9.924726844057857322e-01,0.000000000000000000e+00,0.000000000000000000e+00
9.935681288698097191e-01,0.000000000000000000e+00,0.000000000000000000e+00
9.946635733338338170e-01,0.000000000000000000e+00,0.000000000000000000e+00
9.957590177978578039e-01,0.000000000000000000e+00,0.000000000000000000e+00
9.968544622618817908e-01,0.000000000000000000e+00,0.000000000000000000e+00
9.979499067259058886e-01,0.000000000000000000e+00,0.000000000000000000e+00
9.990453511899298755e-01,0.000000000000000000e+00,0.000000000000000000e+00
1.000140795653954084e+00,0.000000000000000000e+00,0.000000000000000000e+00
1.001236240117978182e+00,0.000000000000000000e+00,0.000000000000000000e+00
1.002331684582002058e+00,0.000000000000000000e+00,0.000000000000000000e+00
1.003427129046026156e+00,0.000000000000000000e+00,0.000000000000000000e+00
1.004522573510050254e+00,0.000000000000000000e+00,0.000000000000000000e+00
1.005618017974074130e+00,0.000000000000000000e+00,0.000000000000000000e+00
1.006713462438098228e+00,0.000000000000000000e+00,0.000000000000000000e+00
1.007808906902122326e+00,0.000000000000000000e+00,0.000000000000000000e+00
1.008904351366146424e+00,0.000000000000000000e+00,0.000000000000000000e+00
1.009999795830170521e+00,0.000000000000000000e+00,0.000000000000000000e+00
1.011095240294194397e+00,0.000000000000000000e+00,0.000000000000000000e+00
1.012190684758218495e+00,0.000000000000000000e+00,0.000000000000000000e+00
1.013286129222242593e+00,0.000000000000000000e+00,0.000000000000000000e+00
1.014381573686266469e+00,0.000000000000000000e+00,0.000000000000000000e+00
1.015477018150290567e+00,0.000000000000000000e+00,0.000000000000000000e+00
1.016572462614314665e+00,0.000000000000000000e+00,0.000000000000000000e+00
1.017667907078338541e+00,0.000000000000000000e+00,0.000000000000000000e+00
1.018763351542362861e+00,0.000000000000000000e+00,0.000000000000000000e+00
1.019858796006386958e+00,0.000000000000000000e+00,0.000000000000000000e+00
1.020954240470410834e+00,0.000000000000000000e+00,0.000000000000000000e+00
1.022049684934434932e+00,0.000000000000000000e+00,0.000000000000000000e+00
1.023145129398459030e+00,0.000000000000000000e+00,0.000000000000000000e+00
1.024240573862482906e+00,0.000000000000000000e+00,0.000000000000000000e+00
1.025336018326507004e+00,0.000000000000000000e+00,0.000000000000000000e+00
1.026431462790531102e+00,0.000000000000000000e+00,0.000000000000000000e+00
1.027526907254555200e+00,0.000000000000000000e+00,0.000000000000000000e+00
1.028622351718579297e+00,0.000000000000000000e+00,0.000000000000000000e+00
1.029717796182603173e+00,0.000000000000000000e+00,0.000000000000000000e+00
1.030813240646627271e+00,0.000000000000000000e+00,0.000000000000000000e+00
1.031908685110651369e+00,0.000000000000000000e+00,0.000000000000000000e+00
1.033004129574675245e+00,0.000000000000000000e+00,0.000000000000000000e+00
1.034099574038699343e+00,0.000000000000000000e+00,0.000000000000000000e+00
1.035195018502723441e+00,0.000000000000000000e+00,0.000000000000000000e+00
1.036290462966747539e+00,0.000000000000000000e+00,0.000000000000000000e+00
1.037385907430771637e+00,0.000000000000000000e+00,0.000000000000000000e+00
1.038481351894795734e+00,0.000000000000000000e+00,0.000000000000000000e+00
1.039576796358819610e+00,0.000000000000000000e+00,0.000000000000000000e+00
1.040672240822843708e+00,0.000000000000000000e+00,0.000000000000000000e+00
1.041767685286867806e+00,0.000000000000000000e+00,0.000000000000000000e+00
1.042863129750891682e+00,0.000000000000000000e+00,0.000000000000000000e+00
1.043958574214915780e+00,0.000000000000000000e+00,0.000000000000000000e+00
1.045054018678939878e+00,0.000000000000000000e+00,0.000000000000000000e+00
1.046149463142963976e+00,0.000000000000000000e+00,0.000000000000000000e+00
1.047244907606988074e+00,0.000000000000000000e+00,0.000000000000000000e+00
1.048340352071011949e+00,0.000000000000000000e+00,0.000000000000000000e+00
1.049435796535036047e+00,0.000000000000000000e+00,0.000000000000000000e+00
1.050531240999060145e+00,0.000000000000000000e+00,0.000000000000000000e+00
1.051626685463084021e+00,0.000000000000000000e+00,0.000000000000000000e+00
1.052722129927108119e+00,0.000000000000000000e+00,0.000000000000000000e+00
1.053817574391132217e+00,0.000000000000000000e+00,0.000000000000000000e+00
1.054913018855156315e+00,0.000000000000000000e+00,0.000000000000000000e+00
1.056008463319180413e+00,0.000000000000000000e+00,0.000000000000000000e+00
1.057103907783204511e+00,0.000000000000000000e+00,0.000000000000000000e+00
1.058199352247228386e+00,0.000000000000000000e+00,0.000000000000000000e+00
1.059294796711252484e+00,0.000000000000000000e+00,0.000000000000000000e+00
1.060390241175276582e+00,0.000000000000000000e+00,0.000000000000000000e+00
1.061485685639300458e+00,0.000000000000000000e+00,0.000000000000000000e+00
1.062581130103324556e+00,0.000000000000000000e+00,0.000000000000000000e+00
1.063676574567348654e+00,0.000000000000000000e+00,0.000000000000000000e+00
1.064772019031372752e+00,0.000000000000000000e+00,0.000000000000000000e+00
1.065867463495396850e+00,0.000000000000000000e+00,0.000000000000000000e+00
1.066962907959420725e+00,0.000000000000000000e+00,0.000000000000000000e+00
1.068058352423444823e+00,0.000000000000000000e+00,0.000000000000000000e+00
1.069153796887468921e+00,0.000000000000000000e+00,0.000000000000000000e+00
1.070249241351492797e+00,0.000000000000000000e+00,0.000000000000000000e+00
1.071344685815516895e+00,0.000000000000000000e+00,0.000000000000000000e+00
1.072440130279540993e+00,0.000000000000000000e+00,0.000000000000000000e+00
1.073535574743565091e+00,0.000000000000000000e+00,0.000000000000000000e+00
1.074631019207589189e+00,0.000000000000000000e+00,0.000000000000000000e+00
1.075726463671613287e+00,0.000000000000000000e+00,0.000000000000000000e+00
1.076821908135637162e+00,0.000000000000000000e+00,0.000000000000000000e+00
1.077917352599661260e+00,0.000000000000000000e+00,0.000000000000000000e+00
1.079012797063685358e+00,0.000000000000000000e+00,0.000000000000000000e+00
1.080108241527709234e+00,0.000000000000000000e+00,0.000000000000000000e+00
1.081203685991733332e+00,0.000000000000000000e+00,0.000000000000000000e+00
1.082299130455757430e+00,0.000000000000000000e+00,0.000000000000000000e+00
1.083394574919781528e+00,0.000000000000000000e+00,0.000000000000000000e+00
1.084490019383805626e+00,0.000000000000000000e+00,0.000000000000000000e+00
1.085585463847829502e+00,0.000000000000000000e+00,0.000000000000000000e+00
1.086680908311853599e+00,0.000000000000000000e+00,0.000000000000000000e+00
1.087776352775877697e+00,0.000000000000000000e+00,0.000000000000000000e+00
1.088871797239901573e+00,0.000000000000000000e+00,0.000000000000000000e+00
1.089967241703925671e+00,0.000000000000000000e+00,0.000000000000000000e+00
1.091062686167949991e+00,0.000000000000000000e+00,0.000000000000000000e+00
1.092158130631973867e+00,0.000000000000000000e+00,0.000000000000000000e+00
1.093253575095997965e+00,0.000000000000000000e+00,0.000000000000000000e+00
1.094349019560022063e+00,0.000000000000000000e+00,0.000000000000000000e+00
1.095444464024045939e+00,0.000000000000000000e+00,0.000000000000000000e+00
1.096539908488070036e+00,0.000000000000000000e+00,0.000000000000000000e+00
1.097635352952094134e+00,0.000000000000000000e+00,0.000000000000000000e+00
1.098730797416118010e+00,0.000000000000000000e+00,0.000000000000000000e+00
1.099826241880142108e+00,0.000000000000000000e+00,0.000000000000000000e+00
1.100921686344166206e+00,0.000000000000000000e+00,0.000000000000000000e+00
1.102017130808190304e+00,0.000000000000000000e+00,0.000000000000000000e+00
1.103112575272214402e+00,0.000000000000000000e+00,0.000000000000000000e+00
1.104208019736238278e+00,0.000000000000000000e+00,0.000000000000000000e+00
1.105303464200262376e+00,0.000000000000000000e+00,0.000000000000000000e+00
1.106398908664286473e+00,0.000000000000000000e+00,0.000000000000000000e+00
1.107494353128310349e+00,0.000000000000000000e+00,0.000000000000000000e+00
1.108589797592334447e+00,0.000000000000000000e+00,0.000000000000000000e+00
1.109685242056358767e+00,0.000000000000000000e+00,0.000000000000000000e+00
1.110780686520382643e+00,0.000000000000000000e+00,0.000000000000000000e+00
1.111876130984406741e+00,0.000000000000000000e+00,0.000000000000000000e+00
1.112971575448430839e+00,0.000000000000000000e+00,0.000000000000000000e+00
1.114067019912454715e+00,0.000000000000000000e+00,0.000000000000000000e+00
1.115162464376478813e+00,0.000000000000000000e+00,0.000000000000000000e+00
1.116257908840502910e+00,0.000000000000000000e+00,0.000000000000000000e+00
1.117353353304526786e+00,0.000000000000000000e+00,0.000000000000000000e+00
1.118448797768551106e+00,0.000000000000000000e+00,0.000000000000000000e+00
1.119544242232574982e+00,0.000000000000000000e+00,0.000000000000000000e+00
1.120639686696599080e+00,0.000000000000000000e+00,0.000000000000000000e+00
1.121735131160623178e+00,0.000000000000000000e+00,0.000000000000000000e+00
1.122830575624647054e+00,0.000000000000000000e+00,0.000000000000000000e+00
1.123926020088671152e+00,0.000000000000000000e+00,0.000000000000000000e+00
1.125021464552695249e+00,0.000000000000000000e+00,0.000000000000000000e+00
1.126116909016719125e+00,0.000000000000000000e+00,0.000000000000000000e+00
1.127212353480743223e+00,0.000000000000000000e+00,0.000000000000000000e+00
1.128307797944767543e+00,0.000000000000000000e+00,0.000000000000000000e+00
1.129403242408791419e+00,0.000000000000000000e+00,0.000000000000000000e+00
1.130498686872815517e+00,0.000000000000000000e+00,0.000000000000000000e+00
1.131594131336839615e+00,0.000000000000000000e+00,0.000000000000000000e+00
1.132689575800863491e+00,0.000000000000000000e+00,0.000000000000000000e+00
1.133785020264887589e+00,0.000000000000000000e+00,0.000000000000000000e+00
1.134880464728911686e+00,0.000000000000000000e+00,0.000000000000000000e+00
1.135975909192935562e+00,0.000000000000000000e+00,0.000000000000000000e+00
1.137071353656959882e+00,0.000000000000000000e+00,0.000000000000000000e+00
1.138166798120983758e+00,0.000000000000000000e+00,0.000000000000000000e+00
1.139262242585007856e+00,0.000000000000000000e+00,0.000000000000000000e+00
1.140357687049031954e+00,0.000000000000000000e+00,0.000000000000000000e+00
1.141453131513055830e+00,0.000000000000000000e+00,0.000000000000000000e+00
1.142548575977079928e+00,0.000000000000000000e+00,0.000000000000000000e+00
1.143644020441104026e+00,0.000000000000000000e+00,0.000000000000000000e+00
1.144739464905127901e+00,0.000000000000000000e+00,0.000000000000000000e+00
1.145834909369152221e+00,0.000000000000000000e+00,0.000000000000000000e+00
1.146930353833176319e+00,0.000000000000000000e+00,0.000000000000000000e+00
1.148025798297200195e+00,0.000000000000000000e+00,0.000000000000000000e+00
1.149121242761224293e+00,0.000000000000000000e+00,0.000000000000000000e+00
1.150216687225248391e+00,0.000000000000000000e+00,0.000000000000000000e+00
1.151312131689272267e+00,0.000000000000000000e+00,0.000000000000000000e+00
1.152407576153296365e+00,0.000000000000000000e+00,0.000000000000000000e+00
1.153503020617320463e+00,0.000000000000000000e+00,0.000000000000000000e+00
1.154598465081344338e+00,0.000000000000000000e+00,0.000000000000000000e+00
1.155693909545368658e+00,0.000000000000000000e+00,0.000000000000000000e+00
1.156789354009392534e+00,0.000000000000000000e+00,0.000000000000000000e+00
1.157884798473416632e+00,0.000000000000000000e+00,0.000000000000000000e+00
1.158980242937440730e+00,0.000000000000000000e+00,0.000000000000000000e+00
1.160075687401464606e+00,0.000000000000000000e+00,0.000000000000000000e+00
1.161171131865488704e+00,0.000000000000000000e+00,0.000000000000000000e+00
1.162266576329512802e+00,0.000000000000000000e+00,0.000000000000000000e+00
1.163362020793536677e+00,0.000000000000000000e+00,0.000000000000000000e+00
1.164457465257560997e+00,0.000000000000000000e+00,0.000000000000000000e+00
1.165552909721585095e+00,0.000000000000000000e+00,0.000000000000000000e+00
1.166648354185608971e+00,0.000000000000000000e+00,0.000000000000000000e+00
1.167743798649633069e+00,0.000000000000000000e+00,0.000000000000000000e+00
1.168839243113657167e+00,0.000000000000000000e+00,0.000000000000000000e+00
1.169934687577681043e+00,0.000000000000000000e+00,0.000000000000000000e+00
1.171030132041705141e+00,0.000000000000000000e+00,0.000000000000000000e+00
1.172125576505729239e+00,0.000000000000000000e+00,0.000000000000000000e+00
1.173221020969753337e+00,0.000000000000000000e+00,0.000000000000000000e+00
1.174316465433777434e+00,0.000000000000000000e+00,0.000000000000000000e+00
1.175411909897801310e+00,0.000000000000000000e+00,0.000000000000000000e+00
1.176507354361825408e+00,0.000000000000000000e+00,0.000000000000000000e+00
1.177602798825849506e+00,0.000000000000000000e+00,0.000000000000000000e+00
1.178698243289873382e+00,0.000000000000000000e+00,0.000000000000000000e+00
1.179793687753897480e+00,0.000000000000000000e+00,0.000000000000000000e+00
1.180889132217921578e+00,0.000000000000000000e+00,0.000000000000000000e+00
1.181984576681945454e+00,0.000000000000000000e+00,0.000000000000000000e+00
1.183080021145969773e+00,0.000000000000000000e+00,0.000000000000000000e+00
1.184175465609993871e+00,0.000000000000000000e+00,0.000000000000000000e+00
1.185270910074017747e+00,0.000000000000000000e+00,0.000000000000000000e+00
1.186366354538041845e+00,0.000000000000000000e+00,0.000000000000000000e+00
1.187461799002065943e+00,0.000000000000000000e+00,0.000000000000000000e+00
1.188557243466089819e+00,0.000000000000000000e+00,0.000000000000000000e+00
1.189652687930113917e+00,0.000000000000000000e+00,0.000000000000000000e+00
1.190748132394138015e+00,0.000000000000000000e+00,0.000000000000000000e+00
1.191843576858162113e+00,0.000000000000000000e+00,0.000000000000000000e+00
1.192939021322186210e+00,0.000000000000000000e+00,0.000000000000000000e+00
1.194034465786210086e+00,0.000000000000000000e+00,0.000000000000000000e+00
1.195129910250234184e+00,0.000000000000000000e+00,0.000000000000000000e+00
1.196225354714258282e+00,0.000000000000000000e+00,0.000000000000000000e+00
1.197320799178282158e+00,0.000000000000000000e+00,0.000000000000000000e+00
1.198416243642306256e+00,0.000000000000000000e+00,0.000000000000000000e+00
1.199511688106330354e+00,0.000000000000000000e+00,0.000000000000000000e+00
1.200607132570354452e+00,0.000000000000000000e+00,0.000000000000000000e+00
1.201702577034378550e+00,0.000000000000000000e+00,0.000000000000000000e+00
1.202798021498402647e+00,0.000000000000000000e+00,0.000000000000000000e+00
1.203893465962426523e+00,0.000000000000000000e+00,0.000000000000000000e+00
1.204988910426450621e+00,0.000000000000000000e+00,0.000000000000000000e+00
1.206084354890474719e+00,0.000000000000000000e+00,0.000000000000000000e+00
1.207179799354498595e+00,0.000000000000000000e+00,0.000000000000000000e+00
1.208275243818522693e+00,0.000000000000000000e+00,0.000000000000000000e+00
1.209370688282546791e+00,0.000000000000000000e+00,0.000000000000000000e+00
1.210466132746570889e+00,0.000000000000000000e+00,0.000000000000000000e+00
1.211561577210594987e+00,0.000000000000000000e+00,0.000000000000000000e+00
1.212657021674618862e+00,0.000000000000000000e+00,0.000000000000000000e+00
1.213752466138642960e+00,0.000000000000000000e+00,0.000000000000000000e+00
1.214847910602667058e+00,0.000000000000000000e+00,0.000000000000000000e+00
1.215943355066690934e+00,0.000000000000000000e+00,0.000000000000000000e+00
1.217038799530715032e+00,0.000000000000000000e+00,0.000000000000000000e+00
1.218134243994739130e+00,0.000000000000000000e+00,0.000000000000000000e+00
1.219229688458763228e+00,0.000000000000000000e+00,0.000000000000000000e+00
1.220325132922787326e+00,0.000000000000000000e+00,0.000000000000000000e+00
1.221420577386811424e+00,0.000000000000000000e+00,0.000000000000000000e+00
1.222516021850835299e+00,0.000000000000000000e+00,0.000000000000000000e+00
1.223611466314859397e+00,0.000000000000000000e+00,0.000000000000000000e+00
1.224706910778883495e+00,0.000000000000000000e+00,0.000000000000000000e+00
1.225802355242907371e+00,0.000000000000000000e+00,0.000000000000000000e+00
1.226897799706931469e+00,0.000000000000000000e+00,0.000000000000000000e+00
1.227993244170955567e+00,0.000000000000000000e+00,0.000000000000000000e+00
1.229088688634979665e+00,0.000000000000000000e+00,0.000000000000000000e+00
1.230184133099003763e+00,0.000000000000000000e+00,0.000000000000000000e+00
1.231279577563027638e+00,0.000000000000000000e+00,0.000000000000000000e+00
1.232375022027051736e+00,0.000000000000000000e+00,0.000000000000000000e+00
1.233470466491075834e+00,0.000000000000000000e+00,0.000000000000000000e+00
1.234565910955099710e+00,0.000000000000000000e+00,0.000000000000000000e+00
1.235661355419123808e+00,0.000000000000000000e+00,0.000000000000000000e+00
1.236756799883147906e+00,0.000000000000000000e+00,0.000000000000000000e+00
1.237852244347172004e+00,0.000000000000000000e+00,0.000000000000000000e+00
1.238947688811196102e+00,0.000000000000000000e+00,0.000000000000000000e+00
1.240043133275220200e+00,0.000000000000000000e+00,0.000000000000000000e+00
1.241138577739244075e+00,0.000000000000000000e+00,0.000000000000000000e+00
1.242234022203268173e+00,0.000000000000000000e+00,0.000000000000000000e+00
1.243329466667292271e+00,0.000000000000000000e+00,0.000000000000000000e+00
1.244424911131316147e+00,0.000000000000000000e+00,0.000000000000000000e+00
1.245520355595340245e+00,0.000000000000000000e+00,0.000000000000000000e+00
1.246615800059364343e+00,0.000000000000000000e+00,0.000000000000000000e+00
1.247711244523388441e+00,0.000000000000000000e+00,0.000000000000000000e+00
1.248806688987412539e+00,0.000000000000000000e+00,0.000000000000000000e+00
1.249902133451436415e+00,0.000000000000000000e+00,0.000000000000000000e+00
1.250997577915460512e+00,0.000000000000000000e+00,0.000000000000000000e+00
1.252093022379484610e+00,0.000000000000000000e+00,0.000000000000000000e+00
1.253188466843508486e+00,0.000000000000000000e+00,0.000000000000000000e+00
1.254283911307532584e+00,0.000000000000000000e+00,0.000000000000000000e+00
1.255379355771556904e+00,0.000000000000000000e+00,0.000000000000000000e+00
1.256474800235580780e+00,0.000000000000000000e+00,0.000000000000000000e+00
1.257570244699604878e+00,0.000000000000000000e+00,0.000000000000000000e+00
1.258665689163628976e+00,0.000000000000000000e+00,0.000000000000000000e+00
1.259761133627652852e+00,0.000000000000000000e+00,0.000000000000000000e+00
1.260856578091676949e+00,0.000000000000000000e+00,0.000000000000000000e+00
1.261952022555701047e+00,0.000000000000000000e+00,0.000000000000000000e+00
1.263047467019724923e+00,0.000000000000000000e+00,0.000000000000000000e+00
1.264142911483749021e+00,0.000000000000000000e+00,0.000000000000000000e+00
1.265238355947773119e+00,0.000000000000000000e+00,0.000000000000000000e+00
1.266333800411797217e+00,0.000000000000000000e+00,0.000000000000000000e+00
1.267429244875821315e+00,0.000000000000000000e+00,0.000000000000000000e+00
1.268524689339845191e+00,0.000000000000000000e+00,0.000000000000000000e+00
1.269620133803869289e+00,0.000000000000000000e+00,0.000000000000000000e+00
1.270715578267893386e+00,0.000000000000000000e+00,0.000000000000000000e+00
1.271811022731917262e+00,0.000000000000000000e+00,0.000000000000000000e+00
1.272906467195941360e+00,0.000000000000000000e+00,0.000000000000000000e+00
1.274001911659965680e+00,0.000000000000000000e+00,0.000000000000000000e+00
1.275097356123989556e+00,0.000000000000000000e+00,0.000000000000000000e+00
1.276192800588013654e+00,0.000000000000000000e+00,0.000000000000000000e+00
1.277288245052037752e+00,0.000000000000000000e+00,0.000000000000000000e+00
1.278383689516061628e+00,0.000000000000000000e+00,0.000000000000000000e+00
1.279479133980085725e+00,0.000000000000000000e+00,0.000000000000000000e+00
1.280574578444109823e+00,0.000000000000000000e+00,0.000000000000000000e+00
1.281670022908133699e+00,0.000000000000000000e+00,0.000000000000000000e+00
1.282765467372158019e+00,0.000000000000000000e+00,0.000000000000000000e+00
1.283860911836181895e+00,0.000000000000000000e+00,0.000000000000000000e+00
1.284956356300205993e+00,0.000000000000000000e+00,0.000000000000000000e+00
1.286051800764230091e+00,0.000000000000000000e+00,0.000000000000000000e+00
1.287147245228253967e+00,0.000000000000000000e+00,0.000000000000000000e+00
1.288242689692278065e+00,0.000000000000000000e+00,0.000000000000000000e+00
1.289338134156302162e+00,0.000000000000000000e+00,0.000000000000000000e+00
1.290433578620326038e+00,0.000000000000000000e+00,0.000000000000000000e+00
1.291529023084350136e+00,0.000000000000000000e+00,0.000000000000000000e+00
1.292624467548374456e+00,0.000000000000000000e+00,0.000000000000000000e+00
1.293719912012398332e+00,0.000000000000000000e+00,0.000000000000000000e+00
1.294815356476422430e+00,0.000000000000000000e+00,0.000000000000000000e+00
1.295910800940446528e+00,0.000000000000000000e+00,0.000000000000000000e+00
1.297006245404470404e+00,0.000000000000000000e+00,0.000000000000000000e+00
1.298101689868494502e+00,0.000000000000000000e+00,0.000000000000000000e+00
1.299197134332518377e+00,0.000000000000000000e+00,0.000000000000000000e+00
1.300292578796542475e+00,0.000000000000000000e+00,0.000000000000000000e+00
1.301388023260566795e+00,0.000000000000000000e+00,0.000000000000000000e+00
1.302483467724590671e+00,0.000000000000000000e+00,0.000000000000000000e+00
1.303578912188614769e+00,0.000000000000000000e+00,0.000000000000000000e+00
1.304674356652638867e+00,0.000000000000000000e+00,0.000000000000000000e+00
1.305769801116662743e+00,0.000000000000000000e+00,0.000000000000000000e+00
1.306865245580686841e+00,0.000000000000000000e+00,0.000000000000000000e+00
1.307960690044710939e+00,0.000000000000000000e+00,0.000000000000000000e+00
1.309056134508734814e+00,0.000000000000000000e+00,0.000000000000000000e+00
1.310151578972759134e+00,0.000000000000000000e+00,0.000000000000000000e+00
1.311247023436783232e+00,0.000000000000000000e+00,0.000000000000000000e+00
1.312342467900807108e+00,0.000000000000000000e+00,0.000000000000000000e+00
1.313437912364831206e+00,0.000000000000000000e+00,0.000000000000000000e+00
1.314533356828855304e+00,0.000000000000000000e+00,0.000000000000000000e+00
1.315628801292879180e+00,0.000000000000000000e+00,0.000000000000000000e+00
1.316724245756903278e+00,0.000000000000000000e+00,0.000000000000000000e+00
1.317819690220927153e+00,0.000000000000000000e+00,0.000000000000000000e+00
1.318915134684951251e+00,0.000000000000000000e+00,0.000000000000000000e+00
1.320010579148975571e+00,0.000000000000000000e+00,0.000000000000000000e+00
1.321106023612999447e+00,0.000000000000000000e+00,0.000000000000000000e+00
1.322201468077023545e+00,0.000000000000000000e+00,0.000000000000000000e+00
1.323296912541047643e+00,0.000000000000000000e+00,0.000000000000000000e+00
1.324392357005071519e+00,0.000000000000000000e+00,0.000000000000000000e+00
1.325487801469095617e+00,0.000000000000000000e+00,0.000000000000000000e+00
1.326583245933119715e+00,0.000000000000000000e+00,0.000000000000000000e+00
1.327678690397143590e+00,0.000000000000000000e+00,0.000000000000000000e+00
1.328774134861167910e+00,0.000000000000000000e+00,0.000000000000000000e+00
1.329869579325192008e+00,0.000000000000000000e+00,0.000000000000000000e+00
1.330965023789215884e+00,0.000000000000000000e+00,0.000000000000000000e+00
1.332060468253239982e+00,0.000000000000000000e+00,0.000000000000000000e+00
1.333155912717263858e+00,0.000000000000000000e+00,0.000000000000000000e+00
1.334251357181287956e+00,0.000000000000000000e+00,0.000000000000000000e+00
1.335346801645312054e+00,0.000000000000000000e+00,0.000000000000000000e+00
1.336442246109335930e+00,0.000000000000000000e+00,0.000000000000000000e+00
1.337537690573360250e+00,0.000000000000000000e+00,0.000000000000000000e+00
1.338633135037384347e+00,0.000000000000000000e+00,0.000000000000000000e+00
1.339728579501408223e+00,0.000000000000000000e+00,0.000000000000000000e+00
1.340824023965432321e+00,0.000000000000000000e+00,0.000000000000000000e+00
1.341919468429456419e+00,0.000000000000000000e+00,0.000000000000000000e+00
1.343014912893480295e+00,0.000000000000000000e+00,0.000000000000000000e+00
1.344110357357504393e+00,0.000000000000000000e+00,0.000000000000000000e+00
1.345205801821528491e+00,0.000000000000000000e+00,0.000000000000000000e+00
1.346301246285552367e+00,0.000000000000000000e+00,0.000000000000000000e+00
1.347396690749576686e+00,0.000000000000000000e+00,0.000000000000000000e+00
1.348492135213600562e+00,0.000000000000000000e+00,0.000000000000000000e+00
1.349587579677624660e+00,0.000000000000000000e+00,0.000000000000000000e+00
1.350683024141648758e+00,0.000000000000000000e+00,0.000000000000000000e+00
1.351778468605672634e+00,0.000000000000000000e+00,0.000000000000000000e+00
1.352873913069696732e+00,0.000000000000000000e+00,0.000000000000000000e+00
1.353969357533720830e+00,0.000000000000000000e+00,0.000000000000000000e+00
1.355064801997744706e+00,0.000000000000000000e+00,0.000000000000000000e+00
1.356160246461769026e+00,0.000000000000000000e+00,0.000000000000000000e+00
1.357255690925793123e+00,0.000000000000000000e+00,0.000000000000000000e+00
1.358351135389816999e+00,0.000000000000000000e+00,0.000000000000000000e+00
1.359446579853841097e+00,0.000000000000000000e+00,0.000000000000000000e+00
1.360542024317865195e+00,0.000000000000000000e+00,0.000000000000000000e+00
1.361637468781889071e+00,0.000000000000000000e+00,0.000000000000000000e+00
1.362732913245913169e+00,0.000000000000000000e+00,0.000000000000000000e+00
1.363828357709937267e+00,0.000000000000000000e+00,0.000000000000000000e+00
1.364923802173961365e+00,0.000000000000000000e+00,0.000000000000000000e+00
1.366019246637985463e+00,0.000000000000000000e+00,0.000000000000000000e+00
1.367114691102009338e+00,0.000000000000000000e+00,0.000000000000000000e+00
1.368210135566033436e+00,0.000000000000000000e+00,0.000000000000000000e+00
1.369305580030057534e+00,0.000000000000000000e+00,0.000000000000000000e+00
