# omega(Hartree) S(1/Hartree) dS(1/Hartree)
1.095444464024046072e-03,1.732589285988499928e+00,4.325823104197242586e+00
2.190888928048092144e-03,1.747875372094195523e+00,3.304562602716794029e+00
3.286333392072138000e-03,1.765718071254448240e+00,2.297509965030859469e+00
4.381777856096184288e-03,1.785989745426259212e+00,1.534900630171533775e+00
5.477222320120230144e-03,1.808575064054839476e+00,1.065568850245430799e+00
6.572666784144275999e-03,1.833369053839003504e+00,8.135870569985373946e-01
7.668111248168322722e-03,1.860275426830657164e+00,6.797513626644471341e-01
8.763555712192368577e-03,1.889205144481347576e+00,6.057061092339056652e-01
9.859000176216414432e-03,1.920075182728601781e+00,5.676795868981964199e-01
1.095444464024046029e-02,1.952807469268851293e+00,5.537650768730248974e-01
1.204988910426450614e-02,1.987327969072248290e+00,5.550155946267154583e-01
1.314533356828855200e-02,2.023565898187456025e+00,5.647856264611819110e-01
1.424077803231259785e-02,2.061453049135307580e+00,5.789162949072710340e-01
1.533622249633664544e-02,2.100923213844696935e+00,5.951770960753819395e-01
1.643166696036068783e-02,2.141911692253647637e+00,6.125040228128322273e-01
1.752711142438473715e-02,2.184354876472085927e+00,6.304303397201934667e-01
1.862255588840878301e-02,2.228189901860401445e+00,6.487579462353526560e-01
1.971800035243282886e-02,2.273354357569115969e+00,6.673954852926560211e-01
2.081344481645687472e-02,2.319786050066563909e+00,6.862883825323162768e-01
2.190888928048092057e-02,2.367422813987585695e+00,7.053927710431132647e-01
2.300433374450496643e-02,2.416202365301634902e+00,7.246676764722976838e-01
2.409977820852901229e-02,2.466062192346244242e+00,7.440736061031750781e-01
2.519522267255305814e-02,2.516939480728511924e+00,7.635727379562106121e-01
2.629066713657710400e-02,2.568771068476844999e+00,7.831290294972900190e-01
2.738611160060114985e-02,2.621493428140880155e+00,8.027080024706790828e-01
2.848155606462519571e-02,2.675042672809101685e+00,8.222762333730071482e-01
2.957700052864924503e-02,2.729354583241794696e+00,8.418007361403723188e-01
3.067244499267329089e-02,2.784364653515591481e+00,8.612483696646262565e-01
3.176788945669733327e-02,2.840008152751780646e+00,8.805853245148085318e-01
3.286333392072137566e-02,2.896220200655073462e+00,8.997767286479000370e-01
3.395877838474542498e-02,2.952935854732624321e+00,9.187863744896026530e-01
3.505422284876947431e-02,3.010090207193023559e+00,9.375765349952241978e-01
3.614966731279351669e-02,3.067618489649782454e+00,9.561078887734247855e-01
3.724511177681756602e-02,3.125456183870011895e+00,9.743394918564579621e-01
3.834055624084160840e-02,3.183539136924704582e+00,9.922288058069563821e-01
3.943600070486565773e-02,3.241803679206153532e+00,1.009731769276158486e+00
4.053144516888970011e-02,3.300186743888677832e+00,1.026802887550387844e+00
4.162688963291374944e-02,3.358625986516019069e+00,1.043395348260122146e+00
4.272233409693779183e-02,3.417059903505141438e+00,1.059461152950706753e+00
4.381777856096184115e-02,3.475427948462192607e+00,1.074951249525498920e+00
4.491322302498588354e-02,3.533670645311015157e+00,1.089815681076865772e+00
4.600866748900993286e-02,3.591729697336520477e+00,1.104003731132454869e+00
4.710411195303397525e-02,3.649548091347842860e+00,1.117464054248497485e+00
4.819955641705802457e-02,3.707070196264892203e+00,1.130144792291135403e+00
4.929500088108207390e-02,3.764241855528847047e+00,1.141993632894067634e+00
5.039044534510611628e-02,3.821010472829934557e+00,1.152957790410165773e+00
5.148588980913015867e-02,3.877325090741884139e+00,1.162983859471378834e+00
5.258133427315420799e-02,3.933136461927607908e+00,1.172017463290775385e+00
5.367677873717825038e-02,3.988397112679297418e+00,1.180002634698769759e+00
5.477222320120229970e-02,4.043061398620888980e+00,1.186880835308541826e+00
5.586766766522634903e-02,4.097085552482920612e+00,1.192589535977534476e+00
5.696311212925039141e-02,4.150427723924937418e+00,1.197060329367117593e+00
5.805855659327444074e-02,4.203048011445837062e+00,1.200216646868585535e+00
5.915400105729849006e-02,4.254908486480659668e+00,1.201971357701662413e+00
6.024944552132253245e-02,4.305973209835307181e+00,1.202224871361950775e+00
6.134488998534658177e-02,4.356208240658986597e+00,1.200864874964249207e+00
6.244033444937061722e-02,4.405581638196039762e+00,1.197769639960666765e+00
6.353577891339466654e-02,4.454063456596821347e+00,1.192817763111120088e+00
6.463122337741870893e-02,4.501625733098554960e+00,1.185908332866355774e+00
6.572666784144275132e-02,4.548242469914694830e+00,1.176996423591272212e+00
6.682211230546680758e-02,4.593889610193806483e+00,1.166148946381364127e+00
6.791755676949084997e-02,4.638545008425710492e+00,1.153624016570013122e+00
6.901300123351489235e-02,4.682188395687285620e+00,1.139971642471362623e+00
7.010844569753894862e-02,4.724801340128228055e+00,1.126142358294557555e+00
7.120389016156299100e-02,4.766367203104040939e+00,1.113573797464055604e+00
7.229933462558703339e-02,4.806871091363613679e+00,1.104209548535395546e+00
7.339477908961108965e-02,4.846299805699332275e+00,1.100413228526142539e+00
7.449022355363513204e-02,4.884641786462144530e+00,1.104819440841048106e+00
7.558566801765917442e-02,4.921887056337764577e+00,1.120357286611121550e+00
7.668111248168321681e-02,4.958027160770969388e+00,1.150956788602698788e+00
7.777655694570725919e-02,4.993055106413593514e+00,1.203557989461671696e+00
7.887200140973131546e-02,5.026965297959344880e+00,1.291434336146057404e+00
7.996744587375535784e-02,5.059753473713427319e+00,1.436895524450009676e+00
8.106289033777940023e-02,5.091416640230193913e+00,1.669110459537292979e+00
8.215833480180345649e-02,5.121953006334844183e+00,2.014679757162935125e+00
8.325377926582749888e-02,5.151361916827892351e+00,2.486065334780358071e+00
8.434922372985154126e-02,5.179643786153541818e+00,3.075274057689607154e+00
8.544466819387558365e-02,5.206800032294795599e+00,3.753580292787616290e+00
8.654011265789963991e-02,5.232833011139074841e+00,4.474438599405703876e+00
8.763555712192368230e-02,5.257745951541001439e+00,5.178492665495796565e+00
8.873100158594772469e-02,5.281542891289372932e+00,5.800817462499225918e+00
8.982644604997176707e-02,5.304228614168557954e+00,6.279921659888824337e+00
9.092189051399580946e-02,5.325808588285782186e+00,6.567048087385120247e+00
9.201733497801986572e-02,5.346288905819864823e+00,6.633807138777275902e+00
9.311277944204390811e-02,5.365676224329605226e+00,6.476404024335051801e+00
9.420822390606795049e-02,5.383977709744105056e+00,6.115538783998859529e+00
9.530366837009200676e-02,5.401200981142821433e+00,5.592163854701267311e+00
9.639911283411604914e-02,5.417354057417751001e+00,4.960298843867672502e+00
9.749455729814009153e-02,5.432445305897217303e+00,4.278649526402210412e+00
9.859000176216414779e-02,5.446483392997296669e+00,3.602830278708508693e+00
9.968544622618819018e-02,5.459477236955033952e+00,2.979457703391867440e+00
1.007808906902122326e-01,5.471435962686835630e+00,2.442565767332456339e+00
1.018763351542362888e-01,5.482368858803532419e+00,2.011921200926054976e+00
1.029717796182603173e-01,5.492285336805846185e+00,1.692430922662377935e+00
1.040672240822843597e-01,5.501194892473548315e+00,1.474704552957937898e+00
1.051626685463084160e-01,5.509107069454733718e+00,1.338448170023953887e+00
1.062581130103324584e-01,5.516031425053125048e+00,1.259414702005758002e+00
1.073535574743565008e-01,5.521977498205822954e+00,1.216565871382030428e+00
1.084490019383805570e-01,5.526954779637259563e+00,1.195410179311416465e+00
1.095444464024045994e-01,5.530972684170288645e+00,1.187443054199854409e+00
1.106398908664286418e-01,5.534040525170385472e+00,1.188068521061399485e+00
1.117353353304526981e-01,5.536167491095156379e+00,1.194745872332080516e+00
1.128307797944767404e-01,5.537362624117682763e+00,1.205859587410755829e+00
1.139262242585007828e-01,5.537634800789383860e+00,1.220186675531045539e+00
1.150216687225248391e-01,5.536992714705562868e+00,1.236707637805068538e+00
1.161171131865488815e-01,5.535444861134430461e+00,1.254566327878670506e+00
1.172125576505729239e-01,5.532999523569271716e+00,1.273071256195607681e+00
1.183080021145969801e-01,5.529664762161645264e+00,1.291694111700639747e+00
1.194034465786210225e-01,5.525448403992746726e+00,1.310055218230461449e+00
1.204988910426450649e-01,5.520358035138910324e+00,1.327899262791069734e+00
1.215943355066691212e-01,5.514400994487703045e+00,1.345067461102742445e+00
1.226897799706931635e-01,5.507584369259693524e+00,1.361471047604404516e+00
1.237852244347171921e-01,5.499914992191706098e+00,1.377068786131849576e+00
1.248806688987412344e-01,5.491399440336738103e+00,1.391849457313262040e+00
1.259761133627652907e-01,5.482044035436746121e+00,1.405819088382719517e+00
1.270715578267893331e-01,5.471854845824219993e+00,1.418992233369929412e+00
1.281670022908133755e-01,5.460837689808341722e+00,1.431386389915057844e+00
1.292624467548374179e-01,5.448998140503115373e+00,1.443018702606466253e+00
1.303578912188614602e-01,5.436341532054046688e+00,1.453904231220310983e+00
1.314533356828855026e-01,5.422872967220751406e+00,1.464055231508027299e+00
1.325487801469095728e-01,5.408597326273194561e+00,1.473481035390290739e+00
1.336442246109336152e-01,5.393519277159485092e+00,1.482188265724283527e+00
1.347396690749576575e-01,5.377643286902646480e+00,1.490181192570468660e+00
1.358351135389816999e-01,5.360973634185254078e+00,1.497462125408946187e+00
1.369305580030057423e-01,5.343514423079031239e+00,1.504031784987127418e+00
1.380260024670297847e-01,5.325269597877188232e+00,1.509889612246541502e+00
1.391214469310538548e-01,5.306242958987393621e+00,1.515034016336099132e+00
1.402168913950778972e-01,5.286438179841145057e+00,1.519462558828332810e+00
1.413123358591019396e-01,5.265858824776493918e+00,1.523172070491069841e+00
1.424077803231259820e-01,5.244508367848613517e+00,1.526158727424176131e+00
1.435032247871500244e-01,5.222390212522438624e+00,1.528418077777023543e+00
1.445986692511740668e-01,5.199507712200524878e+00,1.529945036224866772e+00
1.456941137151981369e-01,5.175864191536875047e+00,1.530733844256699339e+00
1.467895581792221793e-01,5.151462968486927529e+00,1.530778012983267100e+00
1.478850026432462217e-01,5.126307377041399604e+00,1.530070236455092214e+00
1.489804471072702641e-01,5.100400790589572964e+00,1.528602282895040743e+00
1.500758915712943065e-01,5.073746645856226145e+00,1.526364867653325019e+00
1.511713360353183488e-01,5.046348467352752998e+00,1.523347492316354135e+00
1.522667804993423912e-01,5.018209892281920048e+00,1.519538266200544330e+00
1.533622249633664336e-01,4.989334695831691313e+00,1.514923683617241723e+00
1.544576694273904760e-01,4.959726816791603099e+00,1.509488370716001837e+00
1.555531138914145184e-01,4.929390383422251887e+00,1.503214778061395140e+00
1.566485583554385608e-01,4.898329739504441172e+00,1.496082822045087912e+00
1.577440028194626309e-01,4.866549470493204410e+00,1.488069459967612973e+00
1.588394472834866733e-01,4.834054429696680977e+00,1.479148184757290263e+00
1.599348917475107157e-01,4.800849764398864572e+00,1.469288433176906272e+00
1.610303362115347581e-01,4.766940941840075219e+00,1.458454889725474546e+00
1.621257806755588005e-01,4.732333774967562690e+00,1.446606668883464897e+00
1.632212251395828428e-01,4.697034447865154227e+00,1.433696373074749841e+00
1.643166696036069130e-01,4.661049540766999399e+00,1.419669000959319360e+00
1.654121140676309554e-01,4.624386054559885828e+00,1.404460713746694678e+00
1.665075585316549978e-01,4.587051434674186190e+00,1.387997443352932736e+00
1.676030029956790401e-01,4.549053594262180589e+00,1.370193350692063827e+00
1.686984474597030825e-01,4.510400936560915675e+00,1.350949155378664113e+00
1.697938919237271249e-01,4.471102376334307849e+00,1.330150331676458686e+00
1.708893363877511673e-01,4.431167360288124080e+00,1.307665202856946651e+00
1.719847808517752374e-01,4.390605886354268073e+00,1.283342899782558666e+00
1.730802253157992798e-01,4.349428521729205244e+00,1.257011102845198458e+00
1.741756697798233222e-01,4.307646419572598084e+00,1.228473322483684571e+00
1.752711142438473646e-01,4.265271334247880297e+00,1.197505203150580844e+00
1.763665587078714070e-01,4.222315635008211387e+00,1.163848882436919752e+00
1.774620031718954494e-01,4.178792318021811170e+00,1.127203723577966610e+00
1.785574476359194918e-01,4.134715016639521679e+00,1.087210892690509523e+00
1.796528920999435341e-01,4.090098009806520274e+00,1.043428521198527248e+00
1.807483365639675765e-01,4.044956228527516018e+00,9.952947423605363886e-01
1.818437810279916189e-01,3.999305260298489983e+00,9.420806603984785976e-01
1.829392254920156613e-01,3.953161351423363890e+00,8.828515532885745642e-01
1.840346699560397314e-01,3.906541407141358668e+00,8.165003714803716894e-01
1.851301144200637738e-01,3.859462989497138619e+00,7.420398890859555285e-01
1.862255588840878162e-01,3.811944312894768316e+00,6.596706571898320881e-01
1.873210033481118586e-01,3.764004237284388488e+00,5.740505887202697055e-01
1.884164478121359010e-01,3.715662258940516161e+00,5.031223226377654623e-01
1.895118922761599434e-01,3.666938498800644819e+00,4.926885483494600204e-01
1.906073367401840135e-01,3.617853688344078389e+00,6.013298799950695939e-01
1.917027812042080559e-01,3.568429153001285492e+00,8.413134314957367854e-01
1.927982256682320983e-01,3.518686793097248078e+00,1.190234988270331362e+00
1.938936701322561407e-01,3.468649062343149403e+00,1.627390533584454957e+00
1.949891145962801831e-01,3.418338943904878136e+00,2.133732853009143504e+00
1.960845590603042254e-01,3.367779924088183385e+00,2.684700723462231320e+00
1.971800035243282956e-01,3.316995963695123617e+00,3.246766887467723794e+00
1.982754479883523380e-01,3.266011467118075107e+00,3.777743476465625694e+00
1.993708924523763804e-01,3.214851249252252963e+00,4.230357283293128212e+00
2.004663369164004227e-01,3.163540500319990567e+00,4.558506039483277483e+00
2.015617813804244651e-01,3.112104748712169577e+00,4.725071441916881554e+00
2.026572258444485075e-01,3.060569821967877857e+00,4.709559611834358783e+00
2.037526703084725777e-01,3.008961806020009622e+00,4.513557187387871039e+00
2.048481147724966200e-01,2.957307002852285649e+00,4.162288635519726832e+00
2.059435592365206347e-01,2.905631886718855750e+00,3.701440128117746475e+00
2.070390037005446771e-01,2.853963059091038978e+00,3.189603028499609305e+00
2.081344481645687194e-01,2.802327202502961967e+00,2.687665104138587946e+00
2.092298926285927896e-01,2.750751033476845020e+00,2.246868940665923908e+00
2.103253370926168320e-01,2.699261254715907832e+00,1.897645926694355056e+00
2.114207815566408744e-01,2.647884506757994139e+00,1.643290285496940006e+00
2.125162260206649167e-01,2.596647319289645317e+00,1.464328206229192908e+00
2.136116704846889591e-01,2.545576062319518051e+00,1.333245994227797437e+00
2.147071149487130015e-01,2.494696897419347970e+00,1.228630856473875266e+00
2.158025594127370717e-01,2.444035729231412546e+00,1.139876652538521329e+00
2.168980038767611140e-01,2.393618157452769957e+00,1.064277171383322562e+00
2.179934483407851564e-01,2.343469429493106215e+00,1.002171330377726433e+00
2.190888928048091988e-01,2.293614394007225332e+00,9.534743611994827006e-01
2.201843372688332134e-01,2.244077455495414597e+00,9.163770517085318978e-01
2.212797817328572836e-01,2.194882530159311340e+00,8.876900286570924559e-01
2.223752261968813260e-01,2.146053003194075881e+00,8.638657422847672018e-01
2.234706706609053961e-01,2.097611687688145210e+00,8.418977970295036251e-01
2.245661151249294107e-01,2.049580785293452223e+00,8.197643920958884722e-01
2.256615595889534809e-01,2.001981848816915210e+00,7.964598526242362420e-01
2.267570040529774955e-01,1.954835746874620250e+00,7.717941960430471093e-01
2.278524485170015657e-01,1.908162630734695275e+00,7.461176629849022301e-01
2.289478929810256080e-01,1.861981903463354460e+00,7.200611850999850683e-01
2.300433374450496782e-01,1.816312191476781246e+00,6.943310772367833339e-01
2.311387819090736928e-01,1.771171318582503540e+00,6.695665093955002201e-01
2.322342263730977630e-01,1.726576282584434407e+00,6.462548558901493045e-01
2.333296708371217776e-01,1.682543234506860275e+00,6.246951280041929122e-01
2.344251153011458477e-01,1.639087460481428948e+00,6.049983389520398047e-01
2.355205597651698901e-01,1.596223366322783166e+00,5.871134759395012503e-01
2.366160042291939603e-01,1.553964464806720569e+00,5.708682019376712935e-01
2.377114486932179749e-01,1.512323365648623907e+00,5.560145642436230551e-01
2.388068931572420450e-01,1.471311768166606138e+00,5.422720195357847439e-01
2.399023376212660597e-01,1.430940456600012123e+00,5.293627199918428117e-01
2.409977820852901298e-01,1.391219298040744734e+00,5.170367157680205716e-01
2.420932265493141722e-01,1.352157242923537339e+00,5.050869767097357910e-01
2.431886710133382423e-01,1.313762328008231339e+00,4.933556231358485200e-01
2.442841154773622570e-01,1.276041681777544179e+00,4.817334662402026901e-01
2.453795599413863271e-01,1.239001532163840569e+00,4.701550707737764401e-01
2.464750044054103417e-01,1.202647216508832884e+00,4.585912980354938107e-01
2.475704488694343841e-01,1.166983193652413764e+00,4.470408709275751069e-01
2.486658933334584543e-01,1.132013058040206799e+00,4.355220608014382933e-01
2.497613377974824689e-01,1.097739555732824224e+00,4.240652023272936666e-01
2.508567822615065390e-01,1.064164602194586084e+00,4.127064265052880487e-01
2.519522267255305814e-01,1.031289301736485919e+00,4.014827648816692296e-01
2.530476711895546238e-01,9.991139684833174606e-01,3.904286123728316626e-01
2.541431156535786662e-01,9.676381487345950827e-01,3.795734281135803023e-01
2.552385601176027086e-01,9.368606445855871545e-01,3.689404906223087699e-01
2.563340045816267510e-01,9.067795386770046706e-01,3.585464952190066112e-01
2.574294490456507933e-01,8.773922199391818166e-01,3.484017785244863941e-01
2.585248935096748357e-01,8.486954102002471911e-01,3.385109692609967746e-01
2.596203379736989336e-01,8.206851915298646327e-01,3.288738902047409485e-01
2.607157824377229205e-01,7.933570341890489042e-01,3.194865685947171352e-01
2.618112269017470184e-01,7.667058250662925900e-01,3.103422457659700262e-01
2.629066713657710053e-01,7.407258964769010134e-01,3.014323098244387489e-01
2.640021158297951032e-01,7.154110552123690292e-01,2.927471038797384573e-01
2.650975602938191455e-01,6.907546117280715103e-01,2.842765866243522899e-01
2.661930047578431879e-01,6.667494093639744213e-01,2.760108405432870615e-01
2.672884492218672303e-01,6.433878534981515296e-01,2.679404363466296735e-01
2.683838936858912727e-01,6.206619405385921384e-01,2.600566705081731600e-01
2.694793381499153151e-01,5.985632866646242167e-01,2.523516972415373871e-01
2.705747826139393575e-01,5.770831562348436305e-01,2.448185774793306402e-01
2.716702270779633999e-01,5.562124897857471106e-01,2.374512665083483853e-01
2.727656715419874978e-01,5.359419315496317671e-01,2.302445594841286969e-01
2.738611160060114846e-01,5.162618564280707645e-01,2.231940111693314077e-01
2.749565604700355270e-01,4.971623963619923869e-01,2.162958425918048433e-01
2.760520049340595694e-01,4.786334660466390889e-01,2.095468443771565104e-01
2.771474493980836118e-01,4.606647879440932680e-01,2.029442834047358868e-01
2.782428938621077097e-01,4.432459165539477941e-01,1.964858170710122032e-01
2.793383383261316966e-01,4.263662619047870472e-01,1.901694174741838383e-01
2.804337827901557945e-01,4.100151122391473835e-01,1.839933063306596339e-01
2.815292272541797813e-01,3.941816558644520851e-01,1.779559004351340123e-01
2.826246717182038792e-01,3.788550021525253220e-01,1.720557667669891377e-01
2.837201161822279216e-01,3.640242016709562267e-01,1.662915860312612903e-01
2.848155606462519640e-01,3.496782654357744047e-01,1.606621232124137433e-01
2.859110051102760064e-01,3.358061832789190904e-01,1.551662037992271315e-01
2.870064495743000488e-01,3.223969413278047758e-01,1.498026944275355210e-01
2.881018940383240912e-01,3.094395385970461487e-01,1.445704868719208391e-01
2.891973385023481335e-01,2.969230026976031889e-01,1.394684845326474576e-01
2.902927829663721759e-01,2.848364046688862117e-01,1.344955907583561538e-01
2.913882274303962738e-01,2.731688729453794484e-01,1.296506985369242360e-01
2.924836718944202607e-01,2.619096064686357583e-01,1.249326812371345935e-01
2.935791163584443586e-01,2.510478869611308395e-01,1.203403842269553936e-01
2.946745608224683455e-01,2.405730903769735529e-01,1.158726172701304985e-01
2.957700052864924434e-01,2.304746975493335293e-01,1.115281476907693109e-01
2.968654497505164858e-01,2.207423040537478121e-01,1.073056943148818360e-01
2.979608942145405281e-01,2.113656293098508665e-01,1.032039222415665897e-01
2.990563386785645705e-01,2.023345249433740611e-01,9.922143848275306877e-02
3.001517831425886129e-01,1.936389824322397035e-01,9.535678851496885711e-02
3.012472276066126553e-01,1.852691400613406258e-01,9.160845377104610832e-02
3.023426720706366977e-01,1.772152892110023525e-01,8.797485007697834758e-02
3.034381165346607401e-01,1.694678800045656408e-01,8.445432702665930935e-02
3.045335609986847825e-01,1.620175263409064370e-01,8.104516826460254897e-02
3.056290054627088248e-01,1.548550103362635322e-01,7.774559262739245968e-02
3.067244499267328672e-01,1.479712862077232349e-01,7.455375608871056547e-02
3.078198943907569096e-01,1.413574836143280666e-01,7.146775442830267944e-02
3.089153388547809520e-01,1.350049104895661989e-01,6.848562654841559849e-02
3.100107833188050499e-01,1.289050553886511852e-01,6.560535835127000170e-02
3.111062277828290368e-01,1.230495893742539759e-01,6.282488708618323703e-02
3.122016722468531347e-01,1.174303674678368326e-01,6.014210608092499660e-02
3.132971167108771215e-01,1.120394296893924974e-01,5.755486976756835765e-02
3.143925611749012194e-01,1.068690017102213591e-01,5.506099892205367635e-02
3.154880056389252618e-01,1.019114951416868198e-01,5.265828603805062375e-02
3.165834501029493042e-01,9.715950748316247443e-02,5.034450076440660782e-02
3.176788945669733466e-01,9.260582175048505393e-02,4.811739533954786929e-02
3.187743390309973890e-01,8.824340580682886459e-02,4.597470996563689932e-02
3.198697834950214314e-01,8.406541141627295322e-02,4.391417807038896365e-02
3.209652279590454738e-01,8.006517304062750473e-02,4.193353141315524918e-02
3.220606724230695161e-01,7.623620639815700817e-02,4.003050499754599867e-02
3.231561168870936140e-01,7.257220680247182532e-02,3.820284175979395819e-02
3.242515613511176009e-01,6.906704730053915553e-02,3.644829700909762299e-02
3.253470058151416988e-01,6.571477662503950878e-02,3.476464260019684893e-02
3.264424502791656857e-01,6.250961697945854600e-02,3.314967082588212571e-02
3.275378947431897836e-01,5.944596166905452561e-02,3.160119801931238898e-02
3.286333392072138260e-01,5.651837259481692216e-02,3.011706786307391873e-02
3.297287836712378128e-01,5.372157762299890199e-02,2.869515440322483943e-02
3.308242281352619107e-01,5.105046784374430574e-02,2.733336477103176856e-02
3.319196725992858976e-01,4.850009473272717808e-02,2.602964161821500963e-02
3.330151170633099955e-01,4.606566722629287097e-02,2.478196527256395706e-02
3.341105615273339824e-01,4.374254872246630121e-02,2.358835562391251028e-02
3.352060059913580803e-01,4.152625401817389150e-02,2.244687375140481944e-02
3.363014504553821227e-01,3.941244619303622965e-02,2.135562330437485237e-02
3.373968949194061651e-01,3.739693344927771251e-02,2.031275165003222291e-02
3.384923393834302074e-01,3.547566591652863421e-02,1.931645080162787062e-02
3.395877838474542498e-01,3.364473242990790453e-02,1.836495814116534397e-02
3.406832283114782922e-01,3.190035728946022386e-02,1.745655695104893559e-02
3.417786727755023346e-01,3.023889700853028481e-02,1.658957676901942277e-02
3.428741172395263770e-01,2.865683705683271659e-02,1.576239357976347635e-02
3.439695617035504749e-01,2.715078860639405164e-02,1.497342985789393635e-02
3.450650061675744618e-01,2.571748528432715730e-02,1.422115447447236912e-02
3.461604506315985597e-01,2.435377993945879449e-02,1.350408248066512287e-02
3.472558950956225465e-01,2.305664142708500897e-02,1.282077478025031234e-02
3.483513395596466444e-01,2.182315141687792698e-02,1.216983770272133010e-02
3.494467840236706868e-01,2.065050122778554556e-02,1.154992248762718582e-02
3.505422284876947292e-01,1.953598869461008886e-02,1.095972469077775673e-02
3.516376729517187716e-01,1.847701506906144694e-02,1.039798352143526949e-02
3.527331174157428140e-01,1.747108195896658958e-02,9.863481119591331961e-03
3.538285618797668564e-01,1.651578830893076291e-02,9.355041781743457865e-03
3.549240063437908987e-01,1.560882742416119622e-02,8.871531142221755414e-03
3.560194508078149411e-01,1.474798404077761957e-02,8.411855317556341666e-03
3.571148952718389835e-01,1.393113144417181329e-02,7.974960019945400921e-03
3.582103397358630259e-01,1.315622863797087302e-02,7.559829646036129655e-03
3.593057841998870683e-01,1.242131756378259816e-02,7.165486345468099864e-03
3.604012286639111107e-01,1.172452037553781308e-02,6.790989075352296331e-03
3.614966731279351531e-01,1.106403676714237325e-02,6.435432643584275761e-03
3.625921175919592510e-01,1.043814135600383032e-02,6.097946745788611345e-03
3.636875620559832378e-01,9.845181123132868209e-03,5.777694999325413104e-03
3.647830065200073357e-01,9.283572910021678157e-03,5.473873977238332550e-03
3.658784509840313226e-01,8.751800972997500830e-03,5.185712245057404364e-03
3.669738954480554205e-01,8.248414595700026553e-03,4.912469403129449998e-03
3.680693399120794629e-01,7.772025759790903918e-03,4.653435136631972266e-03
3.691647843761035053e-01,7.321306873303180286e-03,4.407928274818731333e-03
3.702602288401275477e-01,6.894988558456487983e-03,4.175295862334488413e-03
3.713556733041515900e-01,6.491857496350015959e-03,3.954912242648250982e-03
3.724511177681756324e-01,6.110754330424103369e-03,3.746178156198959764e-03
3.735465622321996748e-01,5.750571627098708359e-03,3.548519853646937405e-03
3.746420066962237172e-01,5.410251893997423435e-03,3.361388225717438540e-03
3.757374511602478151e-01,5.088785654374482735e-03,3.184257949935190204e-03
3.768328956242718020e-01,4.785209578320846410e-03,3.016626655665754879e-03
3.779283400882958999e-01,4.498604668968669319e-03,2.858014107344665142e-03
3.790237845523198867e-01,4.228094503762015559e-03,2.707961406842076570e-03
3.801192290163439846e-01,3.972843530076526283e-03,2.566030215369501273e-03
3.812146734803680270e-01,3.732055413760961005e-03,2.431801994811154388e-03
3.823101179443920694e-01,3.504971440477075342e-03,2.304877269136201053e-03
3.834055624084161118e-01,3.290868968267158471e-03,2.184874905563888910e-03
3.845010068724400987e-01,3.089059931620873663e-03,2.071431416308953336e-03
3.855964513364641966e-01,2.898889394106817039e-03,1.964200279569870873e-03
3.866918958004882390e-01,2.719734151075688111e-03,1.862851281316660074e-03
3.877873402645122813e-01,2.551001379115016513e-03,1.767069876182495716e-03
3.888827847285363237e-01,2.392127333096522989e-03,1.676556568504159817e-03
3.899782291925603661e-01,2.242576088339471186e-03,1.591026312275113479e-03
3.910736736565844085e-01,2.101838328013892060e-03,1.510207930512191994e-03
3.921691181206084509e-01,1.969430173959652985e-03,1.433843553162034590e-03
3.932645625846324933e-01,1.844892060145059392e-03,1.361688073359751871e-03
3.943600070486565912e-01,1.727787647689851781e-03,1.293508621614967253e-03
3.954554515126805780e-01,1.617702780495452932e-03,1.229084057567575352e-03
3.965508959767046759e-01,1.514244480119407215e-03,1.168204478620544400e-03
3.976463404407286628e-01,1.417039979125468132e-03,1.110670745182828654e-03
3.987417849047527607e-01,1.325735791891853718e-03,1.056294022060596995e-03
3.998372293687768031e-01,1.239996821174961950e-03,1.004895334979914691e-03
4.009326738328008455e-01,1.159505500592503341e-03,9.563051426784837869e-04
4.020281182968248879e-01,1.083960970610691344e-03,9.103629229732704666e-04
4.031235627608489303e-01,1.013078288129251516e-03,8.669167731944765623e-04
4.042190072248729726e-01,9.465876679577078442e-04,8.258230239466279356e-04
4.053144516888970150e-01,8.842337556637202937e-04,7.869458661327750340e-04
4.064098961529210574e-01,8.257749300316142606e-04,7.501569901261769891e-04
4.075053406169451553e-01,7.709826354648550246e-04,7.153352378118947369e-04
4.086007850809691422e-01,7.196407420303316173e-04,6.823662659423938718e-04
4.096962295449932401e-01,6.715449329072340412e-04,6.511422210463315829e-04
4.107916740090172270e-01,6.265021180748029999e-04,6.215614253477835457e-04
4.118871184730412693e-01,5.843298739789195857e-04,5.935280740307950168e-04
4.129825629370653672e-01,5.448559067707948577e-04,5.669519420974353284e-04
4.140780074010893541e-01,5.079175402467851156e-04,5.417481025421365566e-04
4.151734518651134520e-01,4.733612260183592442e-04,5.178366540401295980e-04
4.162688963291374389e-01,4.410420756235552118e-04,4.951424584620450851e-04
4.173643407931615368e-01,4.108234142407392515e-04,4.735948885761852127e-04
4.184597852571855792e-01,3.825763544902077815e-04,4.531275850166845099e-04
4.195552297212096216e-01,3.561793898578553418e-04,4.336782226870246402e-04
4.206506741852336639e-01,3.315180072046697421e-04,4.151882867365083805e-04
4.217461186492577063e-01,3.084843170741814007e-04,3.976028573191006860e-04
4.228415631132817487e-01,2.869767016018929954e-04,3.808704036089457482e-04
4.239370075773057911e-01,2.668994794008356730e-04,3.649425870760127392e-04
4.250324520413298335e-01,2.481625859157304435e-04,3.497740727812492507e-04
4.261278965053539314e-01,2.306812698410233011e-04,3.353223501788273812e-04
4.272233409693779183e-01,2.143758035020061885e-04,3.215475612413523187e-04
4.283187854334020161e-01,1.991712086106398787e-04,3.084123385211845958e-04
4.294142298974260030e-01,1.849969940383416455e-04,2.958816486742317422e-04
4.305096743614501009e-01,1.717869078649041017e-04,2.839226445466962179e-04
4.316051188254741433e-01,1.594787013095799147e-04,2.725045204717744759e-04
4.327005632894981857e-01,1.480139044850792892e-04,2.615983638834909778e-04
4.337960077535222281e-01,1.373376136950084023e-04,2.511769789100639391e-04
4.348914522175462705e-01,1.273982895203720073e-04,2.412145729500296087e-04
4.359868966815703129e-01,1.181475655638569423e-04,2.316856759092642698e-04
4.370823411455943552e-01,1.095400663690639022e-04,2.225592966297162815e-04
4.381777856096183976e-01,1.015332359205104004e-04,2.137650926112485690e-04
4.392732300736424400e-01,9.408717393790903404e-05,2.050301134531414199e-04
4.403686745376664269e-01,8.716448191792729768e-05,1.957168949076566809e-04
4.414641190016905803e-01,8.073011659452764693e-05,1.979847795292812474e-04
4.425595634657145672e-01,7.475125172403070172e-05,3.930151486176887703e-04
4.436550079297386096e-01,6.919714674749835744e-05,1.346191186696428337e-03
4.447504523937626519e-01,6.403902345209703650e-05,4.204965317208289761e-03
4.458458968577867498e-01,5.924994831962554617e-05,1.116071857896754060e-02
4.469413413218107922e-01,5.480472214642027770e-05,2.505059036169791226e-02
4.480367857858347791e-01,5.067977544698424697e-05,4.736984735785293443e-02
4.491322302498588215e-01,4.685306976581365041e-05,7.513054105763833368e-02
4.502276747138829194e-01,4.330400392394998882e-05,9.947607076897706235e-02
4.513231191779069618e-01,4.001332676639233056e-05,1.094269497920304784e-01
4.524185636419310041e-01,3.696305370134593998e-05,9.953365109219991513e-02
4.535140081059549910e-01,3.413638840315407380e-05,7.457783366021424054e-02
4.546094525699791444e-01,3.151764910179993508e-05,4.630767593933160509e-02
4.557048970340031313e-01,2.909219883591456605e-05,2.631538633683454254e-02
4.568003414980271737e-01,2.684638034604495269e-05,2.158160031778676852e-02
4.578957859620512161e-01,2.476745382830438917e-05,2.681001445200036429e-02
4.589912304260753140e-01,2.284353923020497024e-05,3.415942518654495330e-02
4.600866748900993564e-01,2.106356116350309443e-05,4.135921305563020761e-02
4.611821193541233432e-01,1.941719791943783129e-05,4.736413090007549065e-02
4.622775638181473856e-01,1.789483270793951658e-05,5.124793113900256991e-02
4.633730082821714835e-01,1.648750840510121790e-05,5.232397755396336197e-02
4.644684527461955259e-01,1.518688454383722914e-05,5.034270712832425443e-02
4.655638972102195683e-01,1.398519760298130285e-05,4.558187201406151828e-02
4.666593416742435552e-01,1.287522266231451967e-05,3.878608996681683074e-02
4.677547861382675976e-01,1.185023847829400904e-05,3.097399962937469331e-02
4.688502306022916954e-01,1.090399434305693548e-05,2.318277547975771888e-02
4.699456750663157378e-01,1.003067839297227431e-05,1.624009319605474594e-02
4.710411195303397802e-01,9.224888384421258894e-06,1.063334436933171222e-02
4.721365639943637671e-01,8.481605038511944269e-06,6.498313057532508624e-03
4.732320084583879205e-01,7.796165770317922935e-06,3.701225992948113750e-03
4.743274529224119074e-01,7.164240475018021814e-06,1.961720639475200787e-03
4.754228973864359498e-01,6.581809189987585792e-06,9.664946050156727943e-04
4.765183418504599921e-01,6.045141258417122536e-06,4.452745541908484372e-04
4.776137863144840900e-01,5.550774956511101869e-06,2.076660228707076473e-04
4.787092307785081324e-01,5.095499619779478001e-06,1.460991375387382500e-04
4.798046752425321193e-01,4.676338011604988567e-06,1.726519592481376929e-04
4.809001197065561617e-01,4.290530228085453560e-06,2.280509622114734627e-04
4.819955641705802596e-01,3.935518473165643478e-06,3.028132566603606375e-04
4.830910086346043020e-01,3.608933351647817406e-06,4.000300264413202199e-04
4.841864530986283444e-01,3.308580151619077392e-06,5.247114997801690436e-04
4.852818975626523312e-01,3.032426716526334734e-06,6.826589262378448273e-04
4.863773420266764846e-01,2.778592286662281226e-06,8.803557971168053794e-04
4.874727864907004715e-01,2.545336429831300915e-06,1.124853182248341729e-03
4.885682309547245139e-01,2.331048719593371161e-06,1.423566002547147847e-03
4.896636754187485563e-01,2.134240382477083249e-06,1.783972573690496789e-03
4.907591198827726542e-01,1.953534501958867679e-06,2.213211281448837844e-03
4.918545643467966966e-01,1.787658712322118154e-06,2.717577133638419008e-03
4.929500088108206834e-01,1.635437211951471084e-06,3.301926612232768121e-03
4.940454532748447258e-01,1.495783966494216836e-06,3.969014919588124274e-03
4.951408977388687682e-01,1.367696172658899236e-06,4.718801616544997246e-03
4.962363422028928661e-01,1.250247718603803409e-06,5.547773544445020084e-03
4.973317866669169085e-01,1.142584140167079301e-06,6.448352860047175915e-03
4.984272311309408954e-01,1.043916983603723958e-06,7.408455429309919633e-03
4.995226755949649378e-01,9.535191072392393946e-07,8.411278146265865202e-03
5.006181200589890912e-01,8.707199758911263254e-07,9.435378769568363369e-03
5.017135645230130780e-01,7.949013499361768394e-07,1.045510185656778335e-02
5.028090089870370649e-01,7.254935413233813509e-07,1.144138210201220938e-02
5.039044534510611628e-01,6.619718442700688417e-07,1.236291806806556932e-02
5.049998979150852607e-01,6.038527955512728897e-07,1.318766439433185708e-02
5.060953423791092476e-01,5.506912562719688524e-07,1.388457473435023362e-02
5.071907868431332345e-01,5.020775734659552501e-07,1.442546722076766541e-02
5.082862313071573324e-01,4.576347495182021285e-07,1.478686014919698526e-02
5.093816757711814303e-01,4.170161208689177560e-07,1.495163006927550595e-02
5.104771202352054171e-01,3.799024399037283700e-07,1.491029842027122819e-02
5.115725646992295150e-01,3.460005866469342872e-07,1.466188874243721900e-02
5.126680091632535019e-01,3.150410244084292844e-07,1.421416028032709139e-02
5.137634536272775998e-01,2.867760007608633060e-07,1.358324262179297186e-02
5.148588980913015867e-01,2.609779814630499166e-07,1.279267701250509301e-02
5.159543425553256846e-01,2.374383405066454526e-07,1.187194668001039996e-02
5.170497870193496714e-01,2.159648206399597530e-07,1.085455225568513794e-02
5.181452314833737693e-01,1.963813557210213983e-07,9.775981815025029664e-03
5.192406759473978672e-01,1.785266747966691918e-07,8.671586849300099223e-03
5.203361204114218541e-01,1.622526554315386793e-07,7.574592701363056825e-03
5.214315648754458410e-01,1.474231271395891174e-07,6.514441219706329674e-03
5.225270093394699389e-01,1.339136484411909121e-07,5.515603594131951969e-03
5.236224538034940368e-01,1.216100156034493167e-07,4.596824475255842715e-03
5.247178982675180237e-01,1.104077841838532152e-07,3.770919515512032114e-03
5.258133427315420105e-01,1.002108012417264768e-07,3.045013950899500259e-03
5.269087871955661084e-01,9.093173930062039987e-08,2.421267909305445561e-03
5.280042316595902063e-01,8.248995046828037496e-08,1.897856476038867896e-03
5.290996761236141932e-01,7.481227172604785536e-08,1.470313103635727823e-03
5.301951205876382911e-01,6.783118044273359799e-08,1.132990211151561465e-03
5.312905650516622780e-01,6.148529707570960779e-08,8.805287868987132869e-04
5.323860095156863759e-01,5.571837234168131435e-08,7.084076554448883421e-04
5.334814539797103627e-01,5.047911955845914513e-08,6.108880784542831868e-04
5.345768984437344606e-01,4.572033807974591892e-08,5.764872680658748210e-04
5.356723429077584475e-01,4.139920257159211048e-08,5.874220046008797776e-04
5.367677873717825454e-01,3.747672850378491361e-08,6.261026315935427824e-04
5.378632318358066433e-01,3.391683452814701113e-08,6.804423580201282616e-04
5.389586762998306302e-01,3.068691488975903064e-08,7.438587878577815294e-04
5.400541207638546171e-01,2.775732845575193073e-08,8.131827497161488302e-04
5.411495652278787150e-01,2.510078058749799266e-08,8.869390681902657170e-04
5.422450096919028129e-01,2.269243330961498841e-08,9.643915174136510849e-04
5.433404541559267997e-01,2.050979693090457227e-08,1.045082996567266989e-03
5.444358986199507866e-01,1.853223930992874679e-08,1.128615552880421263e-03
5.455313430839749955e-01,1.674082910519150226e-08,1.214557284072262898e-03
5.466267875479989824e-01,1.511861916944721285e-08,1.302437444957931000e-03
5.477222320120229693e-01,1.365000604230645855e-08,1.391706755158912115e-03
5.488176764760470672e-01,1.232080785903949664e-08,1.481749064517830835e-03
5.499131209400710540e-01,1.111801899494844949e-08,1.571870265467596424e-03
5.510085654040951519e-01,1.003017029305867005e-08,1.661371454433437089e-03
5.521040098681191388e-01,9.046248996462205135e-09,1.749416975422781340e-03
5.531994543321432367e-01,8.156663975991122704e-09,1.835197666114097475e-03
5.542948987961672236e-01,7.352751996597692905e-09,1.917904178165198963e-03
5.553903432601913215e-01,6.626153965691150035e-09,1.996589972155375300e-03
5.564857877242154194e-01,5.969784773199057726e-09,2.070441123788608392e-03
5.575812321882394063e-01,5.377066307297286843e-09,2.138632432454166780e-03
5.586766766522633931e-01,4.842016494473307628e-09,2.200376126389132648e-03
5.597721211162874910e-01,4.358843051327704246e-09,2.254754509123926484e-03
5.608675655803115889e-01,3.923045036899114375e-09,2.301286780411195779e-03
5.619630100443355758e-01,3.529786548937972270e-09,2.339173289227421040e-03
5.630584545083595627e-01,3.175080477807715186e-09,2.367924219373878855e-03
5.641538989723837716e-01,2.855339384624794841e-09,2.387198391421937061e-03
5.652493434364077585e-01,2.567066582715045384e-09,2.396573308014383463e-03
5.663447879004317453e-01,2.307339811468463340e-09,2.395962519707955669e-03
5.674402323644558432e-01,2.073355688265031673e-09,2.385265290013195878e-03
5.685356768284799411e-01,1.862494519651890263e-09,2.364393762431955467e-03
5.696311212925039280e-01,1.672723783806420352e-09,2.333817771446499312e-03
5.707265657565279149e-01,1.501927858979393524e-09,2.293795290163036776e-03
5.718220102205520128e-01,1.348098147999555255e-09,2.244524881378571601e-03
5.729174546845761107e-01,1.209759601225714416e-09,2.186874085421671582e-03
5.740128991486000976e-01,1.085316470704015201e-09,2.121377052889234470e-03
5.751083436126241955e-01,9.735208316362705169e-10,2.049035682686877781e-03
5.762037880766481823e-01,8.729202296379564995e-10,1.970240424025691568e-03
5.772992325406721692e-01,7.824131450141577540e-10,1.885866260496207652e-03
5.783946770046962671e-01,7.199378589823169811e-10,1.845364517304706612e-03
5.794901214687203650e-01,7.202409935391018169e-10,1.955027472201483017e-03
5.805855659327443519e-01,7.205438661484371178e-10,2.062493058576084400e-03
5.816810103967683387e-01,7.208464724674519939e-10,2.166682560511912128e-03
5.827764548607925477e-01,7.211488082242428956e-10,2.266501495282979752e-03
5.838718993248165345e-01,7.214508692169613367e-10,2.360858584774753761e-03
5.849673437888405214e-01,7.217526513129100964e-10,2.448685638906092886e-03
5.860627882528646193e-01,7.220541504476521387e-10,2.528957861605800675e-03
5.871582327168887172e-01,7.223553626241304923e-10,2.600714022846725443e-03
5.882536771809127041e-01,7.226562839117978500e-10,2.663075939099831743e-03
5.893491216449366910e-01,7.229569104457631248e-10,2.715266710193947088e-03
5.904445661089607889e-01,7.232572384259396609e-10,2.756627155822373876e-03
5.915400105729848867e-01,7.235572641162129865e-10,2.786629981005070682e-03
5.926354550370088736e-01,7.238569838436139434e-10,2.804891204494608641e-03
5.937308995010329715e-01,7.241563939975033970e-10,2.811178525256096111e-03
5.948263439650569584e-01,7.244554910287701817e-10,2.805416349505532835e-03
5.959217884290810563e-01,7.247542714490336981e-10,2.787687322783030403e-03
5.970172328931050432e-01,7.250527318298619180e-10,2.758230336282486636e-03
5.981126773571291411e-01,7.253508688019972457e-10,2.717435052158433204e-03
5.992081218211531279e-01,7.256486790545911703e-10,2.665833150811805583e-03
6.003035662851772258e-01,7.259461593344503929e-10,2.604086566099733310e-03
6.013990107492013237e-01,7.262433064452911241e-10,2.532973078142526733e-03
6.024944552132253106e-01,7.265401172470049606e-10,2.453369718636072908e-03
6.035898996772492975e-01,7.268365886549305532e-10,2.366234493529037995e-03
6.046853441412733954e-01,7.271327176391371643e-10,2.272586958403603058e-03
6.057807886052974933e-01,7.274285012237181532e-10,2.173488212488725296e-03
6.068762330693214802e-01,7.277239364860910771e-10,2.070020872636720802e-03
6.079716775333454670e-01,7.280190205563049276e-10,1.963269560584152140e-03
6.090671219973695649e-01,7.283137506163634971e-10,1.854302401784033291e-03
6.101625664613936628e-01,7.286081238995481245e-10,1.744153986487827429e-03
6.112580109254176497e-01,7.289021376897549168e-10,1.633810173547500452e-03
6.123534553894417476e-01,7.291957893208398288e-10,1.524195059184721250e-03
6.134488998534657345e-01,7.294890761759696367e-10,1.416160349718378897e-03
6.145443443174898324e-01,7.297819956869818034e-10,1.310477332786065844e-03
6.156397887815138192e-01,7.300745453337540636e-10,1.207831574126256658e-03
6.167352332455379171e-01,7.303667226435811435e-10,1.108820435938902543e-03
6.178306777095619040e-01,7.306585251905567530e-10,1.013953512405307801e-03
6.189261221735860019e-01,7.309499505949688135e-10,9.236561043827814111e-04
6.200215666376100998e-01,7.312409965226971671e-10,8.382759382739119955e-04
6.211170111016340867e-01,7.315316606846195574e-10,7.580934865433846225e-04
6.222124555656580736e-01,7.318219408360302250e-10,6.833364690419385266e-04
6.233079000296821714e-01,7.321118347760569519e-10,6.141994159513718219e-04
6.244033444937062693e-01,7.324013403470946497e-10,5.508694764218122122e-04
6.254987889577302562e-01,7.326904554342392575e-10,4.935597405963520080e-04
6.265942334217542431e-01,7.329791779647310500e-10,4.425506192930153031e-04
6.276896778857784520e-01,7.332675059074073535e-10,3.982369680827956763e-04
6.287851223498024389e-01,7.335554372721570206e-10,3.611714023148938847e-04
6.298805668138264258e-01,7.338429701093866918e-10,3.320807560306425553e-04
6.309760112778505237e-01,7.341301025094904694e-10,3.118174893147900614e-04
6.320714557418745105e-01,7.344168326023275530e-10,3.012134000739254223e-04
6.331669002058986084e-01,7.347031585567070092e-10,3.008635629521562546e-04
6.342623446699225953e-01,7.349890785798776080e-10,3.109670696653178863e-04
6.353577891339466932e-01,7.352745909170237599e-10,3.313676169926862178e-04
6.364532335979706801e-01,7.355596938507695172e-10,3.617987209409079187e-04
6.375486780619947780e-01,7.358443857006884700e-10,4.021956633239379803e-04
6.386441225260188759e-01,7.361286648228188112e-10,4.529498450385366121e-04
6.397395669900428627e-01,7.364125296091823312e-10,5.150871781305981726e-04
6.408350114540668496e-01,7.366959784873170607e-10,5.904236160515866647e-04
6.419304559180909475e-01,7.369790099198046405e-10,6.817660158964883267e-04
6.430259003821150454e-01,7.372616224038141314e-10,7.932219821604351078e-04
6.441213448461390323e-01,7.375438144706446864e-10,9.306841161417422556e-04
6.452167893101630192e-01,7.378255846852759787e-10,1.102568755501615646e-03
6.463122337741872281e-01,7.381069316459255560e-10,1.320915958423102580e-03
6.474076782382112150e-01,7.383878539836097112e-10,1.602995445308977264e-03
6.485031227022352018e-01,7.386683503617093163e-10,1.973615541453059650e-03
6.495985671662591887e-01,7.389484194755464088e-10,2.468409176929262441e-03
6.506940116302833976e-01,7.392280600519572637e-10,3.138493227488195828e-03
6.517894560943073845e-01,7.395072708488780786e-10,4.057095154154544310e-03
6.528849005583313714e-01,7.397860506549334523e-10,5.329049358272771458e-03
6.539803450223554693e-01,7.400643982890274466e-10,7.104523801780571364e-03
6.550757894863795672e-01,7.403423125999450926e-10,9.598999213552457388e-03
6.561712339504035540e-01,7.406197924659532755e-10,1.312248173725392292e-02
6.572666784144276519e-01,7.408968367944108229e-10,1.812234329977362515e-02
6.583621228784516388e-01,7.411734445213799363e-10,2.524629860212076679e-02
6.594575673424756257e-01,7.414496146112458951e-10,3.543521082536005978e-02
6.605530118064997236e-01,0.000000000000000000e+00,0.000000000000000000e+00
6.616484562705238215e-01,0.000000000000000000e+00,0.000000000000000000e+00
6.627439007345478084e-01,0.000000000000000000e+00,0.000000000000000000e+00
6.638393451985717952e-01,0.000000000000000000e+00,0.000000000000000000e+00
6.649347896625960042e-01,0.000000000000000000e+00,0.000000000000000000e+00
6.660302341266199910e-01,0.000000000000000000e+00,0.000000000000000000e+00
6.671256785906439779e-01,0.000000000000000000e+00,0.000000000000000000e+00
6.682211230546679648e-01,0.000000000000000000e+00,0.000000000000000000e+00
6.693165675186921737e-01,0.000000000000000000e+00,0.000000000000000000e+00
6.704120119827161606e-01,0.000000000000000000e+00,0.000000000000000000e+00
6.715074564467401474e-01,0.000000000000000000e+00,0.000000000000000000e+00
6.726029009107642453e-01,0.000000000000000000e+00,0.000000000000000000e+00
6.736983453747883432e-01,0.000000000000000000e+00,0.000000000000000000e+00
6.747937898388123301e-01,0.000000000000000000e+00,0.000000000000000000e+00
6.758892343028363170e-01,0.000000000000000000e+00,0.000000000000000000e+00
6.769846787668604149e-01,0.000000000000000000e+00,0.000000000000000000e+00
6.780801232308845128e-01,0.000000000000000000e+00,0.000000000000000000e+00
6.791755676949084997e-01,0.000000000000000000e+00,0.000000000000000000e+00
6.802710121589325976e-01,0.000000000000000000e+00,0.000000000000000000e+00
6.813664566229565844e-01,0.000000000000000000e+00,0.000000000000000000e+00
6.824619010869806823e-01,0.000000000000000000e+00,0.000000000000000000e+00
6.835573455510046692e-01,0.000000000000000000e+00,0.000000000000000000e+00
6.846527900150287671e-01,0.000000000000000000e+00,0.000000000000000000e+00
6.857482344790527540e-01,0.000000000000000000e+00,0.000000000000000000e+00
6.868436789430767409e-01,0.000000000000000000e+00,0.000000000000000000e+00
6.879391234071009498e-01,0.000000000000000000e+00,0.000000000000000000e+00
6.890345678711249366e-01,0.000000000000000000e+00,0.000000000000000000e+00
6.901300123351489235e-01,0.000000000000000000e+00,0.000000000000000000e+00
6.912254567991730214e-01,0.000000000000000000e+00,0.000000000000000000e+00
6.923209012631971193e-01,0.000000000000000000e+00,0.000000000000000000e+00
6.934163457272211062e-01,0.000000000000000000e+00,0.000000000000000000e+00
6.945117901912450931e-01,0.000000000000000000e+00,0.000000000000000000e+00
6.956072346552691910e-01,0.000000000000000000e+00,0.000000000000000000e+00
6.967026791192932889e-01,0.000000000000000000e+00,0.000000000000000000e+00
6.977981235833172757e-01,0.000000000000000000e+00,0.000000000000000000e+00
6.988935680473413736e-01,0.000000000000000000e+00,0.000000000000000000e+00
6.999890125113653605e-01,0.000000000000000000e+00,0.000000000000000000e+00
7.010844569753894584e-01,0.000000000000000000e+00,0.000000000000000000e+00
7.021799014394134453e-01,0.000000000000000000e+00,0.000000000000000000e+00
7.032753459034375432e-01,0.000000000000000000e+00,0.000000000000000000e+00
7.043707903674615300e-01,0.000000000000000000e+00,0.000000000000000000e+00
7.054662348314856279e-01,0.000000000000000000e+00,0.000000000000000000e+00
7.065616792955097258e-01,0.000000000000000000e+00,0.000000000000000000e+00
7.076571237595337127e-01,0.000000000000000000e+00,0.000000000000000000e+00
7.087525682235576996e-01,0.000000000000000000e+00,0.000000000000000000e+00
7.098480126875817975e-01,0.000000000000000000e+00,0.000000000000000000e+00
7.109434571516058954e-01,0.000000000000000000e+00,0.000000000000000000e+00
7.120389016156298823e-01,0.000000000000000000e+00,0.000000000000000000e+00
7.131343460796538691e-01,0.000000000000000000e+00,0.000000000000000000e+00
7.142297905436779670e-01,0.000000000000000000e+00,0.000000000000000000e+00
7.153252350077020649e-01,0.000000000000000000e+00,0.000000000000000000e+00
7.164206794717260518e-01,0.000000000000000000e+00,0.000000000000000000e+00
7.175161239357501497e-01,0.000000000000000000e+00,0.000000000000000000e+00
7.186115683997741366e-01,0.000000000000000000e+00,0.000000000000000000e+00
7.197070128637982345e-01,0.000000000000000000e+00,0.000000000000000000e+00
7.208024573278222213e-01,0.000000000000000000e+00,0.000000000000000000e+00
7.218979017918463192e-01,0.000000000000000000e+00,0.000000000000000000e+00
7.229933462558703061e-01,0.000000000000000000e+00,0.000000000000000000e+00
7.240887907198944040e-01,0.000000000000000000e+00,0.000000000000000000e+00
7.251842351839185019e-01,0.000000000000000000e+00,0.000000000000000000e+00
7.262796796479424888e-01,0.000000000000000000e+00,0.000000000000000000e+00
7.273751241119664757e-01,0.000000000000000000e+00,0.000000000000000000e+00
7.284705685759905736e-01,0.000000000000000000e+00,0.000000000000000000e+00
7.295660130400146715e-01,0.000000000000000000e+00,0.000000000000000000e+00
7.306614575040386583e-01,0.000000000000000000e+00,0.000000000000000000e+00
7.317569019680626452e-01,0.000000000000000000e+00,0.000000000000000000e+00
7.328523464320868541e-01,0.000000000000000000e+00,0.000000000000000000e+00
7.339477908961108410e-01,0.000000000000000000e+00,0.000000000000000000e+00
7.350432353601348279e-01,0.000000000000000000e+00,0.000000000000000000e+00
7.361386798241589258e-01,0.000000000000000000e+00,0.000000000000000000e+00
7.372341242881830237e-01,0.000000000000000000e+00,0.000000000000000000e+00
7.383295687522070105e-01,0.000000000000000000e+00,0.000000000000000000e+00
7.394250132162309974e-01,0.000000000000000000e+00,0.000000000000000000e+00
7.405204576802550953e-01,0.000000000000000000e+00,0.000000000000000000e+00
7.416159021442790822e-01,0.000000000000000000e+00,0.000000000000000000e+00
7.427113466083031801e-01,0.000000000000000000e+00,0.000000000000000000e+00
7.438067910723272780e-01,0.000000000000000000e+00,0.000000000000000000e+00
7.449022355363512649e-01,0.000000000000000000e+00,0.000000000000000000e+00
7.459976800003752517e-01,0.000000000000000000e+00,0.000000000000000000e+00
7.470931244643993496e-01,0.000000000000000000e+00,0.000000000000000000e+00
7.481885689284234475e-01,0.000000000000000000e+00,0.000000000000000000e+00
7.492840133924474344e-01,0.000000000000000000e+00,0.000000000000000000e+00
7.503794578564714213e-01,0.000000000000000000e+00,0.000000000000000000e+00
7.514749023204956302e-01,0.000000000000000000e+00,0.000000000000000000e+00
7.525703467845196171e-01,0.000000000000000000e+00,0.000000000000000000e+00
7.536657912485436039e-01,0.000000000000000000e+00,0.000000000000000000e+00
7.547612357125677018e-01,0.000000000000000000e+00,0.000000000000000000e+00
7.558566801765917997e-01,0.000000000000000000e+00,0.000000000000000000e+00
7.569521246406157866e-01,0.000000000000000000e+00,0.000000000000000000e+00
7.580475691046397735e-01,0.000000000000000000e+00,0.000000000000000000e+00
7.591430135686638714e-01,0.000000000000000000e+00,0.000000000000000000e+00
7.602384580326879693e-01,0.000000000000000000e+00,0.000000000000000000e+00
7.613339024967119562e-01,0.000000000000000000e+00,0.000000000000000000e+00
7.624293469607360541e-01,0.000000000000000000e+00,0.000000000000000000e+00
7.635247914247600409e-01,0.000000000000000000e+00,0.000000000000000000e+00
7.646202358887841388e-01,0.000000000000000000e+00,0.000000000000000000e+00
7.657156803528081257e-01,0.000000000000000000e+00,0.000000000000000000e+00
7.668111248168322236e-01,0.000000000000000000e+00,0.000000000000000000e+00
7.679065692808562105e-01,0.000000000000000000e+00,0.000000000000000000e+00
7.690020137448801973e-01,0.000000000000000000e+00,0.000000000000000000e+00
7.700974582089044063e-01,0.000000000000000000e+00,0.000000000000000000e+00
7.711929026729283931e-01,0.000000000000000000e+00,0.000000000000000000e+00
7.722883471369523800e-01,0.000000000000000000e+00,0.000000000000000000e+00
7.733837916009764779e-01,0.000000000000000000e+00,0.000000000000000000e+00
7.744792360650005758e-01,0.000000000000000000e+00,0.000000000000000000e+00
7.755746805290245627e-01,0.000000000000000000e+00,0.000000000000000000e+00
7.766701249930485496e-01,0.000000000000000000e+00,0.000000000000000000e+00
7.777655694570726475e-01,0.000000000000000000e+00,0.000000000000000000e+00
7.788610139210967453e-01,0.000000000000000000e+00,0.000000000000000000e+00
7.799564583851207322e-01,0.000000000000000000e+00,0.000000000000000000e+00
7.810519028491448301e-01,0.000000000000000000e+00,0.000000000000000000e+00
7.821473473131688170e-01,0.000000000000000000e+00,0.000000000000000000e+00
7.832427917771929149e-01,0.000000000000000000e+00,0.000000000000000000e+00
7.843382362412169018e-01,0.000000000000000000e+00,0.000000000000000000e+00
7.854336807052409997e-01,0.000000000000000000e+00,0.000000000000000000e+00
7.865291251692649865e-01,0.000000000000000000e+00,0.000000000000000000e+00
7.876245696332890844e-01,0.000000000000000000e+00,0.000000000000000000e+00
7.887200140973131823e-01,0.000000000000000000e+00,0.000000000000000000e+00
7.898154585613371692e-01,0.000000000000000000e+00,0.000000000000000000e+00
7.909109030253611561e-01,0.000000000000000000e+00,0.000000000000000000e+00
7.920063474893852540e-01,0.000000000000000000e+00,0.000000000000000000e+00
7.931017919534093519e-01,0.000000000000000000e+00,0.000000000000000000e+00
7.941972364174333388e-01,0.000000000000000000e+00,0.000000000000000000e+00
7.952926808814573256e-01,0.000000000000000000e+00,0.000000000000000000e+00
7.963881253454814235e-01,0.000000000000000000e+00,0.000000000000000000e+00
7.974835698095055214e-01,0.000000000000000000e+00,0.000000000000000000e+00
7.985790142735295083e-01,0.000000000000000000e+00,0.000000000000000000e+00
7.996744587375536062e-01,0.000000000000000000e+00,0.000000000000000000e+00
8.007699032015775931e-01,0.000000000000000000e+00,0.000000000000000000e+00
8.018653476656016910e-01,0.000000000000000000e+00,0.000000000000000000e+00
8.029607921296256778e-01,0.000000000000000000e+00,0.000000000000000000e+00
8.040562365936497757e-01,0.000000000000000000e+00,0.000000000000000000e+00
8.051516810576737626e-01,0.000000000000000000e+00,0.000000000000000000e+00
8.062471255216978605e-01,0.000000000000000000e+00,0.000000000000000000e+00
8.073425699857219584e-01,0.000000000000000000e+00,0.000000000000000000e+00
8.084380144497459453e-01,0.000000000000000000e+00,0.000000000000000000e+00
8.095334589137699322e-01,0.000000000000000000e+00,0.000000000000000000e+00
8.106289033777940300e-01,0.000000000000000000e+00,0.000000000000000000e+00
8.117243478418181279e-01,0.000000000000000000e+00,0.000000000000000000e+00
8.128197923058421148e-01,0.000000000000000000e+00,0.000000000000000000e+00
8.139152367698661017e-01,0.000000000000000000e+00,0.000000000000000000e+00
8.150106812338903106e-01,0.000000000000000000e+00,0.000000000000000000e+00
8.161061256979142975e-01,0.000000000000000000e+00,0.000000000000000000e+00
8.172015701619382844e-01,0.000000000000000000e+00,0.000000000000000000e+00
8.182970146259623823e-01,0.000000000000000000e+00,0.000000000000000000e+00
8.193924590899864802e-01,0.000000000000000000e+00,0.000000000000000000e+00
8.204879035540104670e-01,0.000000000000000000e+00,0.000000000000000000e+00
8.215833480180344539e-01,0.000000000000000000e+00,0.000000000000000000e+00
8.226787924820585518e-01,0.000000000000000000e+00,0.000000000000000000e+00
8.237742369460825387e-01,0.000000000000000000e+00,0.000000000000000000e+00
8.248696814101066366e-01,0.000000000000000000e+00,0.000000000000000000e+00
8.259651258741307345e-01,0.000000000000000000e+00,0.000000000000000000e+00
8.270605703381547213e-01,0.000000000000000000e+00,0.000000000000000000e+00
8.281560148021787082e-01,0.000000000000000000e+00,0.000000000000000000e+00
8.292514592662028061e-01,0.000000000000000000e+00,0.000000000000000000e+00
8.303469037302269040e-01,0.000000000000000000e+00,0.000000000000000000e+00
8.314423481942508909e-01,0.000000000000000000e+00,0.000000000000000000e+00
8.325377926582748778e-01,0.000000000000000000e+00,0.000000000000000000e+00
8.336332371222990867e-01,0.000000000000000000e+00,0.000000000000000000e+00
8.347286815863230736e-01,0.000000000000000000e+00,0.000000000000000000e+00
8.358241260503470604e-01,0.000000000000000000e+00,0.000000000000000000e+00
8.369195705143711583e-01,0.000000000000000000e+00,0.000000000000000000e+00
8.380150149783952562e-01,0.000000000000000000e+00,0.000000000000000000e+00
8.391104594424192431e-01,0.000000000000000000e+00,0.000000000000000000e+00
8.402059039064432300e-01,0.000000000000000000e+00,0.000000000000000000e+00
8.413013483704673279e-01,0.000000000000000000e+00,0.000000000000000000e+00
8.423967928344914258e-01,0.000000000000000000e+00,0.000000000000000000e+00
8.434922372985154126e-01,0.000000000000000000e+00,0.000000000000000000e+00
8.445876817625395105e-01,0.000000000000000000e+00,0.000000000000000000e+00
8.456831262265634974e-01,0.000000000000000000e+00,0.000000000000000000e+00
8.467785706905875953e-01,0.000000000000000000e+00,0.000000000000000000e+00
8.478740151546115822e-01,0.000000000000000000e+00,0.000000000000000000e+00
8.489694596186356801e-01,0.000000000000000000e+00,0.000000000000000000e+00
8.500649040826596670e-01,0.000000000000000000e+00,0.000000000000000000e+00
8.511603485466836538e-01,0.000000000000000000e+00,0.000000000000000000e+00
8.522557930107078628e-01,0.000000000000000000e+00,0.000000000000000000e+00
8.533512374747318496e-01,0.000000000000000000e+00,0.000000000000000000e+00
8.544466819387558365e-01,0.000000000000000000e+00,0.000000000000000000e+00
8.555421264027798234e-01,0.000000000000000000e+00,0.000000000000000000e+00
8.566375708668040323e-01,0.000000000000000000e+00,0.000000000000000000e+00
8.577330153308280192e-01,0.000000000000000000e+00,0.000000000000000000e+00
8.588284597948520060e-01,0.000000000000000000e+00,0.000000000000000000e+00
8.599239042588761039e-01,0.000000000000000000e+00,0.000000000000000000e+00
8.610193487229002018e-01,0.000000000000000000e+00,0.000000000000000000e+00
8.621147931869241887e-01,0.000000000000000000e+00,0.000000000000000000e+00
8.632102376509482866e-01,0.000000000000000000e+00,0.000000000000000000e+00
8.643056821149722735e-01,0.000000000000000000e+00,0.000000000000000000e+00
8.654011265789963714e-01,0.000000000000000000e+00,0.000000000000000000e+00
8.664965710430203583e-01,0.000000000000000000e+00,0.000000000000000000e+00
8.675920155070444562e-01,0.000000000000000000e+00,0.000000000000000000e+00
8.686874599710684430e-01,0.000000000000000000e+00,0.000000000000000000e+00
8.697829044350925409e-01,0.000000000000000000e+00,0.000000000000000000e+00
8.708783488991166388e-01,0.000000000000000000e+00,0.000000000000000000e+00
8.719737933631406257e-01,0.000000000000000000e+00,0.000000000000000000e+00
8.730692378271646126e-01,0.000000000000000000e+00,0.000000000000000000e+00
8.741646822911887105e-01,0.000000000000000000e+00,0.000000000000000000e+00
8.752601267552128084e-01,0.000000000000000000e+00,0.000000000000000000e+00
8.763555712192367952e-01,0.000000000000000000e+00,0.000000000000000000e+00
8.774510156832607821e-01,0.000000000000000000e+00,0.000000000000000000e+00
8.785464601472848800e-01,0.000000000000000000e+00,0.000000000000000000e+00
8.796419046113088669e-01,0.000000000000000000e+00,0.000000000000000000e+00
8.807373490753328538e-01,0.000000000000000000e+00,0.000000000000000000e+00
8.818327935393570627e-01,0.000000000000000000e+00,0.000000000000000000e+00
8.829282380033811606e-01,0.000000000000000000e+00,0.000000000000000000e+00
8.840236824674051475e-01,0.000000000000000000e+00,0.000000000000000000e+00
8.851191269314291343e-01,0.000000000000000000e+00,0.000000000000000000e+00
8.862145713954532322e-01,0.000000000000000000e+00,0.000000000000000000e+00
8.873100158594772191e-01,0.000000000000000000e+00,0.000000000000000000e+00
8.884054603235012060e-01,0.000000000000000000e+00,0.000000000000000000e+00
8.895009047875253039e-01,0.000000000000000000e+00,0.000000000000000000e+00
8.905963492515495128e-01,0.000000000000000000e+00,0.000000000000000000e+00
8.916917937155734997e-01,0.000000000000000000e+00,0.000000000000000000e+00
8.927872381795974865e-01,0.000000000000000000e+00,0.000000000000000000e+00
8.938826826436215844e-01,0.000000000000000000e+00,0.000000000000000000e+00
8.949781271076455713e-01,0.000000000000000000e+00,0.000000000000000000e+00
8.960735715716695582e-01,0.000000000000000000e+00,0.000000000000000000e+00
8.971690160356936561e-01,0.000000000000000000e+00,0.000000000000000000e+00
8.982644604997176430e-01,0.000000000000000000e+00,0.000000000000000000e+00
8.993599049637418519e-01,0.000000000000000000e+00,0.000000000000000000e+00
9.004553494277658388e-01,0.000000000000000000e+00,0.000000000000000000e+00
9.015507938917899367e-01,0.000000000000000000e+00,0.000000000000000000e+00
9.026462383558139235e-01,0.000000000000000000e+00,0.000000000000000000e+00
9.037416828198379104e-01,0.000000000000000000e+00,0.000000000000000000e+00
9.048371272838620083e-01,0.000000000000000000e+00,0.000000000000000000e+00
9.059325717478859952e-01,0.000000000000000000e+00,0.000000000000000000e+00
9.070280162119099820e-01,0.000000000000000000e+00,0.000000000000000000e+00
9.081234606759340799e-01,0.000000000000000000e+00,0.000000000000000000e+00
9.092189051399582889e-01,0.000000000000000000e+00,0.000000000000000000e+00
9.103143496039822757e-01,0.000000000000000000e+00,0.000000000000000000e+00
9.114097940680062626e-01,0.000000000000000000e+00,0.000000000000000000e+00
9.125052385320303605e-01,0.000000000000000000e+00,0.000000000000000000e+00
9.136006829960543474e-01,0.000000000000000000e+00,0.000000000000000000e+00
9.146961274600783343e-01,0.000000000000000000e+00,0.000000000000000000e+00
9.157915719241024322e-01,0.000000000000000000e+00,0.000000000000000000e+00
9.168870163881264190e-01,0.000000000000000000e+00,0.000000000000000000e+00
9.179824608521506280e-01,0.000000000000000000e+00,0.000000000000000000e+00
9.190779053161746148e-01,0.000000000000000000e+00,0.000000000000000000e+00
9.201733497801987127e-01,0.000000000000000000e+00,0.000000000000000000e+00
9.212687942442226996e-01,0.000000000000000000e+00,0.000000000000000000e+00
9.223642387082466865e-01,0.000000000000000000e+00,0.000000000000000000e+00
9.234596831722707844e-01,0.000000000000000000e+00,0.000000000000000000e+00
9.245551276362947712e-01,0.000000000000000000e+00,0.000000000000000000e+00
9.256505721003187581e-01,0.000000000000000000e+00,0.000000000000000000e+00
9.267460165643429670e-01,0.000000000000000000e+00,0.000000000000000000e+00
9.278414610283670649e-01,0.000000000000000000e+00,0.000000000000000000e+00
9.289369054923910518e-01,0.000000000000000000e+00,0.000000000000000000e+00
9.300323499564150387e-01,0.000000000000000000e+00,0.000000000000000000e+00
9.311277944204391366e-01,0.000000000000000000e+00,0.000000000000000000e+00
9.322232388844631235e-01,0.000000000000000000e+00,0.000000000000000000e+00
9.333186833484871103e-01,0.000000000000000000e+00,0.000000000000000000e+00
9.344141278125112082e-01,0.000000000000000000e+00,0.000000000000000000e+00
9.355095722765351951e-01,0.000000000000000000e+00,0.000000000000000000e+00
9.366050167405594040e-01,0.000000000000000000e+00,0.000000000000000000e+00
9.377004612045833909e-01,0.000000000000000000e+00,0.000000000000000000e+00
9.387959056686074888e-01,0.000000000000000000e+00,0.000000000000000000e+00
9.398913501326314757e-01,0.000000000000000000e+00,0.000000000000000000e+00
9.409867945966554625e-01,0.000000000000000000e+00,0.000000000000000000e+00
9.420822390606795604e-01,0.000000000000000000e+00,0.000000000000000000e+00
9.431776835247035473e-01,0.000000000000000000e+00,0.000000000000000000e+00
9.442731279887275342e-01,0.000000000000000000e+00,0.000000000000000000e+00
9.453685724527517431e-01,0.000000000000000000e+00,0.000000000000000000e+00
9.464640169167758410e-01,0.000000000000000000e+00,0.000000000000000000e+00
9.475594613807998279e-01,0.000000000000000000e+00,0.000000000000000000e+00
9.486549058448238148e-01,0.000000000000000000e+00,0.000000000000000000e+00
9.497503503088479127e-01,0.000000000000000000e+00,0.000000000000000000e+00
9.508457947728718995e-01,0.000000000000000000e+00,0.000000000000000000e+00
9.519412392368958864e-01,0.000000000000000000e+00,0.000000000000000000e+00
9.530366837009199843e-01,0.000000000000000000e+00,0.000000000000000000e+00
9.541321281649441932e-01,0.000000000000000000e+00,0.000000000000000000e+00
9.552275726289681801e-01,0.000000000000000000e+00,0.000000000000000000e+00
9.563230170929921670e-01,0.000000000000000000e+00,0.000000000000000000e+00
9.574184615570162649e-01,0.000000000000000000e+00,0.000000000000000000e+00
9.585139060210402517e-01,0.000000000000000000e+00,0.000000000000000000e+00
9.596093504850642386e-01,0.000000000000000000e+00,0.000000000000000000e+00
9.607047949490883365e-01,0.000000000000000000e+00,0.000000000000000000e+00
9.618002394131123234e-01,0.000000000000000000e+00,0.000000000000000000e+00
9.628956838771363103e-01,0.000000000000000000e+00,0.000000000000000000e+00
9.639911283411605192e-01,0.000000000000000000e+00,0.000000000000000000e+00
9.650865728051846171e-01,0.000000000000000000e+00,0.000000000000000000e+00
9.661820172692086039e-01,0.000000000000000000e+00,0.000000000000000000e+00
9.672774617332325908e-01,0.000000000000000000e+00,0.000000000000000000e+00
9.683729061972566887e-01,0.000000000000000000e+00,0.000000000000000000e+00
9.694683506612806756e-01,0.000000000000000000e+00,0.000000000000000000e+00
9.705637951253046625e-01,0.000000000000000000e+00,0.000000000000000000e+00
9.716592395893287604e-01,0.000000000000000000e+00,0.000000000000000000e+00
9.727546840533529693e-01,0.000000000000000000e+00,0.000000000000000000e+00
9.738501285173769562e-01,0.000000000000000000e+00,0.000000000000000000e+00
9.749455729814009430e-01,0.000000000000000000e+00,0.000000000000000000e+00
9.760410174454250409e-01,0.000000000000000000e+00,0.000000000000000000e+00
9.771364619094490278e-01,0.000000000000000000e+00,0.000000000000000000e+00
9.782319063734730147e-01,0.000000000000000000e+00,0.000000000000000000e+00
9.793273508374971126e-01,0.000000000000000000e+00,0.000000000000000000e+00
9.804227953015210995e-01,0.000000000000000000e+00,0.000000000000000000e+00
9.815182397655453084e-01,0.000000000000000000e+00,0.000000000000000000e+00
9.826136842295692952e-01,0.000000000000000000e+00,0.000000000000000000e+00
9.837091286935933931e-01,0.000000000000000000e+00,0.000000000000000000e+00
9.848045731576173800e-01,0.000000000000000000e+00,0.000000000000000000e+00
9.859000176216413669e-01,0.000000000000000000e+00,0.000000000000000000e+00
9.869954620856654648e-01,0.000000000000000000e+00,0.000000000000000000e+00
9.880909065496894517e-01,0.000000000000000000e+00,0.000000000000000000e+00
9.891863510137134385e-01,0.000000000000000000e+00,0.000000000000000000e+00
9.902817954777375364e-01,0.000000000000000000e+00,0.000000000000000000e+00
9.913772399417617454e-01,0.000000000000000000e+00,0.000000000000000000e+00
9.924726844057857322e-01,0.000000000000000000e+00,0.000000000000000000e+00
9.935681288698097191e-01,0.000000000000000000e+00,0.000000000000000000e+00
9.946635733338338170e-01,0.000000000000000000e+00,0.000000000000000000e+00
9.957590177978578039e-01,0.000000000000000000e+00,0.000000000000000000e+00
9.968544622618817908e-01,0.000000000000000000e+00,0.000000000000000000e+00
9.979499067259058886e-01,0.000000000000000000e+00,0.000000000000000000e+00
9.990453511899298755e-01,0.000000000000000000e+00,0.000000000000000000e+00
1.000140795653954084e+00,0.000000000000000000e+00,0.000000000000000000e+00
1.001236240117978182e+00,0.000000000000000000e+00,0.000000000000000000e+00
1.002331684582002058e+00,0.000000000000000000e+00,0.000000000000000000e+00
1.003427129046026156e+00,0.000000000000000000e+00,0.000000000000000000e+00
1.004522573510050254e+00,0.000000000000000000e+00,0.000000000000000000e+00
1.005618017974074130e+00,0.000000000000000000e+00,0.000000000000000000e+00
1.006713462438098228e+00,0.000000000000000000e+00,0.000000000000000000e+00
1.007808906902122326e+00,0.000000000000000000e+00,0.000000000000000000e+00
1.008904351366146424e+00,0.000000000000000000e+00,0.000000000000000000e+00
1.009999795830170521e+00,0.000000000000000000e+00,0.000000000000000000e+00
1.011095240294194397e+00,0.000000000000000000e+00,0.000000000000000000e+00
1.012190684758218495e+00,0.000000000000000000e+00,0.000000000000000000e+00
1.013286129222242593e+00,0.000000000000000000e+00,0.000000000000000000e+00
1.014381573686266469e+00,0.000000000000000000e+00,0.000000000000000000e+00
1.015477018150290567e+00,0.000000000000000000e+00,0.000000000000000000e+00
1.016572462614314665e+00,0.000000000000000000e+00,0.000000000000000000e+00
1.017667907078338541e+00,0.000000000000000000e+00,0.000000000000000000e+00
1.018763351542362861e+00,0.000000000000000000e+00,0.000000000000000000e+00
1.019858796006386958e+00,0.000000000000000000e+00,0.000000000000000000e+00
1.020954240470410834e+00,0.000000000000000000e+00,0.000000000000000000e+00
1.022049684934434932e+00,0.000000000000000000e+00,0.000000000000000000e+00
1.023145129398459030e+00,0.000000000000000000e+00,0.000000000000000000e+00
1.024240573862482906e+00,0.000000000000000000e+00,0.000000000000000000e+00
1.025336018326507004e+00,0.000000000000000000e+00,0.000000000000000000e+00
1.026431462790531102e+00,0.000000000000000000e+00,0.000000000000000000e+00
1.027526907254555200e+00,0.000000000000000000e+00,0.000000000000000000e+00
1.028622351718579297e+00,0.000000000000000000e+00,0.000000000000000000e+00
1.029717796182603173e+00,0.000000000000000000e+00,0.000000000000000000e+00
1.030813240646627271e+00,0.000000000000000000e+00,0.000000000000000000e+00
1.031908685110651369e+00,0.000000000000000000e+00,0.000000000000000000e+00
1.033004129574675245e+00,0.000000000000000000e+00,0.000000000000000000e+00
1.034099574038699343e+00,0.000000000000000000e+00,0.000000000000000000e+00
1.035195018502723441e+00,0.000000000000000000e+00,0.000000000000000000e+00
1.036290462966747539e+00,0.000000000000000000e+00,0.000000000000000000e+00
1.037385907430771637e+00,0.000000000000000000e+00,0.000000000000000000e+00
1.038481351894795734e+00,0.000000000000000000e+00,0.000000000000000000e+00
1.039576796358819610e+00,0.000000000000000000e+00,0.000000000000000000e+00
1.040672240822843708e+00,0.000000000000000000e+00,0.000000000000000000e+00
1.041767685286867806e+00,0.000000000000000000e+00,0.000000000000000000e+00
1.042863129750891682e+00,0.000000000000000000e+00,0.000000000000000000e+00
1.043958574214915780e+00,0.000000000000000000e+00,0.000000000000000000e+00
1.045054018678939878e+00,0.000000000000000000e+00,0.000000000000000000e+00
1.046149463142963976e+00,0.000000000000000000e+00,0.000000000000000000e+00
1.047244907606988074e+00,0.000000000000000000e+00,0.000000000000000000e+00
1.048340352071011949e+00,0.000000000000000000e+00,0.000000000000000000e+00
1.049435796535036047e+00,0.000000000000000000e+00,0.000000000000000000e+00
1.050531240999060145e+00,0.000000000000000000e+00,0.000000000000000000e+00
1.051626685463084021e+00,0.000000000000000000e+00,0.000000000000000000e+00
1.052722129927108119e+00,0.000000000000000000e+00,0.000000000000000000e+00
1.053817574391132217e+00,0.000000000000000000e+00,0.000000000000000000e+00
1.054913018855156315e+00,0.000000000000000000e+00,0.000000000000000000e+00
1.056008463319180413e+00,0.000000000000000000e+00,0.000000000000000000e+00
1.057103907783204511e+00,0.000000000000000000e+00,0.000000000000000000e+00
1.058199352247228386e+00,0.000000000000000000e+00,0.000000000000000000e+00
1.059294796711252484e+00,0.000000000000000000e+00,0.000000000000000000e+00
1.060390241175276582e+00,0.000000000000000000e+00,0.000000000000000000e+00
1.061485685639300458e+00,0.000000000000000000e+00,0.000000000000000000e+00
1.062581130103324556e+00,0.000000000000000000e+00,0.000000000000000000e+00
1.063676574567348654e+00,0.000000000000000000e+00,0.000000000000000000e+00
1.064772019031372752e+00,0.000000000000000000e+00,0.000000000000000000e+00
1.065867463495396850e+00,0.000000000000000000e+00,0.000000000000000000e+00
1.066962907959420725e+00,0.000000000000000000e+00,0.000000000000000000e+00
1.068058352423444823e+00,0.000000000000000000e+00,0.000000000000000000e+00
1.069153796887468921e+00,0.000000000000000000e+00,0.000000000000000000e+00
1.070249241351492797e+00,0.000000000000000000e+00,0.000000000000000000e+00
1.071344685815516895e+00,0.000000000000000000e+00,0.000000000000000000e+00
1.072440130279540993e+00,0.000000000000000000e+00,0.000000000000000000e+00
1.073535574743565091e+00,0.000000000000000000e+00,0.000000000000000000e+00
1.074631019207589189e+00,0.000000000000000000e+00,0.000000000000000000e+00
1.075726463671613287e+00,0.000000000000000000e+00,0.000000000000000000e+00
1.076821908135637162e+00,0.000000000000000000e+00,0.000000000000000000e+00
1.077917352599661260e+00,0.000000000000000000e+00,0.000000000000000000e+00
1.079012797063685358e+00,0.000000000000000000e+00,0.000000000000000000e+00
1.080108241527709234e+00,0.000000000000000000e+00,0.000000000000000000e+00
1.081203685991733332e+00,0.000000000000000000e+00,0.000000000000000000e+00
1.082299130455757430e+00,0.000000000000000000e+00,0.000000000000000000e+00
1.083394574919781528e+00,0.000000000000000000e+00,0.000000000000000000e+00
1.084490019383805626e+00,0.000000000000000000e+00,0.000000000000000000e+00
1.085585463847829502e+00,0.000000000000000000e+00,0.000000000000000000e+00
1.086680908311853599e+00,0.000000000000000000e+00,0.000000000000000000e+00
1.087776352775877697e+00,0.000000000000000000e+00,0.000000000000000000e+00
1.088871797239901573e+00,0.000000000000000000e+00,0.000000000000000000e+00
1.089967241703925671e+00,0.000000000000000000e+00,0.000000000000000000e+00
1.091062686167949991e+00,0.000000000000000000e+00,0.000000000000000000e+00
1.092158130631973867e+00,0.000000000000000000e+00,0.000000000000000000e+00
1.093253575095997965e+00,0.000000000000000000e+00,0.000000000000000000e+00
1.094349019560022063e+00,0.000000000000000000e+00,0.000000000000000000e+00
1.095444464024045939e+00,0.000000000000000000e+00,0.000000000000000000e+00
1.096539908488070036e+00,0.000000000000000000e+00,0.000000000000000000e+00
1.097635352952094134e+00,0.000000000000000000e+00,0.000000000000000000e+00
1.098730797416118010e+00,0.000000000000000000e+00,0.000000000000000000e+00
1.099826241880142108e+00,0.000000000000000000e+00,0.000000000000000000e+00
1.100921686344166206e+00,0.000000000000000000e+00,0.000000000000000000e+00
1.102017130808190304e+00,0.000000000000000000e+00,0.000000000000000000e+00
1.103112575272214402e+00,0.000000000000000000e+00,0.000000000000000000e+00
1.104208019736238278e+00,0.000000000000000000e+00,0.000000000000000000e+00
1.105303464200262376e+00,0.000000000000000000e+00,0.000000000000000000e+00
1.106398908664286473e+00,0.000000000000000000e+00,0.000000000000000000e+00
1.107494353128310349e+00,0.000000000000000000e+00,0.000000000000000000e+00
1.108589797592334447e+00,0.000000000000000000e+00,0.000000000000000000e+00
1.109685242056358767e+00,0.000000000000000000e+00,0.000000000000000000e+00
1.110780686520382643e+00,0.000000000000000000e+00,0.000000000000000000e+00
1.111876130984406741e+00,0.000000000000000000e+00,0.000000000000000000e+00
1.112971575448430839e+00,0.000000000000000000e+00,0.000000000000000000e+00
1.114067019912454715e+00,0.000000000000000000e+00,0.000000000000000000e+00
1.115162464376478813e+00,0.000000000000000000e+00,0.000000000000000000e+00
1.116257908840502910e+00,0.000000000000000000e+00,0.000000000000000000e+00
1.117353353304526786e+00,0.000000000000000000e+00,0.000000000000000000e+00
1.118448797768551106e+00,0.000000000000000000e+00,0.000000000000000000e+00
1.119544242232574982e+00,0.000000000000000000e+00,0.000000000000000000e+00
1.120639686696599080e+00,0.000000000000000000e+00,0.000000000000000000e+00
1.121735131160623178e+00,0.000000000000000000e+00,0.000000000000000000e+00
1.122830575624647054e+00,0.000000000000000000e+00,0.000000000000000000e+00
1.123926020088671152e+00,0.000000000000000000e+00,0.000000000000000000e+00
1.125021464552695249e+00,0.000000000000000000e+00,0.000000000000000000e+00
1.126116909016719125e+00,0.000000000000000000e+00,0.000000000000000000e+00
1.127212353480743223e+00,0.000000000000000000e+00,0.000000000000000000e+00
1.128307797944767543e+00,0.000000000000000000e+00,0.000000000000000000e+00
1.129403242408791419e+00,0.000000000000000000e+00,0.000000000000000000e+00
1.130498686872815517e+00,0.000000000000000000e+00,0.000000000000000000e+00
1.131594131336839615e+00,0.000000000000000000e+00,0.000000000000000000e+00
1.132689575800863491e+00,0.000000000000000000e+00,0.000000000000000000e+00
1.133785020264887589e+00,0.000000000000000000e+00,0.000000000000000000e+00
1.134880464728911686e+00,0.000000000000000000e+00,0.000000000000000000e+00
1.135975909192935562e+00,0.000000000000000000e+00,0.000000000000000000e+00
1.137071353656959882e+00,0.000000000000000000e+00,0.000000000000000000e+00
1.138166798120983758e+00,0.000000000000000000e+00,0.000000000000000000e+00
1.139262242585007856e+00,0.000000000000000000e+00,0.000000000000000000e+00
1.140357687049031954e+00,0.000000000000000000e+00,0.000000000000000000e+00
1.141453131513055830e+00,0.000000000000000000e+00,0.000000000000000000e+00
1.142548575977079928e+00,0.000000000000000000e+00,0.000000000000000000e+00
1.143644020441104026e+00,0.000000000000000000e+00,0.000000000000000000e+00
1.144739464905127901e+00,0.000000000000000000e+00,0.000000000000000000e+00
1.145834909369152221e+00,0.000000000000000000e+00,0.000000000000000000e+00
1.146930353833176319e+00,0.000000000000000000e+00,0.000000000000000000e+00
1.148025798297200195e+00,0.000000000000000000e+00,0.000000000000000000e+00
1.149121242761224293e+00,0.000000000000000000e+00,0.000000000000000000e+00
1.150216687225248391e+00,0.000000000000000000e+00,0.000000000000000000e+00
1.151312131689272267e+00,0.000000000000000000e+00,0.000000000000000000e+00
1.152407576153296365e+00,0.000000000000000000e+00,0.000000000000000000e+00
1.153503020617320463e+00,0.000000000000000000e+00,0.000000000000000000e+00
1.154598465081344338e+00,0.000000000000000000e+00,0.000000000000000000e+00
1.155693909545368658e+00,0.000000000000000000e+00,0.000000000000000000e+00
1.156789354009392534e+00,0.000000000000000000e+00,0.000000000000000000e+00
1.157884798473416632e+00,0.000000000000000000e+00,0.000000000000000000e+00
1.158980242937440730e+00,0.000000000000000000e+00,0.000000000000000000e+00
1.160075687401464606e+00,0.000000000000000000e+00,0.000000000000000000e+00
1.161171131865488704e+00,0.000000000000000000e+00,0.000000000000000000e+00
1.162266576329512802e+00,0.000000000000000000e+00,0.000000000000000000e+00
1.163362020793536677e+00,0.000000000000000000e+00,0.000000000000000000e+00
1.164457465257560997e+00,0.000000000000000000e+00,0.000000000000000000e+00
1.165552909721585095e+00,0.000000000000000000e+00,0.000000000000000000e+00
1.166648354185608971e+00,0.000000000000000000e+00,0.000000000000000000e+00
1.167743798649633069e+00,0.000000000000000000e+00,0.000000000000000000e+00
1.168839243113657167e+00,0.000000000000000000e+00,0.000000000000000000e+00
1.169934687577681043e+00,0.000000000000000000e+00,0.000000000000000000e+00
1.171030132041705141e+00,0.000000000000000000e+00,0.000000000000000000e+00
1.172125576505729239e+00,0.000000000000000000e+00,0.000000000000000000e+00
1.173221020969753337e+00,0.000000000000000000e+00,0.000000000000000000e+00
1.174316465433777434e+00,0.000000000000000000e+00,0.000000000000000000e+00
1.175411909897801310e+00,0.000000000000000000e+00,0.000000000000000000e+00
1.176507354361825408e+00,0.000000000000000000e+00,0.000000000000000000e+00
1.177602798825849506e+00,0.000000000000000000e+00,0.000000000000000000e+00
1.178698243289873382e+00,0.000000000000000000e+00,0.000000000000000000e+00
1.179793687753897480e+00,0.000000000000000000e+00,0.000000000000000000e+00
1.180889132217921578e+00,0.000000000000000000e+00,0.000000000000000000e+00
1.181984576681945454e+00,0.000000000000000000e+00,0.000000000000000000e+00
1.183080021145969773e+00,0.000000000000000000e+00,0.000000000000000000e+00
1.184175465609993871e+00,0.000000000000000000e+00,0.000000000000000000e+00
1.185270910074017747e+00,0.000000000000000000e+00,0.000000000000000000e+00
1.186366354538041845e+00,0.000000000000000000e+00,0.000000000000000000e+00
1.187461799002065943e+00,0.000000000000000000e+00,0.000000000000000000e+00
1.188557243466089819e+00,0.000000000000000000e+00,0.000000000000000000e+00
1.189652687930113917e+00,0.000000000000000000e+00,0.000000000000000000e+00
1.190748132394138015e+00,0.000000000000000000e+00,0.000000000000000000e+00
1.191843576858162113e+00,0.000000000000000000e+00,0.000000000000000000e+00
1.192939021322186210e+00,0.000000000000000000e+00,0.000000000000000000e+00
1.194034465786210086e+00,0.000000000000000000e+00,0.000000000000000000e+00
1.195129910250234184e+00,0.000000000000000000e+00,0.000000000000000000e+00
1.196225354714258282e+00,0.000000000000000000e+00,0.000000000000000000e+00
1.197320799178282158e+00,0.000000000000000000e+00,0.000000000000000000e+00
1.198416243642306256e+00,0.000000000000000000e+00,0.000000000000000000e+00
1.199511688106330354e+00,0.000000000000000000e+00,0.000000000000000000e+00
1.200607132570354452e+00,0.000000000000000000e+00,0.000000000000000000e+00
1.201702577034378550e+00,0.000000000000000000e+00,0.000000000000000000e+00
1.202798021498402647e+00,0.000000000000000000e+00,0.000000000000000000e+00
1.203893465962426523e+00,0.000000000000000000e+00,0.000000000000000000e+00
1.204988910426450621e+00,0.000000000000000000e+00,0.000000000000000000e+00
1.206084354890474719e+00,0.000000000000000000e+00,0.000000000000000000e+00
1.207179799354498595e+00,0.000000000000000000e+00,0.000000000000000000e+00
1.208275243818522693e+00,0.000000000000000000e+00,0.000000000000000000e+00
1.209370688282546791e+00,0.000000000000000000e+00,0.000000000000000000e+00
1.210466132746570889e+00,0.000000000000000000e+00,0.000000000000000000e+00
1.211561577210594987e+00,0.000000000000000000e+00,0.000000000000000000e+00
1.212657021674618862e+00,0.000000000000000000e+00,0.000000000000000000e+00
1.213752466138642960e+00,0.000000000000000000e+00,0.000000000000000000e+00
1.214847910602667058e+00,0.000000000000000000e+00,0.000000000000000000e+00
1.215943355066690934e+00,0.000000000000000000e+00,0.000000000000000000e+00
1.217038799530715032e+00,0.000000000000000000e+00,0.000000000000000000e+00
1.218134243994739130e+00,0.000000000000000000e+00,0.000000000000000000e+00
1.219229688458763228e+00,0.000000000000000000e+00,0.000000000000000000e+00
1.220325132922787326e+00,0.000000000000000000e+00,0.000000000000000000e+00
1.221420577386811424e+00,0.000000000000000000e+00,0.000000000000000000e+00
1.222516021850835299e+00,0.000000000000000000e+00,0.000000000000000000e+00
1.223611466314859397e+00,0.000000000000000000e+00,0.000000000000000000e+00
1.224706910778883495e+00,0.000000000000000000e+00,0.000000000000000000e+00
1.225802355242907371e+00,0.000000000000000000e+00,0.000000000000000000e+00
1.226897799706931469e+00,0.000000000000000000e+00,0.000000000000000000e+00
1.227993244170955567e+00,0.000000000000000000e+00,0.000000000000000000e+00
1.229088688634979665e+00,0.000000000000000000e+00,0.000000000000000000e+00
1.230184133099003763e+00,0.000000000000000000e+00,0.000000000000000000e+00
1.231279577563027638e+00,0.000000000000000000e+00,0.000000000000000000e+00
1.232375022027051736e+00,0.000000000000000000e+00,0.000000000000000000e+00
1.233470466491075834e+00,0.000000000000000000e+00,0.000000000000000000e+00
1.234565910955099710e+00,0.000000000000000000e+00,0.000000000000000000e+00
1.235661355419123808e+00,0.000000000000000000e+00,0.000000000000000000e+00
1.236756799883147906e+00,0.000000000000000000e+00,0.000000000000000000e+00
1.237852244347172004e+00,0.000000000000000000e+00,0.000000000000000000e+00
1.238947688811196102e+00,0.000000000000000000e+00,0.000000000000000000e+00
1.240043133275220200e+00,0.000000000000000000e+00,0.000000000000000000e+00
1.241138577739244075e+00,0.000000000000000000e+00,0.000000000000000000e+00
1.242234022203268173e+00,0.000000000000000000e+00,0.000000000000000000e+00
1.243329466667292271e+00,0.000000000000000000e+00,0.000000000000000000e+00
1.244424911131316147e+00,0.000000000000000000e+00,0.000000000000000000e+00
1.245520355595340245e+00,0.000000000000000000e+00,0.000000000000000000e+00
1.246615800059364343e+00,0.000000000000000000e+00,0.000000000000000000e+00
1.247711244523388441e+00,0.000000000000000000e+00,0.000000000000000000e+00
1.248806688987412539e+00,0.000000000000000000e+00,0.000000000000000000e+00
1.249902133451436415e+00,0.000000000000000000e+00,0.000000000000000000e+00
1.250997577915460512e+00,0.000000000000000000e+00,0.000000000000000000e+00
1.252093022379484610e+00,0.000000000000000000e+00,0.000000000000000000e+00
1.253188466843508486e+00,0.000000000000000000e+00,0.000000000000000000e+00
1.254283911307532584e+00,0.000000000000000000e+00,0.000000000000000000e+00
1.255379355771556904e+00,0.000000000000000000e+00,0.000000000000000000e+00
1.256474800235580780e+00,0.000000000000000000e+00,0.000000000000000000e+00
1.257570244699604878e+00,0.000000000000000000e+00,0.000000000000000000e+00
1.258665689163628976e+00,0.000000000000000000e+00,0.000000000000000000e+00
1.259761133627652852e+00,0.000000000000000000e+00,0.000000000000000000e+00
1.260856578091676949e+00,0.000000000000000000e+00,0.000000000000000000e+00
1.261952022555701047e+00,0.000000000000000000e+00,0.000000000000000000e+00
1.263047467019724923e+00,0.000000000000000000e+00,0.000000000000000000e+00
1.264142911483749021e+00,0.000000000000000000e+00,0.000000000000000000e+00
1.265238355947773119e+00,0.000000000000000000e+00,0.000000000000000000e+00
1.266333800411797217e+00,0.000000000000000000e+00,0.000000000000000000e+00
1.267429244875821315e+00,0.000000000000000000e+00,0.000000000000000000e+00
1.268524689339845191e+00,0.000000000000000000e+00,0.000000000000000000e+00
1.269620133803869289e+00,0.000000000000000000e+00,0.000000000000000000e+00
1.270715578267893386e+00,0.000000000000000000e+00,0.000000000000000000e+00
1.271811022731917262e+00,0.000000000000000000e+00,0.000000000000000000e+00
1.272906467195941360e+00,0.000000000000000000e+00,0.000000000000000000e+00
1.274001911659965680e+00,0.000000000000000000e+00,0.000000000000000000e+00
1.275097356123989556e+00,0.000000000000000000e+00,0.000000000000000000e+00
1.276192800588013654e+00,0.000000000000000000e+00,0.000000000000000000e+00
1.277288245052037752e+00,0.000000000000000000e+00,0.000000000000000000e+00
1.278383689516061628e+00,0.000000000000000000e+00,0.000000000000000000e+00
1.279479133980085725e+00,0.000000000000000000e+00,0.000000000000000000e+00
1.280574578444109823e+00,0.000000000000000000e+00,0.000000000000000000e+00
1.281670022908133699e+00,0.000000000000000000e+00,0.000000000000000000e+00
1.282765467372158019e+00,0.000000000000000000e+00,0.000000000000000000e+00
1.283860911836181895e+00,0.000000000000000000e+00,0.000000000000000000e+00
1.284956356300205993e+00,0.000000000000000000e+00,0.000000000000000000e+00
1.286051800764230091e+00,0.000000000000000000e+00,0.000000000000000000e+00
1.287147245228253967e+00,0.000000000000000000e+00,0.000000000000000000e+00
1.288242689692278065e+00,0.000000000000000000e+00,0.000000000000000000e+00
1.289338134156302162e+00,0.000000000000000000e+00,0.000000000000000000e+00
1.290433578620326038e+00,0.000000000000000000e+00,0.000000000000000000e+00
1.291529023084350136e+00,0.000000000000000000e+00,0.000000000000000000e+00
1.292624467548374456e+00,0.000000000000000000e+00,0.000000000000000000e+00
1.293719912012398332e+00,0.000000000000000000e+00,0.000000000000000000e+00
1.294815356476422430e+00,0.000000000000000000e+00,0.000000000000000000e+00
1.295910800940446528e+00,0.000000000000000000e+00,0.000000000000000000e+00
1.297006245404470404e+00,0.000000000000000000e+00,0.000000000000000000e+00
1.298101689868494502e+00,0.000000000000000000e+00,0.000000000000000000e+00
1.299197134332518377e+00,0.000000000000000000e+00,0.000000000000000000e+00
1.300292578796542475e+00,0.000000000000000000e+00,0.000000000000000000e+00
1.301388023260566795e+00,0.000000000000000000e+00,0.000000000000000000e+00
1.302483467724590671e+00,0.000000000000000000e+00,0.000000000000000000e+00
1.303578912188614769e+00,0.000000000000000000e+00,0.000000000000000000e+00
1.304674356652638867e+00,0.000000000000000000e+00,0.000000000000000000e+00
1.305769801116662743e+00,0.000000000000000000e+00,0.000000000000000000e+00
1.306865245580686841e+00,0.000000000000000000e+00,0.000000000000000000e+00
1.307960690044710939e+00,0.000000000000000000e+00,0.000000000000000000e+00
1.309056134508734814e+00,0.000000000000000000e+00,0.000000000000000000e+00
1.310151578972759134e+00,0.000000000000000000e+00,0.000000000000000000e+00
1.311247023436783232e+00,0.000000000000000000e+00,0.000000000000000000e+00
1.312342467900807108e+00,0.000000000000000000e+00,0.000000000000000000e+00
1.313437912364831206e+00,0.000000000000000000e+00,0.000000000000000000e+00
1.314533356828855304e+00,0.000000000000000000e+00,0.000000000000000000e+00
1.315628801292879180e+00,0.000000000000000000e+00,0.000000000000000000e+00
1.316724245756903278e+00,0.000000000000000000e+00,0.000000000000000000e+00
1.317819690220927153e+00,0.000000000000000000e+00,0.000000000000000000e+00
1.318915134684951251e+00,0.000000000000000000e+00,0.000000000000000000e+00
1.320010579148975571e+00,0.000000000000000000e+00,0.000000000000000000e+00
1.321106023612999447e+00,0.000000000000000000e+00,0.000000000000000000e+00
1.322201468077023545e+00,0.000000000000000000e+00,0.000000000000000000e+00
1.323296912541047643e+00,0.000000000000000000e+00,0.000000000000000000e+00
1.324392357005071519e+00,0.000000000000000000e+00,0.000000000000000000e+00
1.325487801469095617e+00,0.000000000000000000e+00,0.000000000000000000e+00
1.326583245933119715e+00,0.000000000000000000e+00,0.000000000000000000e+00
1.327678690397143590e+00,0.000000000000000000e+00,0.000000000000000000e+00
1.328774134861167910e+00,0.000000000000000000e+00,0.000000000000000000e+00
1.329869579325192008e+00,0.000000000000000000e+00,0.000000000000000000e+00
1.330965023789215884e+00,0.000000000000000000e+00,0.000000000000000000e+00
1.332060468253239982e+00,0.000000000000000000e+00,0.000000000000000000e+00
1.333155912717263858e+00,0.000000000000000000e+00,0.000000000000000000e+00
1.334251357181287956e+00,0.000000000000000000e+00,0.000000000000000000e+00
1.335346801645312054e+00,0.000000000000000000e+00,0.000000000000000000e+00
1.336442246109335930e+00,0.000000000000000000e+00,0.000000000000000000e+00
1.337537690573360250e+00,0.000000000000000000e+00,0.000000000000000000e+00
1.338633135037384347e+00,0.000000000000000000e+00,0.000000000000000000e+00
1.339728579501408223e+00,0.000000000000000000e+00,0.000000000000000000e+00
1.340824023965432321e+00,0.000000000000000000e+00,0.000000000000000000e+00
1.341919468429456419e+00,0.000000000000000000e+00,0.000000000000000000e+00
1.343014912893480295e+00,0.000000000000000000e+00,0.000000000000000000e+00
1.344110357357504393e+00,0.000000000000000000e+00,0.000000000000000000e+00
1.345205801821528491e+00,0.000000000000000000e+00,0.000000000000000000e+00
1.346301246285552367e+00,0.000000000000000000e+00,0.000000000000000000e+00
1.347396690749576686e+00,0.000000000000000000e+00,0.000000000000000000e+00
1.348492135213600562e+00,0.000000000000000000e+00,0.000000000000000000e+00
1.349587579677624660e+00,0.000000000000000000e+00,0.000000000000000000e+00
1.350683024141648758e+00,0.000000000000000000e+00,0.000000000000000000e+00
1.351778468605672634e+00,0.000000000000000000e+00,0.000000000000000000e+00
1.352873913069696732e+00,0.000000000000000000e+00,0.000000000000000000e+00
1.353969357533720830e+00,0.000000000000000000e+00,0.000000000000000000e+00
1.355064801997744706e+00,0.000000000000000000e+00,0.000000000000000000e+00
1.356160246461769026e+00,0.000000000000000000e+00,0.000000000000000000e+00
1.357255690925793123e+00,0.000000000000000000e+00,0.000000000000000000e+00
1.358351135389816999e+00,0.000000000000000000e+00,0.000000000000000000e+00
1.359446579853841097e+00,0.000000000000000000e+00,0.000000000000000000e+00
1.360542024317865195e+00,0.000000000000000000e+00,0.000000000000000000e+00
1.361637468781889071e+00,0.000000000000000000e+00,0.000000000000000000e+00
1.362732913245913169e+00,0.000000000000000000e+00,0.000000000000000000e+00
1.363828357709937267e+00,0.000000000000000000e+00,0.000000000000000000e+00
1.364923802173961365e+00,0.000000000000000000e+00,0.000000000000000000e+00
1.366019246637985463e+00,0.000000000000000000e+00,0.000000000000000000e+00
1.367114691102009338e+00,0.000000000000000000e+00,0.000000000000000000e+00
1.368210135566033436e+00,0.000000000000000000e+00,0.000000000000000000e+00
1.369305580030057534e+00,0.000000000000000000e+00,0.000000000000000000e+00
