# omega(Hartree) S(1/Hartree) dS(1/Hartree)
1.095444464024046072e-03,9.743485041581193551e-01,2.094403725805636718e+00
2.190888928048092144e-03,9.902317520734691403e-01,1.658865051169151617e+00
3.286333392072138000e-03,1.007406788349770155e+00,1.195142151066560965e+00
4.381777856096184288e-03,1.025837104075923323e+00,8.025336506760402111e-01
5.477222320120230144e-03,1.045489502017390437e+00,5.303685901541635994e-01
6.572666784144275999e-03,1.066333509507505051e+00,3.809356025619197728e-01
7.668111248168322722e-03,1.088340867710546611e+00,3.181849398500012915e-01
8.763555712192368577e-03,1.111485086701045066e+00,2.952609068878169762e-01
9.859000176216414432e-03,1.135741057580917923e+00,2.857038261868670159e-01
1.095444464024046029e-02,1.161084714309897681e+00,2.818857355170714118e-01
1.204988910426450614e-02,1.187492739112885554e+00,2.827268238503570785e-01
1.314533356828855200e-02,1.214942306303275599e+00,2.878476137891521902e-01
1.424077803231259785e-02,1.243410860159661846e+00,2.963714273460419379e-01
1.533622249633664544e-02,1.272875923150388777e+00,3.071845702018513036e-01
1.643166696036068783e-02,1.303314931339360383e+00,3.192944062224160606e-01
1.752711142438473715e-02,1.334705094249104995e+00,3.319786687704648354e-01
1.862255588840878301e-02,1.367023276821566435e+00,3.447810217313968528e-01
1.971800035243282886e-02,1.400245901415231087e+00,3.574478178789046723e-01
2.081344481645687472e-02,1.434348868023161749e+00,3.698600619355962849e-01
2.190888928048092057e-02,1.469307491097710416e+00,3.819800023449239079e-01
2.300433374450496643e-02,1.505096451533422641e+00,3.938142762116811357e-01
2.409977820852901229e-02,1.541689762495678906e+00,4.053906369724633585e-01
2.519522267255305814e-02,1.579060747894816652e+00,4.167441871209554560e-01
2.629066713657710400e-02,1.617182032398291502e+00,4.279096859444054268e-01
2.738611160060114985e-02,1.656025541950584934e+00,4.389176957065760720e-01
2.848155606462519571e-02,1.695562513835469298e+00,4.497928280416089719e-01
2.957700052864924503e-02,1.735763515369684429e+00,4.605533540465973630e-01
3.067244499267329089e-02,1.776598470365284843e+00,4.712113073360550408e-01
3.176788945669733327e-02,1.818036692538590904e+00,4.817729632837474685e-01
3.286333392072137566e-02,1.860046925081252356e+00,4.922393080518914221e-01
3.395877838474542498e-02,1.902597385643277850e+00,5.026065748488320883e-01
3.505422284876947431e-02,1.945655816009449479e+00,5.128666346885790706e-01
3.614966731279351669e-02,1.989189535781474394e+00,5.230073028700223947e-01
3.724511177681756602e-02,2.033165499408066790e+00,5.330125236412089906e-01
3.834055624084160840e-02,2.077550355934820736e+00,5.428624742280632187e-01
3.943600070486565773e-02,2.122310510875459855e+00,5.525335378927399566e-01
4.053144516888970011e-02,2.167412189635909758e+00,5.619981881455436978e-01
4.162688963291374944e-02,2.212821501953259329e+00,5.712248027783669579e-01
4.272233409693779183e-02,2.258504506842396342e+00,5.801773935657554837e-01
4.381777856096184115e-02,2.304427277574714328e+00,5.888153223041662221e-01
4.491322302498588354e-02,2.350555966244796569e+00,5.970929936447695319e-01
4.600866748900993286e-02,2.396856867513231570e+00,6.049596216935433368e-01
4.710411195303397525e-02,2.443296481146953081e+00,6.123591321937637000e-01
4.819955641705802457e-02,2.489841573009500486e+00,6.192303296675268909e-01
4.929500088108207390e-02,2.536459234187378620e+00,6.255074652746961394e-01
5.039044534510611628e-02,2.583116937970418636e+00,6.311214501192045079e-01
5.148588980913015867e-02,2.629782594436113285e+00,6.360019543533497188e-01
5.258133427315420799e-02,2.676424602418742360e+00,6.400807397941508103e-01
5.367677873717825038e-02,2.723011898675402165e+00,6.432965765440784578e-01
5.477222320120229970e-02,2.769514004090478654e+00,6.456021476462636688e-01
5.586766766522634903e-02,2.815901066788727647e+00,6.469732765898399407e-01
5.696311212925039141e-02,2.862143902054855360e+00,6.474205979324951787e-01
5.805855659327444074e-02,2.908214028984084543e+00,6.470032904475919722e-01
5.915400105729849006e-02,2.954083703812921513e+00,6.458438530479823081e-01
6.024944552132253245e-02,2.999725949903004452e+00,6.441412724919616251e-01
6.134488998534658177e-02,3.045114584373247890e+00,6.421780896634662339e-01
6.244033444937061722e-02,3.090224241395710170e+00,6.403142730671039784e-01
6.353577891339466654e-02,3.135030392189909865e+00,6.389582449511993500e-01
6.463122337741870893e-02,3.179509361767680176e+00,6.385050794861442114e-01
6.572666784144275132e-02,3.223638342495958486e+00,6.392360165107340286e-01
6.682211230546680758e-02,3.267395404560080596e+00,6.411868403779741321e-01
6.791755676949084997e-02,3.310759503421620842e+00,6.440177560803835854e-01
6.901300123351489235e-02,3.353710484376652090e+00,6.469553306072547416e-01
7.010844569753894862e-02,3.396229084329705827e+00,6.489271337523380145e-01
7.120389016156299100e-02,3.438296930906890925e+00,6.490739326229216788e-01
7.229933462558703339e-02,3.479896539037816705e+00,6.479011749978216272e-01
7.339477908961108965e-02,3.521011305142066838e+00,6.493443440852938453e-01
7.449022355363513204e-02,3.561625499060152578e+00,6.635741433819780655e-01
7.558566801765917442e-02,3.601724253870803416e+00,7.085338439417574463e-01
7.668111248168321681e-02,3.641293553739799460e+00,8.057472940372181203e-01
7.777655694570725919e-02,3.680320219944981819e+00,9.699787922043634492e-01
7.887200140973131546e-02,3.718791895223010346e+00,1.202457207671573824e+00
7.996744587375535784e-02,3.756697026581922394e+00,1.492933422355882778e+00
8.106289033777940023e-02,3.794024846722055422e+00,1.824207439193535452e+00
8.215833480180345649e-02,3.830765354204908935e+00,2.174828715751610186e+00
8.325377926582749888e-02,3.866909292507588525e+00,2.520728771097120013e+00
8.434922372985154126e-02,3.902448128095379776e+00,2.837004739586099777e+00
8.544466819387558365e-02,3.937374027642088326e+00,3.100123240396789992e+00
8.654011265789963991e-02,3.971679834522822361e+00,3.290301867358220278e+00
8.763555712192368230e-02,4.005359044698795223e+00,3.393605262717321658e+00
8.873100158594772469e-02,4.038405782109121489e+00,3.403357856125639902e+00
8.982644604997176707e-02,4.070814773678932852e+00,3.320609187666478057e+00
9.092189051399580946e-02,4.102581324047759104e+00,3.153610352613095191e+00
9.201733497801986572e-02,4.133701290116170490e+00,2.916431386409327420e+00
9.311277944204390811e-02,4.164171055503778085e+00,2.627040413220078641e+00
9.420822390606795049e-02,4.193987505004976413e+00,2.305204812890067068e+00
9.530366837009200676e-02,4.223147999124025276e+00,1.970594806107362595e+00
9.639911283411604914e-02,4.251650348764755449e+00,1.641371268762700231e+00
9.749455729814009153e-02,4.279492790145113190e+00,1.333501682711473624e+00
9.859000176216414779e-02,4.306673960001106138e+00,1.060915713255515147e+00
9.968544622618819018e-02,4.333192871139163849e+00,8.364596586986169369e-01
1.007808906902122326e-01,4.359048888391238386e+00,6.727297559018278195e-01
1.018763351542362888e-01,4.384241705021768354e+00,5.793500324887387309e-01
1.029717796182603173e-01,4.408771319630476526e+00,5.535870505764926008e-01
1.040672240822843597e-01,4.432638013590930903e+00,5.758508031761709889e-01
1.051626685463084160e-01,4.455842329060116569e+00,6.220694362276991685e-01
1.062581130103324584e-01,4.478385047589822143e+00,6.756253562087621845e-01
1.073535574743565008e-01,4.500267169367321962e+00,7.281526155259637756e-01
1.084490019383805570e-01,4.521489893108165070e+00,7.763070365570649001e-01
1.095444464024045994e-01,4.542054596621200702e+00,8.192210801115302754e-01
1.106398908664286418e-01,4.561962818062282210e+00,8.571074842375859815e-01
1.117353353304526981e-01,4.581216237889623955e+00,8.905720668255181494e-01
1.128307797944767404e-01,4.599816661531902717e+00,9.202948318589029286e-01
1.139262242585007828e-01,4.617766002775859135e+00,9.468948039306610553e-01
1.150216687225248391e-01,4.635066267880068480e+00,9.708845216534581768e-01
1.161171131865488815e-01,4.651719540416730858e+00,9.926663270279488804e-01
1.172125576505729239e-01,4.667727966842857512e+00,1.012546060295223649e+00
1.183080021145969801e-01,4.683093742800146231e+00,1.030752005038845676e+00
1.194034465786210225e-01,4.697819100140490534e+00,1.047453334979961292e+00
1.204988910426450649e-01,4.711906294673054774e+00,1.062775829667597094e+00
1.215943355066691212e-01,4.725357594627508817e+00,1.076814200274647915e+00
1.226897799706931635e-01,4.738175269826292002e+00,1.089641272079219680e+00
1.237852244347171921e-01,4.750361581558131263e+00,1.101314589806787314e+00
1.248806688987412344e-01,4.761918773144097727e+00,1.111880919285315850e+00
1.259761133627652907e-01,4.772849061186234643e+00,1.121379319498626792e+00
1.270715578267893331e-01,4.783154627488531041e+00,1.129843097731833890e+00
1.281670022908133755e-01,4.792837611639238382e+00,1.137301035889639822e+00
1.292624467548374179e-01,4.801900104243157053e+00,1.143778140456351178e+00
1.303578912188614602e-01,4.810344140791601220e+00,1.149296036226891138e+00
1.314533356828855026e-01,4.818171696158476180e+00,1.153873177609276546e+00
1.325487801469095728e-01,4.825384679709409319e+00,1.157524937562982803e+00
1.336442246109336152e-01,4.831984931011869655e+00,1.160263582771031698e+00
1.347396690749576575e-01,4.837974216133218874e+00,1.162098252882182825e+00
1.358351135389816999e-01,4.843354224513943151e+00,1.163034858600770827e+00
1.369305580030057423e-01,4.848126566403719195e+00,1.163075988596930843e+00
1.380260024670297847e-01,4.852292770847114411e+00,1.162220785672130718e+00
1.391214469310538548e-01,4.855854284206566618e+00,1.160464769735032986e+00
1.402168913950778972e-01,4.858812469210115559e+00,1.157799666987534781e+00
1.413123358591019396e-01,4.861168604511564517e+00,1.154213134901058257e+00
1.424077803231259820e-01,4.862923884750609993e+00,1.149688446810327669e+00
1.435032247871500244e-01,4.864079421101216383e+00,1.144204025266454261e+00
1.445986692511740668e-01,4.864636242296189295e+00,1.137732847664983948e+00
1.456941137151981369e-01,4.864595296116238643e+00,1.130241583190212395e+00
1.467895581792221793e-01,4.863957451332151294e+00,1.121689392892003534e+00
1.478850026432462217e-01,4.862723500088846684e+00,1.112026279485524904e+00
1.489804471072702641e-01,4.860894160719767321e+00,1.101190773949149548e+00
1.500758915712943065e-01,4.858470080981156514e+00,1.089106682954231298e+00
1.511713360353183488e-01,4.855451841695031412e+00,1.075678656284477119e+00
1.522667804993423912e-01,4.851839960790177209e+00,1.060786068750906086e+00
1.533622249633664336e-01,4.847634897731492920e+00,1.044274832857431168e+00
1.544576694273904760e-01,4.842837058324323429e+00,1.025946462327133268e+00
1.555531138914145184e-01,4.837446799888416749e+00,1.005543880703519077e+00
1.566485583554385608e-01,4.831464436785362082e+00,9.827333998421470262e-01
1.577440028194626309e-01,4.824890246293503715e+00,9.570825437066006192e-01
1.588394472834866733e-01,4.817724474817551616e+00,9.280339943905914213e-01
1.599348917475107157e-01,4.809967344423334623e+00,8.948767261521535232e-01
1.610303362115347581e-01,4.801619059686919044e+00,8.567175159719186972e-01
1.621257806755588005e-01,4.792679814847131681e+00,8.124587226687088881e-01
1.632212251395828428e-01,4.783149801251119548e+00,7.607947179879448463e-01
1.643166696036069130e-01,4.773029215081221466e+00,7.002510327734845497e-01
1.654121140676309554e-01,4.762318265352426749e+00,6.293210843856188452e-01
1.665075585316549978e-01,4.751017182168237873e+00,5.468412016319420532e-01
1.676030029956790401e-01,4.739126225223292188e+00,4.530443685875544801e-01
1.686984474597030825e-01,4.726645692540283328e+00,3.529498755279406597e-01
1.697938919237271249e-01,4.713575929428750477e+00,2.685956171223112809e-01
1.708893363877511673e-01,4.699917337651717375e+00,2.636422048511726790e-01
1.719847808517752374e-01,4.685670384787789189e+00,3.811519882731299602e-01
1.730802253157992798e-01,4.670835613773077100e+00,5.785532371501147519e-01
1.741756697798233222e-01,4.655413652609495578e+00,8.232162676850601768e-01
1.752711142438473646e-01,4.639405224223230206e+00,1.101913938137457638e+00
1.763665587078714070e-01,4.622811156457628634e+00,1.406319607551345996e+00
1.774620031718954494e-01,4.605632392184315194e+00,1.728021011543424912e+00
1.785574476359194918e-01,4.587869999514516017e+00,2.057062875279511704e+00
1.796528920999435341e-01,4.569525182093170379e+00,2.381668670202246485e+00
1.807483365639675765e-01,4.550599289456867425e+00,2.688543982804298960e+00
1.818437810279916189e-01,4.531093827436184718e+00,2.963574637805616252e+00
1.829392254920156613e-01,4.511010468582194122e+00,3.192812965734493247e+00
1.840346699560397314e-01,4.490351062596068310e+00,3.363638469539141251e+00
1.851301144200637738e-01,4.469117646740371264e+00,3.465953812112189336e+00
1.862255588840878162e-01,4.447312456208774911e+00,3.493253031808948084e+00
1.873210033481118586e-01,4.424937934431796727e+00,3.443413551511651960e+00
1.884164478121359010e-01,4.401996743293721259e+00,3.319083738300997677e+00
1.895118922761599434e-01,4.378491773236485862e+00,3.127598949367295766e+00
1.906073367401840135e-01,4.354426153224283169e+00,2.880435550923586607e+00
1.917027812042080559e-01,4.329803260543533483e+00,2.592276525600079928e+00
1.927982256682320983e-01,4.304626730410601176e+00,2.279845291312263988e+00
1.938936701322561407e-01,4.278900465360074179e+00,1.960684232046221442e+00
1.949891145962801831e-01,4.252628644385270995e+00,1.652076795451897118e+00
1.960845590603042254e-01,4.225815731802772035e+00,1.370227069283037613e+00
1.971800035243282956e-01,4.198466485811392701e+00,1.129613624164405250e+00
1.982754479883523380e-01,4.170585966716322091e+00,9.419511720147965006e-01
1.993708924523763804e-01,4.142179544789008183e+00,8.136947814391303213e-01
2.004663369164004227e-01,4.113252907731897778e+00,7.421943264872721269e-01
2.015617813804244651e-01,4.083812067718818106e+00,7.146248971042947762e-01
2.026572258444485075e-01,4.053863367980040877e+00,7.134520917010257479e-01
2.037526703084725777e-01,4.023413488902274793e+00,7.237710112871155177e-01
2.048481147724966200e-01,3.992469453613431085e+00,7.363862504798052155e-01
2.059435592365206347e-01,3.961038633022757605e+00,7.470422676287926667e-01
2.070390037005446771e-01,3.929128750286328131e+00,7.545877099215908546e-01
2.081344481645687194e-01,3.896747884670076267e+00,7.594546077432763331e-01
2.092298926285927896e-01,3.863904474781508114e+00,7.626794342403695470e-01
2.103253370926168320e-01,3.830607321143388422e+00,7.653481022848199755e-01
2.114207815566408744e-01,3.796865588082817489e+00,7.683225805344002790e-01
2.125162260206649167e-01,3.762688804910389706e+00,7.721441950757713668e-01
2.136116704846889591e-01,3.728086866366050689e+00,7.770412610817615251e-01
2.147071149487130015e-01,3.693070032308298778e+00,7.829903916201883529e-01
2.158025594127370717e-01,3.657648926626666963e+00,7.897965908595899753e-01
2.168980038767611140e-01,3.621834535357664198e+00,7.971700142301225700e-01
2.179934483407851564e-01,3.585638203986713179e+00,8.047879413812136784e-01
2.190888928048091988e-01,3.549071633921319080e+00,8.123383137285442590e-01
2.201843372688332134e-01,3.512146878121590987e+00,8.195461469267453225e-01
2.212797817328572836e-01,3.474876335877885580e+00,8.261862596728901664e-01
2.223752261968813260e-01,3.437272746726326211e+00,8.320864557288253360e-01
2.234706706609053961e-01,3.399349183497295979e+00,8.371246708624352495e-01
2.245661151249294107e-01,3.361119044492672625e+00,8.412228647550273886e-01
2.256615595889534809e-01,3.322596044792372805e+00,8.443395834549334289e-01
2.267570040529774955e-01,3.283794206692303597e+00,8.464623883380361091e-01
2.278524485170015657e-01,3.244727849278747911e+00,8.476008647842339094e-01
2.289478929810256080e-01,3.205411577149148705e+00,8.477805418498263190e-01
2.300433374450496782e-01,3.165860268289637069e+00,8.470378498060260331e-01
2.311387819090736928e-01,3.126089061125245649e+00,8.454160741763441234e-01
2.322342263730977630e-01,3.086113340760182400e+00,8.429622344834653003e-01
2.333296708371217776e-01,3.045948724430547205e+00,8.397247430889700492e-01
2.344251153011458477e-01,3.005611046193306102e+00,8.357517198141322101e-01
2.355205597651698901e-01,2.965116340879907053e+00,8.310898313817378646e-01
2.366160042291939603e-01,2.924480827345545375e+00,8.257835335099183993e-01
2.377114486932179749e-01,2.883720891048162205e+00,8.198746322599376191e-01
2.388068931572420450e-01,2.842853065994855655e+00,8.134020603847882391e-01
2.399023376212660597e-01,2.801894016095392459e+00,8.064018212199333124e-01
2.409977820852901298e-01,2.760860515966653495e+00,7.989070364845380912e-01
2.420932265493141722e-01,2.719769431233140633e+00,7.909480641291771752e-01
2.431886710133382423e-01,2.678637698372599463e+00,7.825526466532353176e-01
2.442841154773622570e-01,2.637482304157293456e+00,7.737460761880062821e-01
2.453795599413863271e-01,2.596320264743531059e+00,7.645513561581145368e-01
2.464750044054103417e-01,2.555168604465604787e+00,7.549893443387006853e-01
2.475704488694343841e-01,2.514044334389689439e+00,7.450788781156013618e-01
2.486658933334584543e-01,2.472964430687174531e+00,7.348368663835600501e-01
2.497613377974824689e-01,2.431945812886201708e+00,7.242783527519007780e-01
2.508567822615065390e-01,2.391005322063039618e+00,7.134165428286947108e-01
2.519522267255305814e-01,2.350159699034006344e+00,7.022627924738793492e-01
2.530476711895546238e-01,2.309425562610567528e+00,6.908265597392992952e-01
2.541431156535786662e-01,2.268819387979592150e+00,6.791153137869738732e-01
2.552385601176027086e-01,2.228357485270945126e+00,6.671344042049830447e-01
2.563340045816267510e-01,2.188055978374248145e+00,6.548868803433424146e-01
2.574294490456507933e-01,2.147930784066148568e+00,6.423732701653634969e-01
2.585248935096748357e-01,2.107997591508067536e+00,6.295913082846077424e-01
2.596203379736989336e-01,2.068271842173258435e+00,6.165356216603835593e-01
2.607157824377229205e-01,2.028768710261714237e+00,6.031973677071247320e-01
2.618112269017470184e-01,1.989503083656766869e+00,5.895638507178340149e-01
2.629066713657710053e-01,1.950489545479172415e+00,5.756181158168499623e-01
2.640021158297951032e-01,1.911742356288352651e+00,5.613385570223252685e-01
2.650975602938191455e-01,1.873275436980125219e+00,5.466985812116184063e-01
2.661930047578431879e-01,1.835102352427892214e+00,5.316663808659186641e-01
2.672884492218672303e-01,1.797236295908975601e+00,5.162048614958264503e-01
2.683838936858912727e-01,1.759690074356835776e+00,5.002717870160198199e-01
2.694793381499153151e-01,1.722476094475914321e+00,4.838200694119475509e-01
2.705747826139393575e-01,1.685606349751814559e+00,4.667979346230436422e-01
2.716702270779633999e-01,1.649092408386687136e+00,4.491481463374787375e-01
2.727656715419874978e-01,1.612945402185590904e+00,4.308043194151850441e-01
2.738611160060114846e-01,1.577176016415939186e+00,4.116801598026531006e-01
2.749565604700355270e-01,1.541794480658281952e+00,3.916435312867289631e-01
2.760520049340595694e-01,1.506810560662564580e+00,3.704612188523251914e-01
2.771474493980836118e-01,1.472233551220582859e+00,3.476934566600290988e-01
2.782428938621077097e-01,1.438072270061263147e+00,3.225181395552296770e-01
2.793383383261316966e-01,1.404335052771049863e+00,2.935033385379448578e-01
2.804337827901557945e-01,1.371029748738568532e+00,2.585313183764224587e-01
2.815292272541797813e-01,1.338163718119203205e+00,2.158720067728584213e-01
2.826246717182038792e-01,1.305743829810053880e+00,1.712991958713402096e-01
2.837201161822279216e-01,1.273776460424255630e+00,1.671462824461156238e-01
2.848155606462519640e-01,1.242267494249201354e+00,2.722006104127624448e-01
2.859110051102760064e-01,1.211222324169319187e+00,4.805475645630259418e-01
2.870064495743000488e-01,1.180645853532726886e+00,7.736818357081169939e-01
2.881018940383240912e-01,1.150542498936350411e+00,1.136592550502277366e+00
2.891973385023481335e-01,1.120916193902531166e+00,1.538595793291879010e+00
2.902927829663721759e-01,1.091770393417599072e+00,1.926380426964764858e+00
2.913882274303962738e-01,1.063108079299505793e+00,2.229199319826815628e+00
2.924836718944202607e-01,1.034931766360892347e+00,2.376700062395527446e+00
2.935791163584443586e-01,1.007243509331343434e+00,2.325262806842085528e+00
2.946745608224683455e-01,9.800449105005666350e-01,2.081752475391645429e+00
2.957700052864924434e-01,9.533371280440445794e-01,1.711012785091984512e+00
2.968654497505164858e-01,9.271208849896228621e-01,1.319318220142141840e+00
2.979608942145405281e-01,9.013964787847780213e-01,1.014300305330513741e+00
2.990563386785645705e-01,8.761637914210250733e-01,8.450768247121049903e-01
3.001517831425886129e-01,8.514223000738874170e-01,7.692984105279049301e-01
3.012472276066126553e-01,8.271710882140905774e-01,7.168720123156758772e-01
3.023426720706366977e-01,8.034088571475488383e-01,6.543016842712654491e-01
3.034381165346607401e-01,7.801339379400618057e-01,5.791879828827598553e-01
3.045335609986847825e-01,7.573443036847444798e-01,4.997716826285911185e-01
3.056290054627088248e-01,7.350375820679186933e-01,4.254251818311127753e-01
3.067244499267328672e-01,7.132110681930236007e-01,3.638806044175501575e-01
3.078198943907569096e-01,6.918617376200115743e-01,3.198108895575409449e-01
3.089153388547809520e-01,6.709862595803464114e-01,2.933425429903693815e-01
3.100107833188050499e-01,6.505810103279687784e-01,2.800670491015987418e-01
3.111062277828290368e-01,6.306420865875409509e-01,2.736374849124996733e-01
3.122016722468531347e-01,6.111653190636109345e-01,2.687726939450454378e-01
3.132971167108771215e-01,5.921462859743072960e-01,2.624518894226928745e-01
3.143925611749012194e-01,5.735803265749983559e-01,2.535921298214237618e-01
3.154880056389252618e-01,5.554625546403507697e-01,2.422932134113349179e-01
3.165834501029493042e-01,5.377878718717704620e-01,2.292093696471004249e-01
3.176788945669733466e-01,5.205509812021119620e-01,2.151598551719561825e-01
3.187743390309973890e-01,5.037463999708288176e-01,2.009297529964666762e-01
3.198697834950214314e-01,4.873684729307489749e-01,1.871858403732118981e-01
3.209652279590454738e-01,4.714113850943064676e-01,1.744478105569089721e-01
3.220606724230695161e-01,4.558691743525419282e-01,1.630790381513421150e-01
3.231561168870936140e-01,4.407357438791311699e-01,1.532824355973063657e-01
3.242515613511176009e-01,4.260048742861025639e-01,1.451018396196350480e-01
3.253470058151416988e-01,4.116702355161850346e-01,1.384359776432241840e-01
3.264424502791656857e-01,3.977253984555158550e-01,1.330699568990487136e-01
3.275378947431897836e-01,3.841638462521658193e-01,1.287213213013787549e-01
3.286333392072138260e-01,3.709789853283164129e-01,1.250903440872950800e-01
3.297287836712378128e-01,3.581641560731136376e-01,1.219026922133468471e-01
3.308242281352619107e-01,3.457126432092837431e-01,1.189369872394560324e-01
3.319196725992858976e-01,3.336176858220093466e-01,1.160360714735945570e-01
3.330151170633099955e-01,3.218724870457210785e-01,1.131052586906805407e-01
3.341105615273339824e-01,3.104702234023649643e-01,1.101024555669419674e-01
3.352060059913580803e-01,2.994040537864599005e-01,1.070246382150088493e-01
3.363014504553821227e-01,2.886671280947624152e-01,1.038939530993396726e-01
3.373968949194061651e-01,2.782525954988021022e-01,1.007454522276302333e-01
3.384923393834302074e-01,2.681536123588141862e-01,9.761746429339081266e-02
3.395877838474542498e-01,2.583633497799737722e-01,9.454489118536317516e-02
3.406832283114782922e-01,2.488750008127367797e-01,9.155525379303468270e-02
3.417786727755023346e-01,2.396817872983197373e-01,8.866703754662541570e-02
3.428741172395263770e-01,2.307769663640043267e-01,8.588976048272342623e-02
3.439695617035504749e-01,2.221538365702845907e-01,8.322516940961058318e-02
3.450650061675744618e-01,2.138057437166631103e-01,8.066903068579445168e-02
3.461604506315985597e-01,2.057260863093262060e-01,7.821309008526793061e-02
3.472558950956225465e-01,1.979083206979644904e-01,7.584690275410983784e-02
3.483513395596466444e-01,1.903459658877243998e-01,7.355935601561552906e-02
3.494467840236706868e-01,1.830326080326878935e-01,7.133980921965618616e-02
3.505422284876947292e-01,1.759619046195197434e-01,6.917884888656726516e-02
3.516376729517187716e-01,1.691275883472339592e-01,6.706870388834657026e-02
3.527331174157428140e-01,1.625234707129825096e-01,6.500338831536768558e-02
3.538285618797668564e-01,1.561434453106368969e-01,6.297864558713645033e-02
3.549240063437908987e-01,1.499814908519057910e-01,6.099176227949541090e-02
3.560194508078149411e-01,1.440316739177226746e-01,5.904130937349381242e-02
3.571148952718389835e-01,1.382881514497380226e-01,5.712685588269145187e-02
3.582103397358630259e-01,1.327451729905474165e-01,5.524868727282449682e-02
3.593057841998870683e-01,1.273970826811338664e-01,5.340755014336302092e-02
3.604012286639111107e-01,1.222383210264341713e-01,5.160443555205614097e-02
3.614966731279351531e-01,1.172634264357606676e-01,4.984040637926973050e-02
3.625921175919592510e-01,1.124670365495432228e-01,4.811646893962304855e-02
3.636875620559832378e-01,1.078438893596413289e-01,4.643348552618494635e-02
3.647830065200073357e-01,1.033888241339450398e-01,4.479212235727339508e-02
3.658784509840313226e-01,9.909678215252575029e-02,4.319282630599260292e-02
3.669738954480554205e-01,9.496280726585203114e-02,4.163582353094667093e-02
3.680693399120794629e-01,9.098204628207948175e-02,4.012113348732077034e-02
3.691647843761035053e-01,8.714974919366515194e-02,3.864859256321746817e-02
3.702602288401275477e-01,8.346126925042902933e-02,3.721788258827803120e-02
3.713556733041515900e-01,7.991206288827136517e-02,3.582856053860178358e-02
3.724511177681756324e-01,7.649768952037358516e-02,3.448008681097441963e-02
3.735465622321996748e-01,7.321381120068300163e-02,3.317185038102116179e-02
3.746420066962237172e-01,7.005619216533744142e-02,3.190318994514398238e-02
3.757374511602478151e-01,6.702069826047615808e-02,3.067341075834599529e-02
3.768328956242718020e-01,6.410329626407011705e-02,2.948179732561416813e-02
3.779283400882958999e-01,6.130005310811376812e-02,2.832762239148357147e-02
3.790237845523198867e-01,5.860713500781405960e-02,2.721015283380479391e-02
3.801192290163439846e-01,5.602080650552901386e-02,2.612865312569100096e-02
3.812146734803680270e-01,5.353742943458516396e-02,2.508238701351932914e-02
3.823101179443920694e-01,5.115346180951501481e-02,2.407061799508341052e-02
3.834055624084161118e-01,4.886545664928927668e-02,2.309260908941984658e-02
3.845010068724400987e-01,4.667006073807956901e-02,2.214762228697041493e-02
3.855964513364641966e-01,4.456401332991181269e-02,2.123491796494730854e-02
3.866918958004882390e-01,4.254414480207641125e-02,2.035375445984397708e-02
3.877873402645122813e-01,4.060737526229054456e-02,1.950338791036554387e-02
3.888827847285363237e-01,3.875071311505932925e-02,1.868307241799862378e-02
3.899782291925603661e-01,3.697125359014311746e-02,1.789206052694958249e-02
3.910736736565844085e-01,3.526617724008065252e-02,1.712960399175506021e-02
3.921691181206084509e-01,3.363274840841603414e-02,1.639495477988776179e-02
3.932645625846324933e-01,3.206831367414458844e-02,1.568736624861074777e-02
3.943600070486565912e-01,3.057030027581928919e-02,1.500609443247258312e-02
3.954554515126805780e-01,2.913621451851976935e-02,1.435039938195870404e-02
3.965508959767046759e-01,2.776364016766883630e-02,1.371954650133090300e-02
3.976463404407286628e-01,2.645023683242073848e-02,1.311280784258066733e-02
3.987417849047527607e-01,2.519373834169016599e-02,1.252946332262936877e-02
3.998372293687768031e-01,2.399195111627354729e-02,1.196880184042688026e-02
4.009326738328008455e-01,2.284275253877603162e-02,1.143012227897216744e-02
4.020281182968248879e-01,2.174408932513233542e-02,1.091273438552822078e-02
4.031235627608489303e-01,2.069397589861123737e-02,1.041595952816642620e-02
4.042190072248729726e-01,1.969049276984507699e-02,9.939131332832393945e-03
4.053144516888970150e-01,1.873178492432439612e-02,9.481596207526792747e-03
4.064098961529210574e-01,1.781606021937678572e-02,9.042713762808338163e-03
4.075053406169451553e-01,1.694158779247419491e-02,8.621857139023006780e-03
4.086007850809691422e-01,1.610669648262282386e-02,8.218413251218820853e-03
4.096962295449932401e-01,1.530977326626686147e-02,7.831782962420314256e-03
4.107916740090172270e-01,1.454926170926195729e-02,7.461381195581737007e-03
4.118871184730412693e-01,1.382366043598843436e-02,7.106636993400823783e-03
4.129825629370653672e-01,1.313152161735287732e-02,6.766993534667840177e-03
4.140780074010893541e-01,1.247144947810664359e-02,6.441908114016796534e-03
4.151734518651134520e-01,1.184209882512702976e-02,6.130852091598849168e-03
4.162688963291374389e-01,1.124217359655265737e-02,5.833310817259585931e-03
4.173643407931615368e-01,1.067042543466926834e-02,5.548783534468058193e-03
4.184597852571855792e-01,1.012565228030839863e-02,5.276783265809899433e-03
4.195552297212096216e-01,9.606696992221696804e-03,5.016836684096356164e-03
4.206506741852336639e-01,9.112445990150078515e-03,4.768483970174082140e-03
4.217461186492577063e-01,8.641827923140060416e-03,4.531278659495693861e-03
4.228415631132817487e-01,8.193812362703332616e-03,4.304787478211927546e-03
4.239370075773057911e-01,7.767408521973122662e-03,4.088590170076259953e-03
4.250324520413298335e-01,7.361664000414662630e-03,3.882279314466891527e-03
4.261278965053539314e-01,6.975663555331480456e-03,3.685460136618931223e-03
4.272233409693779183e-01,6.608527898811488235e-03,3.497750309736893243e-03
4.283187854334020161e-01,6.259412521974789569e-03,3.318779750344182187e-03
4.294142298974260030e-01,5.927506545271687098e-03,3.148190406602461265e-03
4.305096743614501009e-01,5.612031595430905934e-03,2.985636040347888504e-03
4.316051188254741433e-01,5.312240709263222130e-03,2.830782003424965609e-03
4.327005632894981857e-01,5.027417263543054737e-03,2.683305008430662830e-03
4.337960077535222281e-01,4.756873931634339123e-03,2.542892894795389849e-03
4.348914522175462705e-01,4.499951666363986857e-03,2.409244390556713328e-03
4.359868966815703129e-01,4.256018708810885287e-03,2.282068870304000685e-03
4.370823411455943552e-01,4.024469623123459218e-03,2.161086110045999219e-03
4.381777856096183976e-01,3.804724357299926404e-03,2.046026039676623366e-03
4.392732300736424400e-01,3.596227329280711656e-03,1.936628493421156281e-03
4.403686745376664269e-01,3.398446537756417366e-03,1.832642958670926492e-03
4.414641190016905803e-01,3.210872698905091818e-03,1.733828324598985036e-03
4.425595634657145672e-01,3.033018406514600366e-03,1.639952629908306148e-03
4.436550079297386096e-01,2.864417317396791320e-03,1.550792811458400530e-03
4.447504523937626519e-01,2.704623360049667781e-03,1.466134453361905106e-03
4.458458968577867498e-01,2.553209967122562450e-03,1.385771537527895076e-03
4.469413413218107922e-01,2.409769330806552697e-03,1.309506195828660357e-03
4.480367857858347791e-01,2.273911681470831142e-03,1.237148464691502489e-03
4.491322302498588215e-01,2.145264587853878448e-03,1.168516041796443779e-03
4.502276747138829194e-01,2.023472279983240703e-03,1.103434046089833481e-03
4.513231191779069618e-01,1.908194993294440832e-03,1.041734780826744297e-03
4.524185636419310041e-01,1.799108333822820082e-03,9.832575000891373863e-04
4.535140081059549910e-01,1.695902663688214629e-03,9.278481788424245910e-04
4.546094525699791444e-01,1.598282508073467544e-03,8.753592876504068905e-04
4.557048970340031313e-01,1.505965979979377979e-03,8.256495704527554765e-04
4.568003414980271737e-01,1.418684226600263644e-03,7.785838279201934579e-04
4.578957859620512161e-01,1.336180892432625809e-03,7.340327041009311188e-04
4.589912304260753140e-01,1.258211602527959131e-03,6.918724785930452457e-04
4.600866748900993564e-01,1.184543462780269542e-03,6.519848628839570873e-04
4.611821193541233432e-01,1.114954577963323933e-03,6.142568015737824832e-04
4.622775638181473856e-01,1.049233587127232576e-03,5.785802785753147055e-04
4.633730082821714835e-01,9.871792152259923313e-04,5.448521279585252525e-04
4.644684527461955259e-01,9.285998417312083929e-04,5.129738501283147593e-04
4.655638972102195683e-01,8.733130839500543923e-04,4.828514323335942877e-04
4.666593416742435552e-01,8.211453963860299151e-04,4.543951744871798748e-04
4.677547861382675976e-01,7.719316855547223716e-04,4.275195202018770282e-04
4.688502306022916954e-01,7.255149375536963739e-04,4.021428917624521576e-04
4.699456750663157378e-01,6.817458618573519645e-04,3.781875311563259972e-04
4.710411195303397802e-01,6.404825469024914451e-04,3.555793448990735126e-04
4.721365639943637671e-01,6.015901306201020199e-04,3.342477545821919511e-04
4.732320084583879205e-01,5.649404820835798651e-04,3.141255511884185345e-04
4.743274529224119074e-01,5.304118972147838602e-04,2.951487549658494535e-04
4.754228973864359498e-01,4.978888054506404705e-04,2.772564792912127055e-04
4.765183418504599921e-01,4.672614885693543094e-04,2.603907993287261934e-04
4.776137863144840900e-01,4.384258110571496547e-04,2.444966252737949515e-04
4.787092307785081324e-01,4.112829604296427814e-04,2.295215794223742301e-04
4.798046752425321193e-01,3.857391995186518858e-04,2.154158783038093714e-04
4.809001197065561617e-01,3.617056281937861407e-04,2.021322185773233098e-04
4.819955641705802596e-01,3.390979547241730467e-04,1.896256669086216309e-04
4.830910086346043020e-01,3.178362771572411111e-04,1.778535541343453767e-04
4.841864530986283444e-01,2.978448739116027681e-04,1.667753733574460625e-04
4.852818975626523312e-01,2.790520032748882925e-04,1.563526818859459384e-04
4.863773420266764846e-01,2.613897107424466683e-04,1.465490064988876867e-04
4.874727864907004715e-01,2.447936460449316211e-04,1.373297531496230702e-04
4.885682309547245139e-01,2.292028865679619938e-04,1.286621193297580253e-04
4.896636754187485563e-01,2.145597696974599464e-04,1.205150105789307103e-04
4.907591198827726542e-01,2.008097316747935689e-04,1.128589598473334602e-04
4.918545643467966966e-01,1.879011546292456080e-04,1.056660507042834108e-04
4.929500088108206834e-01,1.757852188306489123e-04,9.890984278527621665e-05
4.940454532748447258e-01,1.644157631450743188e-04,9.256530120349154317e-05
4.951408977388687682e-01,1.537491512410575005e-04,8.660872859491696471e-05
4.962363422028928661e-01,1.437441430619614588e-04,8.101769956661926040e-05
4.973317866669169085e-01,1.343617738173564342e-04,7.577099885782768215e-05
4.984272311309408954e-01,1.255652372098792430e-04,7.084856140296623926e-05
4.995226755949649378e-01,1.173197740601967647e-04,6.623141498564458576e-05
5.006181200589890912e-01,1.095925675821999391e-04,6.190162622413232583e-05
5.017135645230130780e-01,1.023526416891998487e-04,5.784224787703597418e-05
5.028090089870370649e-01,9.557076537841617124e-05,5.403726921704806634e-05
5.039044534510611628e-01,8.921936106293679256e-05,5.047156829697140354e-05
5.049998979150852607e-01,8.327241787685437421e-05,4.713086671237440046e-05
5.060953423791092476e-01,7.770540811340155530e-05,4.400168584339559280e-05
5.071907868431332345e-01,7.249520889364535867e-05,4.107130578373579594e-05
5.082862313071573324e-01,6.762002679370297787e-05,3.832772569165543658e-05
5.093816757711814303e-01,6.305932685663211308e-05,3.575962638889107465e-05
5.104771202352054171e-01,5.879376404967931002e-05,3.335633412614613414e-05
5.115725646992295150e-01,5.480511943045644508e-05,3.110778681434817750e-05
5.126680091632535019e-01,5.107623827172930918e-05,2.900450117758865255e-05
5.137634536272775998e-01,4.759097258914257440e-05,2.703754222831703785e-05
5.148588980913015867e-01,4.433412489001283414e-05,2.519849327190184875e-05
5.159543425553256846e-01,4.129139650546518144e-05,2.347942836169252217e-05
5.170497870193496714e-01,3.844933722158966609e-05,2.187288535081620926e-05
5.181452314833737693e-01,3.579529855432896280e-05,2.037184088339047424e-05
5.192406759473978672e-01,3.331738818922920113e-05,1.896968592559315040e-05
5.203361204114218541e-01,3.100442817434036062e-05,1.766020331797036008e-05
5.214315648754458410e-01,2.884591408585521823e-05,1.643754577562271945e-05
5.225270093394699389e-01,2.683197710465356372e-05,1.529621544711200486e-05
5.236224538034940368e-01,2.495334789999907179e-05,1.423104441140969464e-05
5.247178982675180237e-01,2.320132215105130869e-05,1.323717602288914121e-05
5.258133427315420105e-01,2.156772795634751344e-05,1.231004725317460999e-05
5.269087871955661084e-01,2.004489580891963063e-05,1.144537242293066797e-05
5.280042316595902063e-01,1.862562842979806991e-05,1.063912678410430542e-05
5.290996761236141932e-01,1.730317440180926839e-05,9.887532207579098885e-06
5.301951205876382911e-01,1.607120117889455679e-05,9.187042455159378395e-06
5.312905650516622780e-01,1.492377131038191663e-05,8.534330232801404286e-06
5.323860095156863759e-01,1.385531852549057893e-05,7.926274112893321534e-06
5.334814539797103627e-01,1.286062614157282553e-05,7.359946737114406265e-06
5.345768984437344606e-01,1.193480617033765423e-05,6.832603374359312416e-06
5.356723429077584475e-01,1.107327994091455757e-05,6.341671305336804206e-06
5.367677873717825454e-01,1.027175912022555937e-05,5.884739396163197770e-06
5.378632318358066433e-01,9.526228549996328078e-06,5.459548676342500269e-06
5.389586762998306302e-01,8.832929912058489996e-06,5.063983358375101035e-06
5.400541207638546171e-01,8.188345915559798810e-06,4.696062125619829446e-06
5.411495652278787150e-01,7.589185735337736320e-06,4.353930108603926331e-06
5.422450096919028129e-01,7.032370754845422950e-06,4.035851009260311256e-06
5.433404541559267997e-01,6.515022273642541507e-06,3.740200327436408542e-06
5.444358986199507866e-01,6.034449191493217562e-06,3.465458551540201398e-06
5.455313430839749955e-01,5.588135346198252311e-06,3.210204128587435909e-06
5.466267875479989824e-01,5.173729771981848203e-06,2.973108091234514818e-06
5.477222320120229693e-01,4.789036147650572291e-06,2.752928201704770859e-06
5.488176764760470672e-01,4.432002538012880595e-06,2.548503246688450121e-06
5.499131209400710540e-01,4.100713377746131953e-06,2.358748605364768800e-06
5.510085654040951519e-01,3.793379933268943462e-06,2.182650927927935447e-06
5.521040098681191388e-01,3.508332776896583350e-06,2.019263957375528985e-06
5.531994543321432367e-01,3.244013844918077853e-06,1.867704099436694475e-06
5.542948987961672236e-01,2.998969840144512578e-06,1.727146754460584894e-06
5.553903432601913215e-01,2.771845191542448801e-06,1.596822383609442630e-06
5.564857877242154194e-01,2.561375987597735036e-06,1.476013125521152903e-06
5.575812321882394063e-01,2.366383590633890544e-06,1.364049219752711925e-06
5.586766766522633931e-01,2.185769708294038293e-06,1.260306261084295637e-06
5.597721211162874910e-01,2.018511003678267587e-06,1.164202180160506049e-06
5.608675655803115889e-01,1.863653866751687303e-06,1.075194309381452495e-06
5.619630100443355758e-01,1.720310471792922410e-06,9.927771835717825752e-07
5.630584545083595627e-01,1.587653832915558002e-06,9.164797563835233630e-07
5.641538989723837716e-01,1.464914254545130479e-06,8.458634154866056898e-07
5.652493434364077585e-01,1.351375435326628430e-06,7.805197924526699616e-07
5.663447879004317453e-01,1.246370776570044192e-06,7.200686855019723804e-07
5.674402323644558432e-01,1.149279958347732739e-06,6.641561319751528549e-07
5.685356768284799411e-01,1.059526504631012847e-06,6.124530479674868525e-07
5.696311212925039280e-01,9.765740168044317151e-07,5.646530945289442995e-07
5.707265657565279149e-01,8.999242169369935851e-07,5.204715859339080148e-07
5.718220102205520128e-01,8.291135605262700280e-07,4.796435675665683685e-07
5.729174546845761107e-01,7.637117520822645315e-07,4.419229908649077474e-07
5.740128991486000976e-01,7.033188711077102529e-07,4.070810817575673886e-07
5.751083436126241955e-01,6.475635688281285836e-07,3.749053256424538925e-07
5.762037880766481823e-01,5.961009977079139409e-07,3.451982952967108800e-07
5.772992325406721692e-01,5.486111989235585542e-07,3.177767415637182810e-07
5.783946770046962671e-01,5.047971027307050321e-07,2.924704577370600536e-07
5.794901214687203650e-01,4.643829493911815569e-07,2.691213853777812061e-07
5.805855659327443519e-01,4.271131775252361321e-07,2.475829892145349571e-07
5.816810103967683387e-01,3.927508685697323516e-07,2.277193732515242687e-07
5.827764548607925477e-01,3.610758435647937967e-07,2.094041934977589898e-07
5.838718993248165345e-01,3.318845992454239698e-07,1.925206356608637412e-07
5.849673437888405214e-01,3.049882099075153827e-07,1.769602121242789959e-07
5.860627882528646193e-01,2.802117037824825013e-07,1.626224126018846163e-07
5.871582327168887172e-01,2.573930596546746597e-07,1.494141335348886766e-07
5.882536771809127041e-01,2.363821488903897708e-07,1.372490747001963621e-07
5.893491216449366910e-01,2.170398498052128112e-07,1.260472347998043146e-07
5.904445661089607889e-01,1.992378964679805355e-07,1.157348327369411599e-07
5.915400105729848867e-01,1.828569387378692411e-07,1.062431892490942228e-07
5.926354550370088736e-01,1.677868878978655179e-07,9.750893509328629840e-08
5.937308995010329715e-01,1.539260562913725735e-07,8.947351830627726322e-08
5.948263439650569584e-01,1.411800979402549106e-07,8.208259492254297402e-08
5.959217884290810563e-01,1.294618148989087771e-07,7.528592218329109884e-08
5.970172328931050432e-01,1.186909186506307106e-07,6.903722531335743701e-08
5.981126773571291411e-01,1.087929055733693601e-07,6.329354857346977257e-08
5.992081218211531279e-01,9.969901323349706520e-08,5.801523429377449372e-08
6.003035662851772258e-01,9.134560610808569513e-08,5.316556968443848066e-08
6.013990107492013237e-01,8.367431434676095476e-08,4.871087147867747646e-08
6.024944552132253106e-01,7.663088205940840461e-08,4.461981918489283697e-08
6.035898996772492975e-01,7.016546549386731052e-08,4.086363182247877171e-08
6.046853441412733954e-01,6.423172271386634458e-08,3.741554083975516203e-08
6.057807886052974933e-01,5.878727654164896013e-08,3.425106241536986297e-08
6.068762330693214802e-01,5.379268891197730968e-08,3.134740256155113173e-08
6.079716775333454670e-01,4.921198358457279598e-08,2.868376392592398579e-08
6.090671219973695649e-01,4.501173951840842245e-08,2.624081963805292398e-08
6.101625664613936628e-01,4.116122500942460080e-08,2.400079333916711411e-08
6.112580109254176497e-01,3.763206009230505976e-08,2.194726414476787608e-08
6.123534553894417476e-01,3.439806868054324468e-08,2.006508201554274125e-08
6.134488998534657345e-01,3.143532302684229904e-08,1.834039519942608326e-08
6.145443443174898324e-01,2.872166949097661383e-08,1.676037499115943073e-08
6.156397887815138192e-01,2.623653032475646963e-08,1.531310124289087519e-08
6.167352332455379171e-01,2.396141932339283476e-08,1.398786444910859863e-08
6.178306777095619040e-01,2.187870164937335635e-08,1.277444296324078977e-08
6.189261221735860019e-01,1.997293219847470986e-08,1.166388520543660575e-08
6.200215666376100998e-01,1.822924021632725931e-08,1.064756746199177205e-08
6.211170111016340867e-01,1.663425430455235071e-08,9.717734712332168938e-09
6.222124555656580736e-01,1.517541632805366231e-08,8.867100662853854755e-09
6.233079000296821714e-01,1.384164854028205926e-08,8.089238163683581832e-09
6.244033444937062693e-01,1.262248852062185488e-08,7.378074444155022380e-09
6.254987889577302562e-01,1.150820584539983006e-08,6.727959731525292755e-09
6.265942334217542431e-01,1.049007455150214815e-08,6.133827030221680587e-09
6.276896778857784520e-01,9.559808077120681506e-09,5.590862252098906449e-09
6.287851223498024389e-01,8.710295211666232469e-09,5.094934989769002784e-09
6.298805668138264258e-01,7.934612531533407219e-09,4.642021418919481449e-09
6.309760112778505237e-01,7.226360247912156771e-09,4.228400963390145285e-09
6.320714557418745105e-01,6.580001786825873832e-09,3.850855344185068611e-09
6.331669002058986084e-01,5.990291751286721361e-09,3.506334223032074386e-09
6.342623446699225953e-01,5.452122405188889018e-09,3.191865513369664689e-09
6.353577891339466932e-01,4.961130315902920234e-09,2.904910695694091332e-09
6.364532335979706801e-01,4.513479065301109337e-09,2.643237966848491826e-09
6.375486780619947780e-01,4.105482038075788638e-09,2.404701583230109879e-09
6.386441225260188759e-01,3.733288580487972787e-09,2.187058103586973092e-09
6.397395669900428627e-01,3.394350081838757478e-09,1.988825345308584165e-09
6.408350114540668496e-01,3.085487193380686291e-09,1.808150387995217860e-09
6.419304559180909475e-01,2.804107720080930860e-09,1.643523113485377960e-09
6.430259003821150454e-01,2.547690118266353136e-09,1.493473726397020954e-09
6.441213448461390323e-01,2.314421058939095497e-09,1.356946608147883825e-09
6.452167893101630192e-01,2.102040141638180450e-09,1.232623210439381238e-09
6.463122337741872281e-01,1.908657603078036215e-09,1.119401435326607885e-09
6.474076782382112150e-01,1.732826439074293661e-09,1.016438125082811201e-09
6.485031227022352018e-01,1.572744780124359867e-09,9.226813344758225880e-10
6.495985671662591887e-01,1.427239584802419471e-09,8.374473711631701146e-10
6.506940116302833976e-01,1.294737854559572312e-09,7.598173473659438949e-10
6.517894560943073845e-01,1.174414731939178803e-09,6.893108728039247478e-10
6.528849005583313714e-01,1.065069708274357803e-09,6.252266986263956657e-10
6.539803450223554693e-01,9.656780743663030594e-10,5.669663227689116233e-10
6.550757894863795672e-01,8.753925827551716631e-10,5.140350505259395168e-10
6.561712339504035540e-01,7.932203071297686937e-10,4.658523001422050737e-10
6.572666784144276519e-01,7.592183533838713763e-10,4.459490473757915332e-10
6.583621228784516388e-01,7.593643505541058478e-10,4.461002266690930631e-10
6.594575673424756257e-01,7.595103151394150403e-10,4.462509864842124771e-10
6.605530118064997236e-01,7.596562449650776373e-10,4.464013269304102011e-10
6.616484562705238215e-01,7.598021378847192849e-10,4.465512480563542852e-10
6.627439007345478084e-01,7.599479917799879233e-10,4.467007498522050543e-10
6.638393451985717952e-01,7.600938045602325309e-10,4.468498322516848169e-10
6.649347896625960042e-01,7.602395741621864170e-10,4.469984951341341845e-10
6.660302341266199910e-01,7.603852985496513426e-10,4.471467383265500898e-10
6.671256785906439779e-01,7.605309757131898091e-10,4.472945616056070540e-10
6.682211230546679648e-01,7.606766036698195184e-10,4.474419646996593258e-10
6.693165675186921737e-01,7.608221804627065924e-10,4.475889472907247192e-10
6.704120119827161606e-01,7.609677041608702693e-10,4.477355090164461167e-10
6.715074564467401474e-01,7.611131728588857392e-10,4.478816494720317773e-10
6.726029009107642453e-01,7.612585846765919426e-10,4.480273682121744464e-10
6.736983453747883432e-01,7.614039377588019535e-10,4.481726647529456519e-10
6.747937898388123301e-01,7.615492302750197736e-10,4.483175385736673031e-10
6.758892343028363170e-01,7.616944604191544381e-10,4.484619891187583200e-10
6.769846787668604149e-01,7.618396264092457018e-10,4.486060157995548958e-10
6.780801232308845128e-01,7.619847264871835212e-10,4.487496179961057893e-10
6.791755676949084997e-01,7.621297589184404624e-10,4.488927950589403198e-10
6.802710121589325976e-01,7.622747219917992476e-10,4.490355463108104094e-10
6.813664566229565844e-01,7.624196140190866102e-10,4.491778710484030024e-10
6.824619010869806823e-01,7.625644333349129395e-10,4.493197685440263758e-10
6.835573455510046692e-01,7.627091782964083069e-10,4.494612380472663106e-10
6.846527900150287671e-01,7.628538472829692451e-10,4.496022787866141375e-10
6.857482344790527540e-01,7.629984386960028391e-10,4.497428899710656264e-10
6.868436789430767409e-01,7.631429509586756769e-10,4.498830707916886478e-10
6.879391234071009498e-01,7.632873825156660055e-10,4.500228204231643660e-10
6.890345678711249366e-01,7.634317318329187820e-10,4.501621380252941034e-10
6.901300123351489235e-01,7.635759973974022759e-10,4.503010227444788563e-10
6.912254567991730214e-01,7.637201777168698408e-10,4.504394737151676885e-10
6.923209012631971193e-01,7.638642713196210663e-10,4.505774900612747432e-10
6.934163457272211062e-01,7.640082767542697534e-10,4.507150708975656495e-10
6.945117901912450931e-01,7.641521925895111671e-10,4.508522153310137365e-10
6.956072346552691910e-01,7.642960174138927002e-10,4.509889224621252801e-10
6.967026791192932889e-01,7.644397498355896041e-10,4.511251913862332139e-10
6.977981235833172757e-01,7.645833884821797887e-10,4.512610211947593027e-10
6.988935680473413736e-01,7.647269320004236893e-10,4.513964109764487617e-10
6.999890125113653605e-01,7.648703790560444430e-10,4.515313598185695652e-10
7.010844569753894584e-01,7.650137283335152002e-10,4.516658668080844057e-10
7.021799014394134453e-01,7.651569785358407485e-10,4.517999310327892573e-10
7.032753459034375432e-01,7.653001283843508215e-10,4.519335515824248987e-10
7.043707903674615300e-01,7.654431766184900978e-10,4.520667275497542648e-10
7.054662348314856279e-01,7.655861219956107858e-10,4.521994580316131211e-10
7.065616792955097258e-01,7.657289632907705847e-10,4.523317421299272372e-10
7.076571237595337127e-01,7.658716992965295082e-10,4.524635789527024705e-10
7.087525682235576996e-01,7.660143288227520851e-10,4.525949676149846057e-10
7.098480126875817975e-01,7.661568506964095596e-10,4.527259072397878652e-10
7.109434571516058954e-01,7.662992637613859175e-10,4.528563969589979834e-10
7.120389016156298823e-01,7.664415668782845329e-10,4.529864359142430213e-10
7.131343460796538691e-01,7.665837589242377095e-10,4.531160232577366768e-10
7.142297905436779670e-01,7.667258387927209788e-10,4.532451581530950742e-10
7.153252350077020649e-01,7.668678053933638824e-10,4.533738397761223789e-10
7.164206794717260518e-01,7.670096576517674755e-10,4.535020673155713896e-10
7.175161239357501497e-01,7.671513945093236912e-10,4.536298399738753870e-10
7.186115683997741366e-01,7.672930149230339810e-10,4.537571569678539768e-10
7.197070128637982345e-01,7.674345178653325053e-10,4.538840175293911196e-10
7.208024573278222213e-01,7.675759023239101502e-10,4.540104209060875696e-10
7.218979017918463192e-01,7.677171673015416474e-10,4.541363663618884460e-10
7.229933462558703061e-01,7.678583118159126929e-10,4.542618531776815432e-10
7.240887907198944040e-01,7.679993348994510991e-10,4.543868806518762021e-10
7.251842351839185019e-01,7.681402355991588769e-10,4.545114481009515761e-10
7.262796796479424888e-01,7.682810129764465929e-10,4.546355548599843198e-10
7.273751241119664757e-01,7.684216661069680368e-10,4.547592002831509470e-10
7.284705685759905736e-01,7.685621940804601618e-10,4.548823837442065094e-10
7.295660130400146715e-01,7.687025960005806467e-10,4.550051046369404764e-10
7.306614575040386583e-01,7.688428709847511460e-10,4.551273623756088854e-10
7.317569019680626452e-01,7.689830181639996078e-10,4.552491563953456574e-10
7.328523464320868541e-01,7.691230366828049709e-10,4.553704861525502347e-10
7.339477908961108410e-01,7.692629256989457910e-10,4.554913511252552621e-10
7.350432353601348279e-01,7.694026843833454541e-10,4.556117508134712115e-10
7.361386798241589258e-01,7.695423119199264897e-10,4.557316847395124979e-10
7.372341242881830237e-01,7.696818075054590929e-10,4.558511524483013129e-10
7.383295687522070105e-01,7.698211703494166786e-10,4.559701535076525885e-10
7.394250132162309974e-01,7.699603996738298837e-10,4.560886875085396773e-10
7.405204576802550953e-01,7.700994947131450157e-10,4.562067540653396631e-10
7.416159021442790822e-01,7.702384547140804338e-10,4.563243528160613010e-10
7.427113466083031801e-01,7.703772789354883063e-10,4.564414834225547074e-10
7.438067910723272780e-01,7.705159666482153338e-10,4.565581455707021291e-10
7.449022355363512649e-01,7.706545171349667817e-10,4.566743389705924259e-10
7.459976800003752517e-01,7.707929296901700986e-10,4.567900633566774086e-10
7.470931244643993496e-01,7.709312036198421539e-10,4.569053184879137515e-10
7.481885689284234475e-01,7.710693382414559582e-10,4.570201041478852604e-10
7.492840133924474344e-01,7.712073328838107961e-10,4.571344201449128874e-10
7.503794578564714213e-01,7.713451868869029791e-10,4.572482663121467033e-10
7.514749023204956302e-01,7.714828996017967022e-10,4.573616425076452550e-10
7.525703467845196171e-01,0.000000000000000000e+00,0.000000000000000000e+00
7.536657912485436039e-01,0.000000000000000000e+00,0.000000000000000000e+00
7.547612357125677018e-01,0.000000000000000000e+00,0.000000000000000000e+00
7.558566801765917997e-01,0.000000000000000000e+00,0.000000000000000000e+00
7.569521246406157866e-01,0.000000000000000000e+00,0.000000000000000000e+00
7.580475691046397735e-01,0.000000000000000000e+00,0.000000000000000000e+00
7.591430135686638714e-01,0.000000000000000000e+00,0.000000000000000000e+00
7.602384580326879693e-01,0.000000000000000000e+00,0.000000000000000000e+00
7.613339024967119562e-01,0.000000000000000000e+00,0.000000000000000000e+00
7.624293469607360541e-01,0.000000000000000000e+00,0.000000000000000000e+00
7.635247914247600409e-01,0.000000000000000000e+00,0.000000000000000000e+00
7.646202358887841388e-01,0.000000000000000000e+00,0.000000000000000000e+00
7.657156803528081257e-01,0.000000000000000000e+00,0.000000000000000000e+00
7.668111248168322236e-01,0.000000000000000000e+00,0.000000000000000000e+00
7.679065692808562105e-01,0.000000000000000000e+00,0.000000000000000000e+00
7.690020137448801973e-01,0.000000000000000000e+00,0.000000000000000000e+00
7.700974582089044063e-01,0.000000000000000000e+00,0.000000000000000000e+00
7.711929026729283931e-01,0.000000000000000000e+00,0.000000000000000000e+00
7.722883471369523800e-01,0.000000000000000000e+00,0.000000000000000000e+00
7.733837916009764779e-01,0.000000000000000000e+00,0.000000000000000000e+00
7.744792360650005758e-01,0.000000000000000000e+00,0.000000000000000000e+00
7.755746805290245627e-01,0.000000000000000000e+00,0.000000000000000000e+00
7.766701249930485496e-01,0.000000000000000000e+00,0.000000000000000000e+00
7.777655694570726475e-01,0.000000000000000000e+00,0.000000000000000000e+00
7.788610139210967453e-01,0.000000000000000000e+00,0.000000000000000000e+00
7.799564583851207322e-01,0.000000000000000000e+00,0.000000000000000000e+00
7.810519028491448301e-01,0.000000000000000000e+00,0.000000000000000000e+00
7.821473473131688170e-01,0.000000000000000000e+00,0.000000000000000000e+00
7.832427917771929149e-01,0.000000000000000000e+00,0.000000000000000000e+00
7.843382362412169018e-01,0.000000000000000000e+00,0.000000000000000000e+00
7.854336807052409997e-01,0.000000000000000000e+00,0.000000000000000000e+00
7.865291251692649865e-01,0.000000000000000000e+00,0.000000000000000000e+00
7.876245696332890844e-01,0.000000000000000000e+00,0.000000000000000000e+00
7.887200140973131823e-01,0.000000000000000000e+00,0.000000000000000000e+00
7.898154585613371692e-01,0.000000000000000000e+00,0.000000000000000000e+00
7.909109030253611561e-01,0.000000000000000000e+00,0.000000000000000000e+00
7.920063474893852540e-01,0.000000000000000000e+00,0.000000000000000000e+00
7.931017919534093519e-01,0.000000000000000000e+00,0.000000000000000000e+00
7.941972364174333388e-01,0.000000000000000000e+00,0.000000000000000000e+00
7.952926808814573256e-01,0.000000000000000000e+00,0.000000000000000000e+00
7.963881253454814235e-01,0.000000000000000000e+00,0.000000000000000000e+00
7.974835698095055214e-01,0.000000000000000000e+00,0.000000000000000000e+00
7.985790142735295083e-01,0.000000000000000000e+00,0.000000000000000000e+00
7.996744587375536062e-01,0.000000000000000000e+00,0.000000000000000000e+00
8.007699032015775931e-01,0.000000000000000000e+00,0.000000000000000000e+00
8.018653476656016910e-01,0.000000000000000000e+00,0.000000000000000000e+00
8.029607921296256778e-01,0.000000000000000000e+00,0.000000000000000000e+00
8.040562365936497757e-01,0.000000000000000000e+00,0.000000000000000000e+00
8.051516810576737626e-01,0.000000000000000000e+00,0.000000000000000000e+00
8.062471255216978605e-01,0.000000000000000000e+00,0.000000000000000000e+00
8.073425699857219584e-01,0.000000000000000000e+00,0.000000000000000000e+00
8.084380144497459453e-01,0.000000000000000000e+00,0.000000000000000000e+00
8.095334589137699322e-01,0.000000000000000000e+00,0.000000000000000000e+00
8.106289033777940300e-01,0.000000000000000000e+00,0.000000000000000000e+00
8.117243478418181279e-01,0.000000000000000000e+00,0.000000000000000000e+00
8.128197923058421148e-01,0.000000000000000000e+00,0.000000000000000000e+00
8.139152367698661017e-01,0.000000000000000000e+00,0.000000000000000000e+00
8.150106812338903106e-01,0.000000000000000000e+00,0.000000000000000000e+00
8.161061256979142975e-01,0.000000000000000000e+00,0.000000000000000000e+00
8.172015701619382844e-01,0.000000000000000000e+00,0.000000000000000000e+00
8.182970146259623823e-01,0.000000000000000000e+00,0.000000000000000000e+00
8.193924590899864802e-01,0.000000000000000000e+00,0.000000000000000000e+00
8.204879035540104670e-01,0.000000000000000000e+00,0.000000000000000000e+00
8.215833480180344539e-01,0.000000000000000000e+00,0.000000000000000000e+00
8.226787924820585518e-01,0.000000000000000000e+00,0.000000000000000000e+00
8.237742369460825387e-01,0.000000000000000000e+00,0.000000000000000000e+00
8.248696814101066366e-01,0.000000000000000000e+00,0.000000000000000000e+00
8.259651258741307345e-01,0.000000000000000000e+00,0.000000000000000000e+00
8.270605703381547213e-01,0.000000000000000000e+00,0.000000000000000000e+00
8.281560148021787082e-01,0.000000000000000000e+00,0.000000000000000000e+00
8.292514592662028061e-01,0.000000000000000000e+00,0.000000000000000000e+00
8.303469037302269040e-01,0.000000000000000000e+00,0.000000000000000000e+00
8.314423481942508909e-01,0.000000000000000000e+00,0.000000000000000000e+00
8.325377926582748778e-01,0.000000000000000000e+00,0.000000000000000000e+00
8.336332371222990867e-01,0.000000000000000000e+00,0.000000000000000000e+00
8.347286815863230736e-01,0.000000000000000000e+00,0.000000000000000000e+00
8.358241260503470604e-01,0.000000000000000000e+00,0.000000000000000000e+00
8.369195705143711583e-01,0.000000000000000000e+00,0.000000000000000000e+00
8.380150149783952562e-01,0.000000000000000000e+00,0.000000000000000000e+00
8.391104594424192431e-01,0.000000000000000000e+00,0.000000000000000000e+00
8.402059039064432300e-01,0.000000000000000000e+00,0.000000000000000000e+00
8.413013483704673279e-01,0.000000000000000000e+00,0.000000000000000000e+00
8.423967928344914258e-01,0.000000000000000000e+00,0.000000000000000000e+00
8.434922372985154126e-01,0.000000000000000000e+00,0.000000000000000000e+00
8.445876817625395105e-01,0.000000000000000000e+00,0.000000000000000000e+00
8.456831262265634974e-01,0.000000000000000000e+00,0.000000000000000000e+00
8.467785706905875953e-01,0.000000000000000000e+00,0.000000000000000000e+00
8.478740151546115822e-01,0.000000000000000000e+00,0.000000000000000000e+00
8.489694596186356801e-01,0.000000000000000000e+00,0.000000000000000000e+00
8.500649040826596670e-01,0.000000000000000000e+00,0.000000000000000000e+00
8.511603485466836538e-01,0.000000000000000000e+00,0.000000000000000000e+00
8.522557930107078628e-01,0.000000000000000000e+00,0.000000000000000000e+00
8.533512374747318496e-01,0.000000000000000000e+00,0.000000000000000000e+00
8.544466819387558365e-01,0.000000000000000000e+00,0.000000000000000000e+00
8.555421264027798234e-01,0.000000000000000000e+00,0.000000000000000000e+00
8.566375708668040323e-01,0.000000000000000000e+00,0.000000000000000000e+00
8.577330153308280192e-01,0.000000000000000000e+00,0.000000000000000000e+00
8.588284597948520060e-01,0.000000000000000000e+00,0.000000000000000000e+00
8.599239042588761039e-01,0.000000000000000000e+00,0.000000000000000000e+00
8.610193487229002018e-01,0.000000000000000000e+00,0.000000000000000000e+00
8.621147931869241887e-01,0.000000000000000000e+00,0.000000000000000000e+00
8.632102376509482866e-01,0.000000000000000000e+00,0.000000000000000000e+00
8.643056821149722735e-01,0.000000000000000000e+00,0.000000000000000000e+00
8.654011265789963714e-01,0.000000000000000000e+00,0.000000000000000000e+00
8.664965710430203583e-01,0.000000000000000000e+00,0.000000000000000000e+00
8.675920155070444562e-01,0.000000000000000000e+00,0.000000000000000000e+00
8.686874599710684430e-01,0.000000000000000000e+00,0.000000000000000000e+00
8.697829044350925409e-01,0.000000000000000000e+00,0.000000000000000000e+00
8.708783488991166388e-01,0.000000000000000000e+00,0.000000000000000000e+00
8.719737933631406257e-01,0.000000000000000000e+00,0.000000000000000000e+00
8.730692378271646126e-01,0.000000000000000000e+00,0.000000000000000000e+00
8.741646822911887105e-01,0.000000000000000000e+00,0.000000000000000000e+00
8.752601267552128084e-01,0.000000000000000000e+00,0.000000000000000000e+00
8.763555712192367952e-01,0.000000000000000000e+00,0.000000000000000000e+00
8.774510156832607821e-01,0.000000000000000000e+00,0.000000000000000000e+00
8.785464601472848800e-01,0.000000000000000000e+00,0.000000000000000000e+00
8.796419046113088669e-01,0.000000000000000000e+00,0.000000000000000000e+00
8.807373490753328538e-01,0.000000000000000000e+00,0.000000000000000000e+00
8.818327935393570627e-01,0.000000000000000000e+00,0.000000000000000000e+00
8.829282380033811606e-01,0.000000000000000000e+00,0.000000000000000000e+00
8.840236824674051475e-01,0.000000000000000000e+00,0.000000000000000000e+00
8.851191269314291343e-01,0.000000000000000000e+00,0.000000000000000000e+00
8.862145713954532322e-01,0.000000000000000000e+00,0.000000000000000000e+00
8.873100158594772191e-01,0.000000000000000000e+00,0.000000000000000000e+00
8.884054603235012060e-01,0.000000000000000000e+00,0.000000000000000000e+00
8.895009047875253039e-01,0.000000000000000000e+00,0.000000000000000000e+00
8.905963492515495128e-01,0.000000000000000000e+00,0.000000000000000000e+00
8.916917937155734997e-01,0.000000000000000000e+00,0.000000000000000000e+00
8.927872381795974865e-01,0.000000000000000000e+00,0.000000000000000000e+00
8.938826826436215844e-01,0.000000000000000000e+00,0.000000000000000000e+00
8.949781271076455713e-01,0.000000000000000000e+00,0.000000000000000000e+00
8.960735715716695582e-01,0.000000000000000000e+00,0.000000000000000000e+00
8.971690160356936561e-01,0.000000000000000000e+00,0.000000000000000000e+00
8.982644604997176430e-01,0.000000000000000000e+00,0.000000000000000000e+00
8.993599049637418519e-01,0.000000000000000000e+00,0.000000000000000000e+00
9.004553494277658388e-01,0.000000000000000000e+00,0.000000000000000000e+00
9.015507938917899367e-01,0.000000000000000000e+00,0.000000000000000000e+00
9.026462383558139235e-01,0.000000000000000000e+00,0.000000000000000000e+00
9.037416828198379104e-01,0.000000000000000000e+00,0.000000000000000000e+00
9.048371272838620083e-01,0.000000000000000000e+00,0.000000000000000000e+00
9.059325717478859952e-01,0.000000000000000000e+00,0.000000000000000000e+00
9.070280162119099820e-01,0.000000000000000000e+00,0.000000000000000000e+00
9.081234606759340799e-01,0.000000000000000000e+00,0.000000000000000000e+00
9.092189051399582889e-01,0.000000000000000000e+00,0.000000000000000000e+00
9.103143496039822757e-01,0.000000000000000000e+00,0.000000000000000000e+00
9.114097940680062626e-01,0.000000000000000000e+00,0.000000000000000000e+00
9.125052385320303605e-01,0.000000000000000000e+00,0.000000000000000000e+00
9.136006829960543474e-01,0.000000000000000000e+00,0.000000000000000000e+00
9.146961274600783343e-01,0.000000000000000000e+00,0.000000000000000000e+00
9.157915719241024322e-01,0.000000000000000000e+00,0.000000000000000000e+00
9.168870163881264190e-01,0.000000000000000000e+00,0.000000000000000000e+00
9.179824608521506280e-01,0.000000000000000000e+00,0.000000000000000000e+00
9.190779053161746148e-01,0.000000000000000000e+00,0.000000000000000000e+00
9.201733497801987127e-01,0.000000000000000000e+00,0.000000000000000000e+00
9.212687942442226996e-01,0.000000000000000000e+00,0.000000000000000000e+00
9.223642387082466865e-01,0.000000000000000000e+00,0.000000000000000000e+00
9.234596831722707844e-01,0.000000000000000000e+00,0.000000000000000000e+00
9.245551276362947712e-01,0.000000000000000000e+00,0.000000000000000000e+00
9.256505721003187581e-01,0.000000000000000000e+00,0.000000000000000000e+00
9.267460165643429670e-01,0.000000000000000000e+00,0.000000000000000000e+00
9.278414610283670649e-01,0.000000000000000000e+00,0.000000000000000000e+00
9.289369054923910518e-01,0.000000000000000000e+00,0.000000000000000000e+00
9.300323499564150387e-01,0.000000000000000000e+00,0.000000000000000000e+00
9.311277944204391366e-01,0.000000000000000000e+00,0.000000000000000000e+00
9.322232388844631235e-01,0.000000000000000000e+00,0.000000000000000000e+00
9.333186833484871103e-01,0.000000000000000000e+00,0.000000000000000000e+00
9.344141278125112082e-01,0.000000000000000000e+00,0.000000000000000000e+00
9.355095722765351951e-01,0.000000000000000000e+00,0.000000000000000000e+00
9.366050167405594040e-01,0.000000000000000000e+00,0.000000000000000000e+00
9.377004612045833909e-01,0.000000000000000000e+00,0.000000000000000000e+00
9.387959056686074888e-01,0.000000000000000000e+00,0.000000000000000000e+00
9.398913501326314757e-01,0.000000000000000000e+00,0.000000000000000000e+00
9.409867945966554625e-01,0.000000000000000000e+00,0.000000000000000000e+00
9.420822390606795604e-01,0.000000000000000000e+00,0.000000000000000000e+00
9.431776835247035473e-01,0.000000000000000000e+00,0.000000000000000000e+00
9.442731279887275342e-01,0.000000000000000000e+00,0.000000000000000000e+00
9.453685724527517431e-01,0.000000000000000000e+00,0.000000000000000000e+00
9.464640169167758410e-01,0.000000000000000000e+00,0.000000000000000000e+00
9.475594613807998279e-01,0.000000000000000000e+00,0.000000000000000000e+00
9.486549058448238148e-01,0.000000000000000000e+00,0.000000000000000000e+00
9.497503503088479127e-01,0.000000000000000000e+00,0.000000000000000000e+00
9.508457947728718995e-01,0.000000000000000000e+00,0.000000000000000000e+00
9.519412392368958864e-01,0.000000000000000000e+00,0.000000000000000000e+00
9.530366837009199843e-01,0.000000000000000000e+00,0.000000000000000000e+00
9.541321281649441932e-01,0.000000000000000000e+00,0.000000000000000000e+00
9.552275726289681801e-01,0.000000000000000000e+00,0.000000000000000000e+00
9.563230170929921670e-01,0.000000000000000000e+00,0.000000000000000000e+00
9.574184615570162649e-01,0.000000000000000000e+00,0.000000000000000000e+00
9.585139060210402517e-01,0.000000000000000000e+00,0.000000000000000000e+00
9.596093504850642386e-01,0.000000000000000000e+00,0.000000000000000000e+00
9.607047949490883365e-01,0.000000000000000000e+00,0.000000000000000000e+00
9.618002394131123234e-01,0.000000000000000000e+00,0.000000000000000000e+00
9.628956838771363103e-01,0.000000000000000000e+00,0.000000000000000000e+00
9.639911283411605192e-01,0.000000000000000000e+00,0.000000000000000000e+00
9.650865728051846171e-01,0.000000000000000000e+00,0.000000000000000000e+00
9.661820172692086039e-01,0.000000000000000000e+00,0.000000000000000000e+00
9.672774617332325908e-01,0.000000000000000000e+00,0.000000000000000000e+00
9.683729061972566887e-01,0.000000000000000000e+00,0.000000000000000000e+00
9.694683506612806756e-01,0.000000000000000000e+00,0.000000000000000000e+00
9.705637951253046625e-01,0.000000000000000000e+00,0.000000000000000000e+00
9.716592395893287604e-01,0.000000000000000000e+00,0.000000000000000000e+00
9.727546840533529693e-01,0.000000000000000000e+00,0.000000000000000000e+00
9.738501285173769562e-01,0.000000000000000000e+00,0.000000000000000000e+00
9.749455729814009430e-01,0.000000000000000000e+00,0.000000000000000000e+00
9.760410174454250409e-01,0.000000000000000000e+00,0.000000000000000000e+00
9.771364619094490278e-01,0.000000000000000000e+00,0.000000000000000000e+00
9.782319063734730147e-01,0.000000000000000000e+00,0.000000000000000000e+00
9.793273508374971126e-01,0.000000000000000000e+00,0.000000000000000000e+00
9.804227953015210995e-01,0.000000000000000000e+00,0.000000000000000000e+00
9.815182397655453084e-01,0.000000000000000000e+00,0.000000000000000000e+00
9.826136842295692952e-01,0.000000000000000000e+00,0.000000000000000000e+00
9.837091286935933931e-01,0.000000000000000000e+00,0.000000000000000000e+00
9.848045731576173800e-01,0.000000000000000000e+00,0.000000000000000000e+00
9.859000176216413669e-01,0.000000000000000000e+00,0.000000000000000000e+00
9.869954620856654648e-01,0.000000000000000000e+00,0.000000000000000000e+00
9.880909065496894517e-01,0.000000000000000000e+00,0.000000000000000000e+00
9.891863510137134385e-01,0.000000000000000000e+00,0.000000000000000000e+00
9.902817954777375364e-01,0.000000000000000000e+00,0.000000000000000000e+00
9.913772399417617454e-01,0.000000000000000000e+00,0.000000000000000000e+00
9.924726844057857322e-01,0.000000000000000000e+00,0.000000000000000000e+00
9.935681288698097191e-01,0.000000000000000000e+00,0.000000000000000000e+00
9.946635733338338170e-01,0.000000000000000000e+00,0.000000000000000000e+00
9.957590177978578039e-01,0.000000000000000000e+00,0.000000000000000000e+00
9.968544622618817908e-01,0.000000000000000000e+00,0.000000000000000000e+00
9.979499067259058886e-01,0.000000000000000000e+00,0.000000000000000000e+00
9.990453511899298755e-01,0.000000000000000000e+00,0.000000000000000000e+00
1.000140795653954084e+00,0.000000000000000000e+00,0.000000000000000000e+00
1.001236240117978182e+00,0.000000000000000000e+00,0.000000000000000000e+00
1.002331684582002058e+00,0.000000000000000000e+00,0.000000000000000000e+00
1.003427129046026156e+00,0.000000000000000000e+00,0.000000000000000000e+00
1.004522573510050254e+00,0.000000000000000000e+00,0.000000000000000000e+00
1.005618017974074130e+00,0.000000000000000000e+00,0.000000000000000000e+00
1.006713462438098228e+00,0.000000000000000000e+00,0.000000000000000000e+00
1.007808906902122326e+00,0.000000000000000000e+00,0.000000000000000000e+00
1.008904351366146424e+00,0.000000000000000000e+00,0.000000000000000000e+00
1.009999795830170521e+00,0.000000000000000000e+00,0.000000000000000000e+00
1.011095240294194397e+00,0.000000000000000000e+00,0.000000000000000000e+00
1.012190684758218495e+00,0.000000000000000000e+00,0.000000000000000000e+00
1.013286129222242593e+00,0.000000000000000000e+00,0.000000000000000000e+00
1.014381573686266469e+00,0.000000000000000000e+00,0.000000000000000000e+00
1.015477018150290567e+00,0.000000000000000000e+00,0.000000000000000000e+00
1.016572462614314665e+00,0.000000000000000000e+00,0.000000000000000000e+00
1.017667907078338541e+00,0.000000000000000000e+00,0.000000000000000000e+00
1.018763351542362861e+00,0.000000000000000000e+00,0.000000000000000000e+00
1.019858796006386958e+00,0.000000000000000000e+00,0.000000000000000000e+00
1.020954240470410834e+00,0.000000000000000000e+00,0.000000000000000000e+00
1.022049684934434932e+00,0.000000000000000000e+00,0.000000000000000000e+00
1.023145129398459030e+00,0.000000000000000000e+00,0.000000000000000000e+00
1.024240573862482906e+00,0.000000000000000000e+00,0.000000000000000000e+00
1.025336018326507004e+00,0.000000000000000000e+00,0.000000000000000000e+00
1.026431462790531102e+00,0.000000000000000000e+00,0.000000000000000000e+00
1.027526907254555200e+00,0.000000000000000000e+00,0.000000000000000000e+00
1.028622351718579297e+00,0.000000000000000000e+00,0.000000000000000000e+00
1.029717796182603173e+00,0.000000000000000000e+00,0.000000000000000000e+00
1.030813240646627271e+00,0.000000000000000000e+00,0.000000000000000000e+00
1.031908685110651369e+00,0.000000000000000000e+00,0.000000000000000000e+00
1.033004129574675245e+00,0.000000000000000000e+00,0.000000000000000000e+00
1.034099574038699343e+00,0.000000000000000000e+00,0.000000000000000000e+00
1.035195018502723441e+00,0.000000000000000000e+00,0.000000000000000000e+00
1.036290462966747539e+00,0.000000000000000000e+00,0.000000000000000000e+00
1.037385907430771637e+00,0.000000000000000000e+00,0.000000000000000000e+00
1.038481351894795734e+00,0.000000000000000000e+00,0.000000000000000000e+00
1.039576796358819610e+00,0.000000000000000000e+00,0.000000000000000000e+00
1.040672240822843708e+00,0.000000000000000000e+00,0.000000000000000000e+00
1.041767685286867806e+00,0.000000000000000000e+00,0.000000000000000000e+00
1.042863129750891682e+00,0.000000000000000000e+00,0.000000000000000000e+00
1.043958574214915780e+00,0.000000000000000000e+00,0.000000000000000000e+00
1.045054018678939878e+00,0.000000000000000000e+00,0.000000000000000000e+00
1.046149463142963976e+00,0.000000000000000000e+00,0.000000000000000000e+00
1.047244907606988074e+00,0.000000000000000000e+00,0.000000000000000000e+00
1.048340352071011949e+00,0.000000000000000000e+00,0.000000000000000000e+00
1.049435796535036047e+00,0.000000000000000000e+00,0.000000000000000000e+00
1.050531240999060145e+00,0.000000000000000000e+00,0.000000000000000000e+00
1.051626685463084021e+00,0.000000000000000000e+00,0.000000000000000000e+00
1.052722129927108119e+00,0.000000000000000000e+00,0.000000000000000000e+00
1.053817574391132217e+00,0.000000000000000000e+00,0.000000000000000000e+00
1.054913018855156315e+00,0.000000000000000000e+00,0.000000000000000000e+00
1.056008463319180413e+00,0.000000000000000000e+00,0.000000000000000000e+00
1.057103907783204511e+00,0.000000000000000000e+00,0.000000000000000000e+00
1.058199352247228386e+00,0.000000000000000000e+00,0.000000000000000000e+00
1.059294796711252484e+00,0.000000000000000000e+00,0.000000000000000000e+00
1.060390241175276582e+00,0.000000000000000000e+00,0.000000000000000000e+00
1.061485685639300458e+00,0.000000000000000000e+00,0.000000000000000000e+00
1.062581130103324556e+00,0.000000000000000000e+00,0.000000000000000000e+00
1.063676574567348654e+00,0.000000000000000000e+00,0.000000000000000000e+00
1.064772019031372752e+00,0.000000000000000000e+00,0.000000000000000000e+00
1.065867463495396850e+00,0.000000000000000000e+00,0.000000000000000000e+00
1.066962907959420725e+00,0.000000000000000000e+00,0.000000000000000000e+00
1.068058352423444823e+00,0.000000000000000000e+00,0.000000000000000000e+00
1.069153796887468921e+00,0.000000000000000000e+00,0.000000000000000000e+00
1.070249241351492797e+00,0.000000000000000000e+00,0.000000000000000000e+00
1.071344685815516895e+00,0.000000000000000000e+00,0.000000000000000000e+00
1.072440130279540993e+00,0.000000000000000000e+00,0.000000000000000000e+00
1.073535574743565091e+00,0.000000000000000000e+00,0.000000000000000000e+00
1.074631019207589189e+00,0.000000000000000000e+00,0.000000000000000000e+00
1.075726463671613287e+00,0.000000000000000000e+00,0.000000000000000000e+00
1.076821908135637162e+00,0.000000000000000000e+00,0.000000000000000000e+00
1.077917352599661260e+00,0.000000000000000000e+00,0.000000000000000000e+00
1.079012797063685358e+00,0.000000000000000000e+00,0.000000000000000000e+00
1.080108241527709234e+00,0.000000000000000000e+00,0.000000000000000000e+00
1.081203685991733332e+00,0.000000000000000000e+00,0.000000000000000000e+00
1.082299130455757430e+00,0.000000000000000000e+00,0.000000000000000000e+00
1.083394574919781528e+00,0.000000000000000000e+00,0.000000000000000000e+00
1.084490019383805626e+00,0.000000000000000000e+00,0.000000000000000000e+00
1.085585463847829502e+00,0.000000000000000000e+00,0.000000000000000000e+00
1.086680908311853599e+00,0.000000000000000000e+00,0.000000000000000000e+00
1.087776352775877697e+00,0.000000000000000000e+00,0.000000000000000000e+00
1.088871797239901573e+00,0.000000000000000000e+00,0.000000000000000000e+00
1.089967241703925671e+00,0.000000000000000000e+00,0.000000000000000000e+00
1.091062686167949991e+00,0.000000000000000000e+00,0.000000000000000000e+00
1.092158130631973867e+00,0.000000000000000000e+00,0.000000000000000000e+00
1.093253575095997965e+00,0.000000000000000000e+00,0.000000000000000000e+00
1.094349019560022063e+00,0.000000000000000000e+00,0.000000000000000000e+00
1.095444464024045939e+00,0.000000000000000000e+00,0.000000000000000000e+00
1.096539908488070036e+00,0.000000000000000000e+00,0.000000000000000000e+00
1.097635352952094134e+00,0.000000000000000000e+00,0.000000000000000000e+00
1.098730797416118010e+00,0.000000000000000000e+00,0.000000000000000000e+00
1.099826241880142108e+00,0.000000000000000000e+00,0.000000000000000000e+00
1.100921686344166206e+00,0.000000000000000000e+00,0.000000000000000000e+00
1.102017130808190304e+00,0.000000000000000000e+00,0.000000000000000000e+00
1.103112575272214402e+00,0.000000000000000000e+00,0.000000000000000000e+00
1.104208019736238278e+00,0.000000000000000000e+00,0.000000000000000000e+00
1.105303464200262376e+00,0.000000000000000000e+00,0.000000000000000000e+00
1.106398908664286473e+00,0.000000000000000000e+00,0.000000000000000000e+00
1.107494353128310349e+00,0.000000000000000000e+00,0.000000000000000000e+00
1.108589797592334447e+00,0.000000000000000000e+00,0.000000000000000000e+00
1.109685242056358767e+00,0.000000000000000000e+00,0.000000000000000000e+00
1.110780686520382643e+00,0.000000000000000000e+00,0.000000000000000000e+00
1.111876130984406741e+00,0.000000000000000000e+00,0.000000000000000000e+00
1.112971575448430839e+00,0.000000000000000000e+00,0.000000000000000000e+00
1.114067019912454715e+00,0.000000000000000000e+00,0.000000000000000000e+00
1.115162464376478813e+00,0.000000000000000000e+00,0.000000000000000000e+00
1.116257908840502910e+00,0.000000000000000000e+00,0.000000000000000000e+00
1.117353353304526786e+00,0.000000000000000000e+00,0.000000000000000000e+00
1.118448797768551106e+00,0.000000000000000000e+00,0.000000000000000000e+00
1.119544242232574982e+00,0.000000000000000000e+00,0.000000000000000000e+00
1.120639686696599080e+00,0.000000000000000000e+00,0.000000000000000000e+00
1.121735131160623178e+00,0.000000000000000000e+00,0.000000000000000000e+00
1.122830575624647054e+00,0.000000000000000000e+00,0.000000000000000000e+00
1.123926020088671152e+00,0.000000000000000000e+00,0.000000000000000000e+00
1.125021464552695249e+00,0.000000000000000000e+00,0.000000000000000000e+00
1.126116909016719125e+00,0.000000000000000000e+00,0.000000000000000000e+00
1.127212353480743223e+00,0.000000000000000000e+00,0.000000000000000000e+00
1.128307797944767543e+00,0.000000000000000000e+00,0.000000000000000000e+00
1.129403242408791419e+00,0.000000000000000000e+00,0.000000000000000000e+00
1.130498686872815517e+00,0.000000000000000000e+00,0.000000000000000000e+00
1.131594131336839615e+00,0.000000000000000000e+00,0.000000000000000000e+00
1.132689575800863491e+00,0.000000000000000000e+00,0.000000000000000000e+00
1.133785020264887589e+00,0.000000000000000000e+00,0.000000000000000000e+00
1.134880464728911686e+00,0.000000000000000000e+00,0.000000000000000000e+00
1.135975909192935562e+00,0.000000000000000000e+00,0.000000000000000000e+00
1.137071353656959882e+00,0.000000000000000000e+00,0.000000000000000000e+00
1.138166798120983758e+00,0.000000000000000000e+00,0.000000000000000000e+00
1.139262242585007856e+00,0.000000000000000000e+00,0.000000000000000000e+00
1.140357687049031954e+00,0.000000000000000000e+00,0.000000000000000000e+00
1.141453131513055830e+00,0.000000000000000000e+00,0.000000000000000000e+00
1.142548575977079928e+00,0.000000000000000000e+00,0.000000000000000000e+00
1.143644020441104026e+00,0.000000000000000000e+00,0.000000000000000000e+00
1.144739464905127901e+00,0.000000000000000000e+00,0.000000000000000000e+00
1.145834909369152221e+00,0.000000000000000000e+00,0.000000000000000000e+00
1.146930353833176319e+00,0.000000000000000000e+00,0.000000000000000000e+00
1.148025798297200195e+00,0.000000000000000000e+00,0.000000000000000000e+00
1.149121242761224293e+00,0.000000000000000000e+00,0.000000000000000000e+00
1.150216687225248391e+00,0.000000000000000000e+00,0.000000000000000000e+00
1.151312131689272267e+00,0.000000000000000000e+00,0.000000000000000000e+00
1.152407576153296365e+00,0.000000000000000000e+00,0.000000000000000000e+00
1.153503020617320463e+00,0.000000000000000000e+00,0.000000000000000000e+00
1.154598465081344338e+00,0.000000000000000000e+00,0.000000000000000000e+00
1.155693909545368658e+00,0.000000000000000000e+00,0.000000000000000000e+00
1.156789354009392534e+00,0.000000000000000000e+00,0.000000000000000000e+00
1.157884798473416632e+00,0.000000000000000000e+00,0.000000000000000000e+00
1.158980242937440730e+00,0.000000000000000000e+00,0.000000000000000000e+00
1.160075687401464606e+00,0.000000000000000000e+00,0.000000000000000000e+00
1.161171131865488704e+00,0.000000000000000000e+00,0.000000000000000000e+00
1.162266576329512802e+00,0.000000000000000000e+00,0.000000000000000000e+00
1.163362020793536677e+00,0.000000000000000000e+00,0.000000000000000000e+00
1.164457465257560997e+00,0.000000000000000000e+00,0.000000000000000000e+00
1.165552909721585095e+00,0.000000000000000000e+00,0.000000000000000000e+00
1.166648354185608971e+00,0.000000000000000000e+00,0.000000000000000000e+00
1.167743798649633069e+00,0.000000000000000000e+00,0.000000000000000000e+00
1.168839243113657167e+00,0.000000000000000000e+00,0.000000000000000000e+00
1.169934687577681043e+00,0.000000000000000000e+00,0.000000000000000000e+00
1.171030132041705141e+00,0.000000000000000000e+00,0.000000000000000000e+00
1.172125576505729239e+00,0.000000000000000000e+00,0.000000000000000000e+00
1.173221020969753337e+00,0.000000000000000000e+00,0.000000000000000000e+00
1.174316465433777434e+00,0.000000000000000000e+00,0.000000000000000000e+00
1.175411909897801310e+00,0.000000000000000000e+00,0.000000000000000000e+00
1.176507354361825408e+00,0.000000000000000000e+00,0.000000000000000000e+00
1.177602798825849506e+00,0.000000000000000000e+00,0.000000000000000000e+00
1.178698243289873382e+00,0.000000000000000000e+00,0.000000000000000000e+00
1.179793687753897480e+00,0.000000000000000000e+00,0.000000000000000000e+00
1.180889132217921578e+00,0.000000000000000000e+00,0.000000000000000000e+00
1.181984576681945454e+00,0.000000000000000000e+00,0.000000000000000000e+00
1.183080021145969773e+00,0.000000000000000000e+00,0.000000000000000000e+00
1.184175465609993871e+00,0.000000000000000000e+00,0.000000000000000000e+00
1.185270910074017747e+00,0.000000000000000000e+00,0.000000000000000000e+00
1.186366354538041845e+00,0.000000000000000000e+00,0.000000000000000000e+00
1.187461799002065943e+00,0.000000000000000000e+00,0.000000000000000000e+00
1.188557243466089819e+00,0.000000000000000000e+00,0.000000000000000000e+00
1.189652687930113917e+00,0.000000000000000000e+00,0.000000000000000000e+00
1.190748132394138015e+00,0.000000000000000000e+00,0.000000000000000000e+00
1.191843576858162113e+00,0.000000000000000000e+00,0.000000000000000000e+00
1.192939021322186210e+00,0.000000000000000000e+00,0.000000000000000000e+00
1.194034465786210086e+00,0.000000000000000000e+00,0.000000000000000000e+00
1.195129910250234184e+00,0.000000000000000000e+00,0.000000000000000000e+00
1.196225354714258282e+00,0.000000000000000000e+00,0.000000000000000000e+00
1.197320799178282158e+00,0.000000000000000000e+00,0.000000000000000000e+00
1.198416243642306256e+00,0.000000000000000000e+00,0.000000000000000000e+00
1.199511688106330354e+00,0.000000000000000000e+00,0.000000000000000000e+00
1.200607132570354452e+00,0.000000000000000000e+00,0.000000000000000000e+00
1.201702577034378550e+00,0.000000000000000000e+00,0.000000000000000000e+00
1.202798021498402647e+00,0.000000000000000000e+00,0.000000000000000000e+00
1.203893465962426523e+00,0.000000000000000000e+00,0.000000000000000000e+00
1.204988910426450621e+00,0.000000000000000000e+00,0.000000000000000000e+00
1.206084354890474719e+00,0.000000000000000000e+00,0.000000000000000000e+00
1.207179799354498595e+00,0.000000000000000000e+00,0.000000000000000000e+00
1.208275243818522693e+00,0.000000000000000000e+00,0.000000000000000000e+00
1.209370688282546791e+00,0.000000000000000000e+00,0.000000000000000000e+00
1.210466132746570889e+00,0.000000000000000000e+00,0.000000000000000000e+00
1.211561577210594987e+00,0.000000000000000000e+00,0.000000000000000000e+00
1.212657021674618862e+00,0.000000000000000000e+00,0.000000000000000000e+00
1.213752466138642960e+00,0.000000000000000000e+00,0.000000000000000000e+00
1.214847910602667058e+00,0.000000000000000000e+00,0.000000000000000000e+00
1.215943355066690934e+00,0.000000000000000000e+00,0.000000000000000000e+00
1.217038799530715032e+00,0.000000000000000000e+00,0.000000000000000000e+00
1.218134243994739130e+00,0.000000000000000000e+00,0.000000000000000000e+00
1.219229688458763228e+00,0.000000000000000000e+00,0.000000000000000000e+00
1.220325132922787326e+00,0.000000000000000000e+00,0.000000000000000000e+00
1.221420577386811424e+00,0.000000000000000000e+00,0.000000000000000000e+00
1.222516021850835299e+00,0.000000000000000000e+00,0.000000000000000000e+00
1.223611466314859397e+00,0.000000000000000000e+00,0.000000000000000000e+00
1.224706910778883495e+00,0.000000000000000000e+00,0.000000000000000000e+00
1.225802355242907371e+00,0.000000000000000000e+00,0.000000000000000000e+00
1.226897799706931469e+00,0.000000000000000000e+00,0.000000000000000000e+00
1.227993244170955567e+00,0.000000000000000000e+00,0.000000000000000000e+00
1.229088688634979665e+00,0.000000000000000000e+00,0.000000000000000000e+00
1.230184133099003763e+00,0.000000000000000000e+00,0.000000000000000000e+00
1.231279577563027638e+00,0.000000000000000000e+00,0.000000000000000000e+00
1.232375022027051736e+00,0.000000000000000000e+00,0.000000000000000000e+00
1.233470466491075834e+00,0.000000000000000000e+00,0.000000000000000000e+00
1.234565910955099710e+00,0.000000000000000000e+00,0.000000000000000000e+00
1.235661355419123808e+00,0.000000000000000000e+00,0.000000000000000000e+00
1.236756799883147906e+00,0.000000000000000000e+00,0.000000000000000000e+00
1.237852244347172004e+00,0.000000000000000000e+00,0.000000000000000000e+00
1.238947688811196102e+00,0.000000000000000000e+00,0.000000000000000000e+00
1.240043133275220200e+00,0.000000000000000000e+00,0.000000000000000000e+00
1.241138577739244075e+00,0.000000000000000000e+00,0.000000000000000000e+00
1.242234022203268173e+00,0.000000000000000000e+00,0.000000000000000000e+00
1.243329466667292271e+00,0.000000000000000000e+00,0.000000000000000000e+00
1.244424911131316147e+00,0.000000000000000000e+00,0.000000000000000000e+00
1.245520355595340245e+00,0.000000000000000000e+00,0.000000000000000000e+00
1.246615800059364343e+00,0.000000000000000000e+00,0.000000000000000000e+00
1.247711244523388441e+00,0.000000000000000000e+00,0.000000000000000000e+00
1.248806688987412539e+00,0.000000000000000000e+00,0.000000000000000000e+00
1.249902133451436415e+00,0.000000000000000000e+00,0.000000000000000000e+00
1.250997577915460512e+00,0.000000000000000000e+00,0.000000000000000000e+00
1.252093022379484610e+00,0.000000000000000000e+00,0.000000000000000000e+00
1.253188466843508486e+00,0.000000000000000000e+00,0.000000000000000000e+00
1.254283911307532584e+00,0.000000000000000000e+00,0.000000000000000000e+00
1.255379355771556904e+00,0.000000000000000000e+00,0.000000000000000000e+00
1.256474800235580780e+00,0.000000000000000000e+00,0.000000000000000000e+00
1.257570244699604878e+00,0.000000000000000000e+00,0.000000000000000000e+00
1.258665689163628976e+00,0.000000000000000000e+00,0.000000000000000000e+00
1.259761133627652852e+00,0.000000000000000000e+00,0.000000000000000000e+00
1.260856578091676949e+00,0.000000000000000000e+00,0.000000000000000000e+00
1.261952022555701047e+00,0.000000000000000000e+00,0.000000000000000000e+00
1.263047467019724923e+00,0.000000000000000000e+00,0.000000000000000000e+00
1.264142911483749021e+00,0.000000000000000000e+00,0.000000000000000000e+00
1.265238355947773119e+00,0.000000000000000000e+00,0.000000000000000000e+00
1.266333800411797217e+00,0.000000000000000000e+00,0.000000000000000000e+00
1.267429244875821315e+00,0.000000000000000000e+00,0.000000000000000000e+00
1.268524689339845191e+00,0.000000000000000000e+00,0.000000000000000000e+00
1.269620133803869289e+00,0.000000000000000000e+00,0.000000000000000000e+00
1.270715578267893386e+00,0.000000000000000000e+00,0.000000000000000000e+00
1.271811022731917262e+00,0.000000000000000000e+00,0.000000000000000000e+00
1.272906467195941360e+00,0.000000000000000000e+00,0.000000000000000000e+00
1.274001911659965680e+00,0.000000000000000000e+00,0.000000000000000000e+00
1.275097356123989556e+00,0.000000000000000000e+00,0.000000000000000000e+00
1.276192800588013654e+00,0.000000000000000000e+00,0.000000000000000000e+00
1.277288245052037752e+00,0.000000000000000000e+00,0.000000000000000000e+00
1.278383689516061628e+00,0.000000000000000000e+00,0.000000000000000000e+00
1.279479133980085725e+00,0.000000000000000000e+00,0.000000000000000000e+00
1.280574578444109823e+00,0.000000000000000000e+00,0.000000000000000000e+00
1.281670022908133699e+00,0.000000000000000000e+00,0.000000000000000000e+00
1.282765467372158019e+00,0.000000000000000000e+00,0.000000000000000000e+00
1.283860911836181895e+00,0.000000000000000000e+00,0.000000000000000000e+00
1.284956356300205993e+00,0.000000000000000000e+00,0.000000000000000000e+00
1.286051800764230091e+00,0.000000000000000000e+00,0.000000000000000000e+00
1.287147245228253967e+00,0.000000000000000000e+00,0.000000000000000000e+00
1.288242689692278065e+00,0.000000000000000000e+00,0.000000000000000000e+00
1.289338134156302162e+00,0.000000000000000000e+00,0.000000000000000000e+00
1.290433578620326038e+00,0.000000000000000000e+00,0.000000000000000000e+00
1.291529023084350136e+00,0.000000000000000000e+00,0.000000000000000000e+00
1.292624467548374456e+00,0.000000000000000000e+00,0.000000000000000000e+00
1.293719912012398332e+00,0.000000000000000000e+00,0.000000000000000000e+00
1.294815356476422430e+00,0.000000000000000000e+00,0.000000000000000000e+00
1.295910800940446528e+00,0.000000000000000000e+00,0.000000000000000000e+00
1.297006245404470404e+00,0.000000000000000000e+00,0.000000000000000000e+00
1.298101689868494502e+00,0.000000000000000000e+00,0.000000000000000000e+00
1.299197134332518377e+00,0.000000000000000000e+00,0.000000000000000000e+00
1.300292578796542475e+00,0.000000000000000000e+00,0.000000000000000000e+00
1.301388023260566795e+00,0.000000000000000000e+00,0.000000000000000000e+00
1.302483467724590671e+00,0.000000000000000000e+00,0.000000000000000000e+00
1.303578912188614769e+00,0.000000000000000000e+00,0.000000000000000000e+00
1.304674356652638867e+00,0.000000000000000000e+00,0.000000000000000000e+00
1.305769801116662743e+00,0.000000000000000000e+00,0.000000000000000000e+00
1.306865245580686841e+00,0.000000000000000000e+00,0.000000000000000000e+00
1.307960690044710939e+00,0.000000000000000000e+00,0.000000000000000000e+00
1.309056134508734814e+00,0.000000000000000000e+00,0.000000000000000000e+00
1.310151578972759134e+00,0.000000000000000000e+00,0.000000000000000000e+00
1.311247023436783232e+00,0.000000000000000000e+00,0.000000000000000000e+00
1.312342467900807108e+00,0.000000000000000000e+00,0.000000000000000000e+00
1.313437912364831206e+00,0.000000000000000000e+00,0.000000000000000000e+00
1.314533356828855304e+00,0.000000000000000000e+00,0.000000000000000000e+00
1.315628801292879180e+00,0.000000000000000000e+00,0.000000000000000000e+00
1.316724245756903278e+00,0.000000000000000000e+00,0.000000000000000000e+00
1.317819690220927153e+00,0.000000000000000000e+00,0.000000000000000000e+00
1.318915134684951251e+00,0.000000000000000000e+00,0.000000000000000000e+00
1.320010579148975571e+00,0.000000000000000000e+00,0.000000000000000000e+00
1.321106023612999447e+00,0.000000000000000000e+00,0.000000000000000000e+00
1.322201468077023545e+00,0.000000000000000000e+00,0.000000000000000000e+00
1.323296912541047643e+00,0.000000000000000000e+00,0.000000000000000000e+00
1.324392357005071519e+00,0.000000000000000000e+00,0.000000000000000000e+00
1.325487801469095617e+00,0.000000000000000000e+00,0.000000000000000000e+00
1.326583245933119715e+00,0.000000000000000000e+00,0.000000000000000000e+00
1.327678690397143590e+00,0.000000000000000000e+00,0.000000000000000000e+00
1.328774134861167910e+00,0.000000000000000000e+00,0.000000000000000000e+00
1.329869579325192008e+00,0.000000000000000000e+00,0.000000000000000000e+00
1.330965023789215884e+00,0.000000000000000000e+00,0.000000000000000000e+00
1.332060468253239982e+00,0.000000000000000000e+00,0.000000000000000000e+00
1.333155912717263858e+00,0.000000000000000000e+00,0.000000000000000000e+00
1.334251357181287956e+00,0.000000000000000000e+00,0.000000000000000000e+00
1.335346801645312054e+00,0.000000000000000000e+00,0.000000000000000000e+00
1.336442246109335930e+00,0.000000000000000000e+00,0.000000000000000000e+00
1.337537690573360250e+00,0.000000000000000000e+00,0.000000000000000000e+00
1.338633135037384347e+00,0.000000000000000000e+00,0.000000000000000000e+00
1.339728579501408223e+00,0.000000000000000000e+00,0.000000000000000000e+00
1.340824023965432321e+00,0.000000000000000000e+00,0.000000000000000000e+00
1.341919468429456419e+00,0.000000000000000000e+00,0.000000000000000000e+00
1.343014912893480295e+00,0.000000000000000000e+00,0.000000000000000000e+00
1.344110357357504393e+00,0.000000000000000000e+00,0.000000000000000000e+00
1.345205801821528491e+00,0.000000000000000000e+00,0.000000000000000000e+00
1.346301246285552367e+00,0.000000000000000000e+00,0.000000000000000000e+00
1.347396690749576686e+00,0.000000000000000000e+00,0.000000000000000000e+00
1.348492135213600562e+00,0.000000000000000000e+00,0.000000000000000000e+00
1.349587579677624660e+00,0.000000000000000000e+00,0.000000000000000000e+00
1.350683024141648758e+00,0.000000000000000000e+00,0.000000000000000000e+00
1.351778468605672634e+00,0.000000000000000000e+00,0.000000000000000000e+00
1.352873913069696732e+00,0.000000000000000000e+00,0.000000000000000000e+00
1.353969357533720830e+00,0.000000000000000000e+00,0.000000000000000000e+00
1.355064801997744706e+00,0.000000000000000000e+00,0.000000000000000000e+00
1.356160246461769026e+00,0.000000000000000000e+00,0.000000000000000000e+00
1.357255690925793123e+00,0.000000000000000000e+00,0.000000000000000000e+00
1.358351135389816999e+00,0.000000000000000000e+00,0.000000000000000000e+00
1.359446579853841097e+00,0.000000000000000000e+00,0.000000000000000000e+00
1.360542024317865195e+00,0.000000000000000000e+00,0.000000000000000000e+00
1.361637468781889071e+00,0.000000000000000000e+00,0.000000000000000000e+00
1.362732913245913169e+00,0.000000000000000000e+00,0.000000000000000000e+00
1.363828357709937267e+00,0.000000000000000000e+00,0.000000000000000000e+00
1.364923802173961365e+00,0.000000000000000000e+00,0.000000000000000000e+00
1.366019246637985463e+00,0.000000000000000000e+00,0.000000000000000000e+00
1.367114691102009338e+00,0.000000000000000000e+00,0.000000000000000000e+00
1.368210135566033436e+00,0.000000000000000000e+00,0.000000000000000000e+00
1.369305580030057534e+00,0.000000000000000000e+00,0.000000000000000000e+00
