# omega(Hartree) S(1/Hartree) dS(1/Hartree)
1.095444464024046072e-03,4.400530853254622343e+00,1.403051340597388119e+01
2.190888928048092144e-03,4.364510518964026531e+00,6.284574493327823141e+00
3.286333392072138000e-03,4.337692339576413758e+00,3.416729131959826304e+00
4.381777856096184288e-03,4.319288869405672138e+00,2.367218692797036450e+00
5.477222320120230144e-03,4.308602709452156176e+00,1.836967928924714277e+00
6.572666784144275999e-03,4.305013065020049545e+00,1.616187434279846791e+00
7.668111248168322722e-03,4.307964411759166445e+00,1.517214576992045094e+00
8.763555712192368577e-03,4.316956913137238949e+00,1.461486041057207030e+00
9.859000176216414432e-03,4.331538298941257636e+00,1.431481993116558549e+00
1.095444464024046029e-02,4.351296967668777604e+00,1.421576745250259011e+00
1.204988910426450614e-02,4.375856118451197929e+00,1.426061523902657280e+00
1.314533356828855200e-02,4.404868752584750524e+00,1.439499664073714991e+00
1.424077803231259785e-02,4.438013412573944549e+00,1.457891176271129297e+00
1.533622249633664544e-02,4.474990549128669670e+00,1.478795589078222061e+00
1.643166696036068783e-02,4.515519424870197973e+00,1.500926669626064136e+00
1.752711142438473715e-02,4.559335478412929632e+00,1.523698862836294632e+00
1.862255588840878301e-02,4.606188084664789351e+00,1.546894955954958295e+00
1.971800035243282886e-02,4.655838657156454730e+00,1.570463856963385529e+00
2.081344481645687472e-02,4.708059046385898228e+00,1.594411600884474423e+00
2.190888928048092057e-02,4.762630194892467195e+00,1.618748772819241566e+00
2.300433374450496643e-02,4.819341015323008293e+00,1.643468593400560618e+00
2.409977820852901229e-02,4.877987462343315705e+00,1.668540229384478213e+00
2.519522267255305814e-02,4.938371773060616476e+00,1.693908910976130278e+00
2.629066713657710400e-02,5.000301853798627683e+00,1.719498601964232876e+00
2.738611160060114985e-02,5.063590793732104522e+00,1.745215213483129357e+00
2.848155606462519571e-02,5.128056488126720325e+00,1.770949591352649399e+00
2.957700052864924503e-02,5.193521355833939701e+00,1.796579964982235156e+00
3.067244499267329089e-02,5.259812137318580660e+00,1.821973837448417788e+00
3.176788945669733327e-02,5.326759760894184126e+00,1.846989356034459240e+00
3.286333392072137566e-02,5.394199266070498489e+00,1.871476186456199509e+00
3.395877838474542498e-02,5.461969773984106880e+00,1.895275948969732838e+00
3.505422284876947431e-02,5.529914495851127043e+00,1.918222186114000083e+00
3.614966731279351669e-02,5.597880771233270103e+00,1.940139872923686282e+00
3.724511177681756602e-02,5.665720128701785541e+00,1.960844438859923100e+00
3.834055624084160840e-02,5.733288362200450905e+00,1.980140329374658892e+00
3.943600070486565773e-02,5.800445617081480876e+00,1.997819210449427230e+00
4.053144516888970011e-02,5.867056480412323971e+00,2.013658103982517655e+00
4.162688963291374944e-02,5.932990070741493760e+00,2.027418075035123834e+00
4.272233409693779183e-02,5.998120123068555465e+00,2.038844643977632209e+00
4.381777856096184115e-02,6.062325065287624604e+00,2.047671978878870647e+00
4.491322302498588354e-02,6.125488082877103224e+00,2.053634212851922047e+00
4.600866748900993286e-02,6.187497169080167225e+00,2.056488898278758803e+00
4.710411195303397525e-02,6.248245158272093924e+00,2.056059588393272186e+00
4.819955641705802457e-02,6.307629740633784898e+00,2.052305748302521327e+00
4.929500088108207390e-02,6.365553456652681241e+00,2.045427176421498849e+00
5.039044534510611628e-02,6.421923670349183766e+00,2.036002637896669132e+00
5.148588980913015867e-02,6.476652520477792940e+00,2.025142342429438358e+00
5.258133427315420799e-02,6.529656849280518038e+00,2.014594101945218263e+00
5.367677873717825038e-02,6.580858108674114249e+00,2.006686043336272096e+00
5.477222320120229970e-02,6.630182244031926686e+00,2.003957855183974068e+00
5.586766766522634903e-02,6.677559555978008099e+00,2.008470809486750941e+00
5.696311212925039141e-02,6.722924540845197861e+00,2.021391613681626787e+00
5.805855659327444074e-02,6.766215710659059468e+00,2.044872835578468440e+00
5.915400105729849006e-02,6.807375393708742450e+00,2.090280013433579498e+00
6.024944552132253245e-02,6.846349516926519385e+00,2.196034704116921255e+00
6.134488998534658177e-02,6.883087371468686655e+00,2.442434704350134655e+00
6.244033444937061722e-02,6.917541363021133982e+00,2.918742815216846420e+00
6.353577891339466654e-02,6.949666748487511647e+00,3.655155025217448728e+00
6.463122337741870893e-02,6.979421360832564147e+00,4.775347346412238458e+00
6.572666784144275132e-02,7.006765323966441805e+00,7.047682643706354000e+00
6.682211230546680758e-02,7.031660759658647564e+00,1.132501109580361920e+01
6.791755676949084997e-02,7.054071488573378623e+00,1.639494060774307016e+01
6.901300123351489235e-02,7.073962727619942825e+00,1.921701147874395232e+01
7.010844569753894862e-02,7.091300785916463845e+00,1.776286726750575440e+01
7.120389016156299100e-02,7.106052761774751758e+00,1.316133336649777519e+01
7.229933462558703339e-02,7.118186243231443555e+00,8.508308253577169467e+00
7.339477908961108965e-02,7.127669014776711442e+00,5.766576703464498799e+00
7.449022355363513204e-02,7.134468773069418290e+00,4.455788275359572559e+00
7.558566801765917442e-02,7.138552854577843831e+00,3.613686985433146592e+00
7.668111248168321681e-02,7.139887978248620648e+00,3.011347564458271009e+00
7.777655694570725919e-02,7.138440006482733580e+00,2.638175907882728488e+00
7.887200140973131546e-02,7.134173727887038297e+00,2.426400421415808140e+00
7.996744587375535784e-02,7.127052665470400505e+00,2.293131086216548375e+00
8.106289033777940023e-02,7.117038914161011753e+00,2.191599809706138213e+00
8.215833480180345649e-02,7.104093011734685881e+00,2.107906196147646405e+00
8.325377926582749888e-02,7.088173847453737686e+00,2.042099568532113274e+00
8.434922372985154126e-02,7.069238612917446929e+00,1.995934296227720228e+00
8.544466819387558365e-02,7.047242799808456581e+00,1.968626555137588108e+00
8.654011265789963991e-02,7.022140249371203069e+00,1.956941322168068487e+00
8.763555712192368230e-02,6.993883258568553529e+00,1.956619746640127833e+00
8.873100158594772469e-02,6.962422747911146459e+00,1.963620637562560889e+00
8.982644604997176707e-02,6.927708495925793741e+00,1.974746893274054615e+00
9.092189051399580946e-02,6.889689445101446097e+00,1.987767098278937272e+00
9.201733497801986572e-02,6.848314083900789662e+00,2.001270537867843036e+00
9.311277944204390811e-02,6.803530909030333973e+00,2.014439441573444345e+00
9.420822390606795049e-02,6.755288971593627956e+00,2.026836156101822439e+00
9.530366837009200676e-02,6.703538509984823257e+00,2.038240953548976275e+00
9.639911283411604914e-02,6.648231671391344300e+00,2.048543356260774662e+00
9.749455729814009153e-02,6.589323322534314187e+00,2.057676839583309825e+00
9.859000176216414779e-02,6.526771948776018739e+00,2.065584021893860811e+00
9.968544622618819018e-02,6.460540638935271751e+00,2.072201120275233510e+00
1.007808906902122326e-01,6.390598151087150569e+00,2.077453391697566154e+00
1.018763351542362888e-01,6.316920052270506680e+00,2.081256056579074087e+00
1.029717796182603173e-01,6.239489922419197754e+00,2.083517407010951672e+00
1.040672240822843597e-01,6.158300609991425922e+00,2.084142322496759014e+00
1.051626685463084160e-01,6.073355523763440011e+00,2.083035366582114634e+00
1.062581130103324584e-01,5.984669942134973830e+00,2.080103199102673717e+00
1.073535574743565008e-01,5.892272318175226786e+00,2.075256309734054394e+00
1.084490019383805570e-01,5.796205555623471284e+00,2.068410195745035818e+00
1.095444464024045994e-01,5.696528228285263395e+00,2.059486126796653327e+00
1.106398908664286418e-01,5.593315712891643976e+00,2.048411614313589535e+00
1.117353353304526981e-01,5.486661203666184150e+00,2.035120665433024723e+00
1.128307797944767404e-01,5.376676575762155075e+00,2.019553849829450076e+00
1.139262242585007828e-01,5.263493064518888431e+00,2.001658173647203220e+00
1.150216687225248391e-01,5.147261728343443643e+00,1.981386706066686987e+00
1.161171131865488815e-01,5.028153665018832541e+00,1.958697876792296677e+00
1.172125576505729239e-01,4.906359954494586617e+00,1.933554322357663668e+00
1.183080021145969801e-01,4.782091305750301835e+00,1.905921129716455331e+00
1.194034465786210225e-01,4.655577391106006324e+00,1.875763294954814198e+00
1.204988910426450649e-01,4.527065858285883593e+00,1.843042196913081243e+00
1.215943355066691212e-01,4.396821018463493935e+00,1.807710897930874916e+00
1.226897799706931635e-01,4.265122217169907692e+00,1.769708162567197984e+00
1.237852244347171921e-01,4.132261904031807376e+00,1.728951312891946701e+00
1.248806688987412344e-01,3.998543426466102613e+00,1.685328515156695461e+00
1.259761133627652907e-01,3.864278581283805192e+00,1.638692039548623525e+00
1.270715578267893331e-01,3.729784966259169110e+00,1.588855583799379634e+00
1.281670022908133755e-01,3.595383180690645997e+00,1.535600843280407135e+00
1.292624467548374179e-01,3.461393929470088615e+00,1.478699713540947203e+00
1.303578912188614602e-01,3.328135088897885119e+00,1.417953509472571039e+00
1.314533356828855026e-01,3.195918794220887982e+00,1.353224396082987502e+00
1.325487801469095728e-01,3.065048608530221763e+00,1.284357888968035155e+00
1.336442246109336152e-01,2.935816830239343478e+00,1.210765397019800460e+00
1.347396690749576575e-01,2.808501991979478696e+00,1.130587039952443584e+00
1.358351135389816999e-01,2.683366597633063844e+00,1.041908222610998802e+00
1.369305580030057423e-01,2.560655136646717178e+00,9.614475962277941878e-01
1.380260024670297847e-01,2.440592406139903581e+00,9.983390352342601526e-01
1.391214469310538548e-01,2.323382162008234886e+00,1.367723516864223443e+00
1.402168913950778972e-01,2.209206110678756829e+00,2.375796162081783791e+00
1.413123358591019396e-01,2.098223243791616177e+00,5.529096962910955426e+00
1.424077803231259820e-01,1.990569509232313461e+00,9.709347099715985863e+00
1.435032247871500244e-01,1.886357803949428869e+00,8.904023361991823649e+00
1.445986692511740668e-01,1.785678267094752414e+00,4.742237103587734204e+00
1.456941137151981369e-01,1.688598846400046316e+00,2.917171966499370939e+00
1.467895581792221793e-01,1.595166106439069198e+00,2.072218309846850293e+00
1.478850026432462217e-01,1.505406244543625593e+00,1.659669372009457300e+00
1.489804471072702641e-01,1.419326278589696955e+00,1.447754695053141694e+00
1.500758915712943065e-01,1.336915370553210414e+00,1.231208842017194272e+00
1.511713360353183488e-01,1.258146250505926433e+00,1.021219328868904430e+00
1.522667804993423912e-01,1.182976707409149286e+00,8.685469708338101613e-01
1.533622249633664336e-01,1.111351115487209773e+00,7.874535445932596689e-01
1.544576694273904760e-01,1.043201967928632179e+00,7.525349937368047692e-01
1.555531138914145184e-01,9.784513929949369970e-01,7.300013644631173637e-01
1.566485583554385608e-01,9.170126311478710157e-01,7.008445448355646867e-01
1.577440028194626309e-01,8.587914553863416067e-01,6.607175386619005275e-01
1.588394472834866733e-01,8.036875204960578500e-01,6.123806540532774623e-01
1.599348917475107157e-01,7.515956302538466804e-01,5.604971111682802709e-01
1.610303362115347581e-01,7.024069147260308954e-01,5.094659704226639496e-01
1.621257806755588005e-01,6.560099126000645819e-01,4.627513624659090330e-01
1.632212251395828428e-01,6.122915559603008262e-01,4.226175483825284074e-01
1.643166696036069130e-01,5.711380570524585698e-01,3.899400401292246743e-01
1.654121140676309554e-01,5.324356983713105507e-01,3.642071903722478021e-01
1.665075585316549978e-01,4.960715288711596282e-01,3.438699433786140958e-01
1.676030029956790401e-01,4.619339702534538405e-01,3.269602770723981644e-01
1.686984474597030825e-01,4.299133381631486950e-01,3.116932271436476665e-01
1.697938919237271249e-01,3.999022837478657388e-01,2.968181246360782066e-01
1.708893363877511673e-01,3.717961614411141591e-01,2.816847674222985876e-01
1.719847808517752374e-01,3.454933290476058794e-01,2.661272370040543844e-01
1.730802253157992798e-01,3.208953862700534287e-01,2.502857676090318728e-01
1.741756697798233222e-01,2.979073577509548931e-01,2.344446563273091533e-01
1.752711142438473646e-01,2.764378265339244023e-01,2.189176272772907772e-01
1.763665587078714070e-01,2.563990236040257775e-01,2.039818987175419096e-01
1.774620031718954494e-01,2.377068788638381225e-01,1.898488305592881953e-01
1.785574476359194918e-01,2.202810385589562547e-01,1.766568678553148697e-01
1.796528920999435341e-01,2.040448538021678027e-01,1.644757828258323062e-01
1.807483365639675765e-01,1.889253444657540970e-01,1.533157765004554696e-01
1.818437810279916189e-01,1.748531423332357615e-01,1.431385779789035306e-01
1.829392254920156613e-01,1.617624170274852835e-01,1.338695833311092931e-01
1.840346699560397314e-01,1.495907878714780315e-01,1.254105736830011253e-01
1.851301144200637738e-01,1.382792244936757731e-01,1.176523031324688828e-01
1.862255588840878162e-01,1.277719386651569866e-01,1.104859034316726801e-01
1.873210033481118586e-01,1.180162695538999745e-01,1.038120139263299657e-01
1.884164478121359010e-01,1.089625643010320444e-01,9.754688832778252161e-02
1.895118922761599434e-01,1.005640555691643262e-01,9.162529251911019634e-02
1.906073367401840135e-01,9.277673747887855982e-02,8.600055610087478652e-02
1.917027812042080559e-01,8.555924113947155352e-02,8.064250683316935564e-02
1.927982256682320983e-01,7.887271079171365162e-02,7.553414914378736578e-02
1.938936701322561407e-01,7.268068141139823191e-02,7.066788401734218350e-02
1.949891145962801831e-01,6.694895847381027165e-02,6.604188619269286964e-02
1.960845590603042254e-01,6.164550044731033351e-02,6.165703256274699534e-02
1.971800035243282956e-01,5.674030446933168298e-02,5.751456839865314724e-02
1.982754479883523380e-01,5.220529555728035259e-02,5.361453597783263914e-02
1.993708924523763804e-01,4.801421962023991880e-02,4.995488337945232921e-02
2.004663369164004227e-01,4.414254046233689888e-02,4.653111593441704857e-02
2.015617813804244651e-01,4.056734090443286922e-02,4.333633793423097291e-02
2.026572258444485075e-01,3.726722809671541292e-02,4.036154404849283395e-02
2.037526703084725777e-01,3.422224304891988839e-02,3.759604573603649719e-02
2.048481147724966200e-01,3.141377436619349761e-02,3.502794787361165896e-02
2.059435592365206347e-01,2.882447614791563972e-02,3.264461853276029446e-02
2.070390037005446771e-01,2.643818997952529157e-02,3.043311716376998280e-02
2.081344481645687194e-01,2.423987092811737826e-02,2.838056269280283053e-02
2.092298926285927896e-01,2.221551743520127839e-02,2.647443388877869855e-02
2.103253370926168320e-01,2.035210498667567106e-02,2.470280113264692809e-02
2.114207815566408744e-01,1.863752343258487376e-02,2.305449276950931672e-02
2.125162260206649167e-01,1.706051782012679013e-02,2.151920161923794039e-02
2.136116704846889591e-01,1.561063260010203332e-02,2.008753868683043134e-02
2.147071149487130015e-01,1.427815906503669512e-02,1.875104203234461211e-02
2.158025594127370717e-01,1.305408587429359932e-02,1.750214927955562327e-02
2.168980038767611140e-01,1.193005252427311452e-02,1.633414239682989474e-02
2.179934483407851564e-01,1.089830562163629155e-02,1.524107315217453941e-02
2.190888928048091988e-01,9.951657820670947036e-03,1.421767704121753954e-02
2.201843372688332134e-01,9.083449289104832472e-03,1.325928255706191813e-02
2.212797817328572836e-01,8.287511569482351043e-03,1.236172150016261358e-02
2.223752261968813260e-01,7.558133709030425383e-03,1.152124472991099095e-02
2.234706706609053961e-01,6.890030533220637028e-03,1.073444643952752887e-02
2.245661151249294107e-01,6.278312944827913258e-03,9.998198803026551312e-03
2.256615595889534809e-01,5.718460133785276123e-03,9.309597761546680936e-03
2.267570040529774955e-01,5.206293588497634163e-03,8.665919839259229179e-03
2.278524485170015657e-01,4.737952804244444614e-03,8.064589222277155495e-03
2.289478929810256080e-01,4.309872588612320525e-03,7.503153893471728279e-03
2.300433374450496782e-01,3.918761869620751050e-03,6.979269373281155736e-03
2.311387819090736928e-01,3.561583915619216840e-03,6.490688533837949206e-03
2.322342263730977630e-01,3.235537881819983488e-03,6.035256001763011739e-03
2.333296708371217776e-01,2.938041602249006051e-03,5.610905798532668173e-03
2.344251153011458477e-01,2.666715549889146428e-03,5.215661055784203554e-03
2.355205597651698901e-01,2.419367892654472000e-03,4.847634857850308988e-03
2.366160042291939603e-01,2.193980576212432258e-03,4.505031478488360532e-03
2.377114486932179749e-01,1.988696368896365578e-03,4.186147480850374580e-03
2.388068931572420450e-01,1.801806807185946102e-03,3.889372325637620049e-03
2.399023376212660597e-01,1.631740984530399494e-03,3.613188280905210367e-03
2.409977820852901298e-01,1.477055128440723890e-03,3.356169540458075421e-03
2.420932265493141722e-01,1.336422915013408446e-03,3.116980546601559685e-03
2.431886710133382423e-01,1.208626472955667440e-03,2.894373573405811546e-03
2.442841154773622570e-01,1.092548030511984909e-03,2.687185661840936143e-03
2.453795599413863271e-01,9.871621645942190923e-04,2.494335026870791051e-03
2.464750044054103417e-01,8.915286102578354145e-04,2.314817056048896690e-03
2.475704488694343841e-01,8.047855938581565793e-04,2.147700024113091081e-03
2.486658933334584543e-01,7.261436546428820613e-04,1.992120638255825797e-03
2.497613377974824689e-01,6.548799208175710941e-04,1.847279514360195126e-03
2.508567822615065390e-01,5.903328099691204731e-04,1.712436675036304104e-03
2.519522267255305814e-01,5.318971244035880508e-04,1.586907142251718682e-03
2.530476711895546238e-01,4.790195137556449217e-04,1.470056682346972728e-03
2.541431156535786662e-01,4.311942798021858479e-04,1.361297749812548667e-03
2.552385601176027086e-01,3.879594991034971416e-04,1.260085660839364331e-03
2.563340045816267510e-01,3.488934418267448630e-04,1.165915020166466594e-03
2.574294490456507933e-01,3.136112647140934626e-04,1.078316409309887803e-03
2.585248935096748357e-01,2.817619596602434170e-04,9.968533429159981332e-04
2.596203379736989336e-01,2.530255390746101842e-04,9.211194884150680209e-04
2.607157824377229205e-01,2.271104407967462573e-04,8.507361399757358035e-04
2.618112269017470184e-01,2.037511372786238607e-04,7.853499367483740383e-04
2.629066713657710053e-01,1.827059332201659320e-04,7.246308068045008996e-04
2.640021158297951032e-01,1.637549387829934588e-04,6.682701233842125660e-04
2.650975602938191455e-01,1.466982043506977781e-04,6.159790511418750288e-04
2.661930047578431879e-01,1.313540057848839953e-04,5.674870678040239884e-04
2.672884492218672303e-01,1.175572681616636776e-04,5.225406398804403494e-04
2.683838936858912727e-01,1.051581181091477453e-04,4.809020372078285721e-04
2.694793381499153151e-01,9.402055438485353261e-05,4.423482670192697194e-04
2.705747826139393575e-01,8.402122828455556639e-05,4.066701149744748000e-04
2.716702270779633999e-01,7.504832492097630457e-05,3.736712767288106639e-04
2.727656715419874978e-01,6.700053804011945864e-05,3.431675697856371456e-04
2.738611160060114846e-01,5.978613062624207522e-05,3.149862122504468826e-04
2.749565604700355270e-01,5.332207473786749466e-05,2.889651596211321983e-04
2.760520049340595694e-01,4.753326463954693043e-05,2.649524930571465911e-04
2.771474493980836118e-01,4.235179683041399043e-05,2.428058489654387106e-04
2.782428938621077097e-01,3.771631215507178624e-05,2.223918869706956267e-04
2.793383383261316966e-01,3.357139456024161011e-05,2.035857888864998227e-04
2.804337827901557945e-01,2.986702244703328023e-05,1.862707879300664520e-04
2.815292272541797813e-01,2.655806741663705714e-05,1.703377193453519810e-04
2.826246717182038792e-01,2.360383780183736012e-05,1.556845979083364031e-04
2.837201161822279216e-01,2.096766221328947441e-05,1.422162135294025422e-04
2.848155606462519640e-01,1.861651002733722036e-05,1.298437448604499681e-04
2.859110051102760064e-01,1.652064614464505662e-05,1.184843925843559058e-04
2.870064495743000488e-01,1.465331670074488667e-05,1.080610284564292644e-04
2.881018940383240912e-01,1.299046315044212062e-05,9.850185957400916376e-05
2.891973385023481335e-01,1.151046279846009908e-05,8.974011102810465653e-05
2.902927829663721759e-01,1.019389235220510916e-05,8.171371751963147376e-05
2.913882274303962738e-01,9.023314143272113383e-06,7.436503635044333649e-05
2.924836718944202607e-01,7.983081332483121654e-06,6.764056763313195482e-05
2.935791163584443586e-01,7.059161999369081062e-06,6.149069423241998694e-05
2.946745608224683455e-01,6.238979340617615683e-06,5.586943176826158916e-05
2.957700052864924434e-01,5.511266775509715984e-06,5.073419005604814185e-05
2.968654497505164858e-01,4.865937211456302428e-06,4.604555097350839172e-05
2.979608942145405281e-01,4.293964381358517026e-06,4.176705482400822289e-05
2.990563386785645705e-01,3.787275965664964158e-06,3.786500245071130290e-05
3.001517831425886129e-01,3.338656575798412862e-06,3.430826433794455644e-05
3.012472276066126553e-01,2.941660380967691514e-06,3.106810305555207625e-05
3.023426720706366977e-01,2.590532363593896084e-06,2.811800747069362021e-05
3.034381165346607401e-01,2.280136951949655951e-06,2.543353336105672144e-05
3.045335609986847825e-01,2.005893997983269585e-06,2.299215713289582606e-05
3.056290054627088248e-01,1.763721089203096160e-06,2.077313873180679655e-05
3.067244499267328672e-01,1.549981206354982608e-06,1.875738856590954408e-05
3.078198943907569096e-01,1.361436212830517781e-06,1.692734989564240668e-05
3.089153388547809520e-01,1.195204540301408588e-06,1.526688314133457721e-05
3.100107833188050499e-01,1.048723472218697797e-06,1.376116168186915223e-05
3.111062277828290368e-01,9.197150662182492372e-07,1.239657215322606221e-05
3.122016722468531347e-01,8.061556919700803647e-07,1.116062317711869645e-05
3.132971167108771215e-01,7.062486576499106058e-07,1.004185981559983313e-05
3.143925611749012194e-01,6.183994886809720594e-07,9.029781383477262669e-06
3.154880056389252618e-01,5.411943345990841583e-07,8.114773098331126605e-06
3.165834501029493042e-01,4.733797457507020036e-07,7.288029644254945799e-06
3.176788945669733466e-01,4.138455048878598422e-07,6.541497994068632638e-06
3.187743390309973890e-01,3.616085401947816497e-07,5.867813325399396274e-06
3.198697834950214314e-01,3.157989953599343320e-07,5.260246527508010503e-06
3.209652279590454738e-01,2.756476815252607100e-07,4.712654095932184139e-06
3.220606724230695161e-01,2.404745362806099174e-07,4.219425917979889737e-06
3.231561168870936140e-01,2.096789322680481547e-07,3.775447271855709895e-06
3.242515613511176009e-01,1.827306087628420853e-07,3.376056486550801043e-06
3.253470058151416988e-01,1.591616406455970481e-07,3.017006548480644306e-06
3.264424502791656857e-01,1.385593468458480024e-07,2.694430710086661849e-06
3.275378947431897836e-01,1.205601006857357265e-07,2.404813203038476019e-06
3.286333392072138260e-01,1.048434256451684136e-07,2.144954380162093207e-06
3.297287836712378128e-01,9.112727960283399601e-08,1.911949133572661713e-06
3.308242281352619107e-01,7.916354271937021892e-08,1.703160713062680813e-06
3.319196725992858976e-01,6.873400179843292535e-08,1.516196286784321657e-06
3.330151170633099955e-01,5.964677557577776205e-08,1.348884037477891038e-06
3.341105615273339824e-01,5.173345508930331911e-08,1.199259102041562826e-06
3.352060059913580803e-01,4.484606387825305993e-08,1.065539257219471533e-06
3.363014504553821227e-01,3.885494288452294402e-08,9.461159367460676052e-07
3.373968949194061651e-01,3.364625598718211961e-08,8.395312963882370124e-07
3.384923393834302074e-01,2.912027390928271843e-08,7.444688631126847636e-07
3.395877838474542498e-01,2.518960974051251606e-08,6.597389799920546814e-07
3.406832283114782922e-01,2.177789220349476223e-08,5.842715091295581872e-07
3.417786727755023346e-01,1.881819196237955954e-08,5.170985805763264340e-07
3.428741172395263770e-01,1.625204912525668910e-08,4.573498217897074928e-07
3.439695617035504749e-01,1.402830828371297814e-08,4.042396749093937436e-07
3.450650061675744618e-01,1.210232689771017688e-08,3.570623539905578707e-07
3.461604506315985597e-01,1.043517860686628018e-08,3.151845690601307080e-07
3.472558950956225465e-01,8.992896185031974770e-09,2.780371931204135706e-07
3.483513395596466444e-01,7.745780474576166976e-09,2.451067187153791541e-07
3.494467840236706868e-01,6.668002950612377358e-09,2.159340344891821180e-07
3.505422284876947292e-01,5.737104999987606261e-09,1.901087466278004424e-07
3.516376729517187716e-01,4.933508933129020612e-09,1.672622979604356749e-07
3.527331174157428140e-01,4.240236683299294997e-09,1.470666201408677472e-07
3.538285618797668564e-01,3.642388472999529658e-09,1.292234637750426150e-07
3.549240063437908987e-01,3.127105355591597152e-09,1.134692478823957699e-07
3.560194508078149411e-01,2.683320716986357789e-09,9.957228491804007430e-08
3.571148952718389835e-01,2.301243612535499201e-09,8.731897719619777689e-08
3.582103397358630259e-01,1.972541973715743889e-09,7.652487758174758417e-08
3.593057841998870683e-01,1.689851709902619416e-09,6.702021257767468531e-08
3.604012286639111107e-01,1.446876885036728423e-09,5.865706897099561913e-08
3.614966731279351531e-01,1.238177774623479868e-09,5.130437683428321685e-08
3.625921175919592510e-01,1.059042391682845388e-09,4.484548864451227865e-08
3.636875620559832378e-01,9.053020540381045668e-10,3.917279995885843703e-08
3.647830065200073357e-01,7.734874935922539803e-10,3.419653599937056461e-08
3.658784509840313226e-01,6.604740151344614067e-10,2.983146752039951736e-08
3.669738954480554205e-01,5.636492308952113532e-10,2.600582031943587113e-08
3.680693399120794629e-01,4.807914047499694650e-10,2.265761172116920998e-08
3.691647843761035053e-01,4.098978772276306277e-10,1.972796512007064106e-08
3.702602288401275477e-01,3.492567221085501869e-10,1.716541583871908573e-08
3.713556733041515900e-01,2.973893284234279328e-10,1.492423133040086392e-08
3.724511177681756324e-01,2.531227440395109878e-10,1.296908280397689591e-08
3.735465622321996748e-01,2.153526337534529959e-10,1.126405101624519909e-08
3.746420066962237172e-01,2.094797554513651931e-10,1.118427914755634956e-08
3.757374511602478151e-01,2.095744721527585744e-10,1.142040207886154320e-08
3.768328956242718020e-01,2.096722909870109339e-10,1.166049661664608603e-08
3.779283400882958999e-01,2.097731713165443570e-10,1.190461152855715992e-08
3.790237845523198867e-01,2.098770730971425533e-10,1.215279602495616235e-08
3.801192290163439846e-01,2.099839568672415552e-10,1.240509975521021094e-08
3.812146734803680270e-01,2.100937837374445841e-10,1.266157280362640179e-08
3.823101179443920694e-01,2.102065153802633044e-10,1.292226568501620570e-08
3.834055624084161118e-01,2.103221140200736276e-10,1.318722933989697354e-08
3.845010068724400987e-01,2.104405424232833010e-10,1.345651512931380880e-08
3.855964513364641966e-01,2.105617638887043268e-10,1.373017482929185416e-08
3.866918958004882390e-01,2.106857422381324084e-10,1.400826062489930189e-08
3.877873402645122813e-01,2.108124418071144780e-10,1.429082510393463270e-08
3.888827847285363237e-01,2.109418274359202783e-10,1.457792125021597565e-08
3.899782291925603661e-01,2.110738644606895137e-10,1.486960243649956038e-08
3.910736736565844085e-01,2.112085187047724069e-10,1.516592241698513482e-08
3.921691181206084509e-01,2.113457564702433426e-10,1.546693531945498660e-08
3.932645625846324933e-01,2.114855445295934670e-10,1.577269563700494769e-08
3.943600070486565912e-01,2.116278501175920056e-10,1.608325821940474271e-08
3.954554515126805780e-01,2.117726409233147499e-10,1.639867826406895683e-08
3.965508959767046759e-01,2.119198850823376438e-10,1.671901130664384618e-08
3.976463404407286628e-01,2.120695511690884385e-10,1.704431321123575063e-08
3.987417849047527607e-01,2.122216081893542464e-10,1.737464016026370867e-08
3.998372293687768031e-01,2.123760255729395626e-10,1.771004864396145668e-08
4.009326738328008455e-01,2.125327731664801859e-10,1.805059544951709350e-08
4.020281182968248879e-01,2.126918212263912708e-10,1.839633764990957660e-08
4.031235627608489303e-01,2.128531404119677886e-10,1.874733259238434913e-08
4.042190072248729726e-01,2.130167017786181897e-10,1.910363788664246140e-08
4.053144516888970150e-01,2.131824767712342667e-10,1.946531139272614685e-08
4.064098961529210574e-01,2.133504372176962358e-10,1.983241120862747780e-08
4.075053406169451553e-01,2.135205553225040403e-10,2.020499565763143999e-08
4.086007850809691422e-01,2.136928036605392977e-10,2.058312327541097534e-08
4.096962295449932401e-01,2.138671551709461790e-10,2.096685279691061720e-08
4.107916740090172270e-01,2.140435831511369602e-10,2.135624314301156794e-08
4.118871184730412693e-01,2.142220612509158606e-10,2.175135340701103812e-08
4.129825629370653672e-01,2.144025634667172644e-10,2.215224284095521767e-08
4.140780074010893541e-01,2.145850641359563615e-10,2.255897084180932227e-08
4.151734518651134520e-01,2.147695379314921037e-10,2.297159693752780569e-08
4.162688963291374389e-01,2.149559598561997631e-10,2.339018077302483065e-08
4.173643407931615368e-01,2.151443052376428799e-10,2.381478209607575610e-08
4.184597852571855792e-01,2.153345497228562094e-10,2.424546074316812690e-08
4.195552297212096216e-01,2.155266692732269983e-10,2.468227662534654551e-08
4.206506741852336639e-01,2.157206401594712589e-10,2.512528971404443792e-08
4.217461186492577063e-01,2.159164389567121734e-10,2.557456002697432114e-08
4.228415631132817487e-01,2.161140425396519444e-10,2.603014761402414208e-08
4.239370075773057911e-01,0.000000000000000000e+00,0.000000000000000000e+00
4.250324520413298335e-01,0.000000000000000000e+00,0.000000000000000000e+00
4.261278965053539314e-01,0.000000000000000000e+00,0.000000000000000000e+00
4.272233409693779183e-01,0.000000000000000000e+00,0.000000000000000000e+00
4.283187854334020161e-01,0.000000000000000000e+00,0.000000000000000000e+00
4.294142298974260030e-01,0.000000000000000000e+00,0.000000000000000000e+00
4.305096743614501009e-01,0.000000000000000000e+00,0.000000000000000000e+00
4.316051188254741433e-01,0.000000000000000000e+00,0.000000000000000000e+00
4.327005632894981857e-01,0.000000000000000000e+00,0.000000000000000000e+00
4.337960077535222281e-01,0.000000000000000000e+00,0.000000000000000000e+00
4.348914522175462705e-01,0.000000000000000000e+00,0.000000000000000000e+00
4.359868966815703129e-01,0.000000000000000000e+00,0.000000000000000000e+00
4.370823411455943552e-01,0.000000000000000000e+00,0.000000000000000000e+00
4.381777856096183976e-01,0.000000000000000000e+00,0.000000000000000000e+00
4.392732300736424400e-01,0.000000000000000000e+00,0.000000000000000000e+00
4.403686745376664269e-01,0.000000000000000000e+00,0.000000000000000000e+00
4.414641190016905803e-01,0.000000000000000000e+00,0.000000000000000000e+00
4.425595634657145672e-01,0.000000000000000000e+00,0.000000000000000000e+00
4.436550079297386096e-01,0.000000000000000000e+00,0.000000000000000000e+00
4.447504523937626519e-01,0.000000000000000000e+00,0.000000000000000000e+00
4.458458968577867498e-01,0.000000000000000000e+00,0.000000000000000000e+00
4.469413413218107922e-01,0.000000000000000000e+00,0.000000000000000000e+00
4.480367857858347791e-01,0.000000000000000000e+00,0.000000000000000000e+00
4.491322302498588215e-01,0.000000000000000000e+00,0.000000000000000000e+00
4.502276747138829194e-01,0.000000000000000000e+00,0.000000000000000000e+00
4.513231191779069618e-01,0.000000000000000000e+00,0.000000000000000000e+00
4.524185636419310041e-01,0.000000000000000000e+00,0.000000000000000000e+00
4.535140081059549910e-01,0.000000000000000000e+00,0.000000000000000000e+00
4.546094525699791444e-01,0.000000000000000000e+00,0.000000000000000000e+00
4.557048970340031313e-01,0.000000000000000000e+00,0.000000000000000000e+00
4.568003414980271737e-01,0.000000000000000000e+00,0.000000000000000000e+00
4.578957859620512161e-01,0.000000000000000000e+00,0.000000000000000000e+00
4.589912304260753140e-01,0.000000000000000000e+00,0.000000000000000000e+00
4.600866748900993564e-01,0.000000000000000000e+00,0.000000000000000000e+00
4.611821193541233432e-01,0.000000000000000000e+00,0.000000000000000000e+00
4.622775638181473856e-01,0.000000000000000000e+00,0.000000000000000000e+00
4.633730082821714835e-01,0.000000000000000000e+00,0.000000000000000000e+00
4.644684527461955259e-01,0.000000000000000000e+00,0.000000000000000000e+00
4.655638972102195683e-01,0.000000000000000000e+00,0.000000000000000000e+00
4.666593416742435552e-01,0.000000000000000000e+00,0.000000000000000000e+00
4.677547861382675976e-01,0.000000000000000000e+00,0.000000000000000000e+00
4.688502306022916954e-01,0.000000000000000000e+00,0.000000000000000000e+00
4.699456750663157378e-01,0.000000000000000000e+00,0.000000000000000000e+00
4.710411195303397802e-01,0.000000000000000000e+00,0.000000000000000000e+00
4.721365639943637671e-01,0.000000000000000000e+00,0.000000000000000000e+00
4.732320084583879205e-01,0.000000000000000000e+00,0.000000000000000000e+00
4.743274529224119074e-01,0.000000000000000000e+00,0.000000000000000000e+00
4.754228973864359498e-01,0.000000000000000000e+00,0.000000000000000000e+00
4.765183418504599921e-01,0.000000000000000000e+00,0.000000000000000000e+00
4.776137863144840900e-01,0.000000000000000000e+00,0.000000000000000000e+00
4.787092307785081324e-01,0.000000000000000000e+00,0.000000000000000000e+00
4.798046752425321193e-01,0.000000000000000000e+00,0.000000000000000000e+00
4.809001197065561617e-01,0.000000000000000000e+00,0.000000000000000000e+00
4.819955641705802596e-01,0.000000000000000000e+00,0.000000000000000000e+00
4.830910086346043020e-01,0.000000000000000000e+00,0.000000000000000000e+00
4.841864530986283444e-01,0.000000000000000000e+00,0.000000000000000000e+00
4.852818975626523312e-01,0.000000000000000000e+00,0.000000000000000000e+00
4.863773420266764846e-01,0.000000000000000000e+00,0.000000000000000000e+00
4.874727864907004715e-01,0.000000000000000000e+00,0.000000000000000000e+00
4.885682309547245139e-01,0.000000000000000000e+00,0.000000000000000000e+00
4.896636754187485563e-01,0.000000000000000000e+00,0.000000000000000000e+00
4.907591198827726542e-01,0.000000000000000000e+00,0.000000000000000000e+00
4.918545643467966966e-01,0.000000000000000000e+00,0.000000000000000000e+00
4.929500088108206834e-01,0.000000000000000000e+00,0.000000000000000000e+00
4.940454532748447258e-01,0.000000000000000000e+00,0.000000000000000000e+00
4.951408977388687682e-01,0.000000000000000000e+00,0.000000000000000000e+00
4.962363422028928661e-01,0.000000000000000000e+00,0.000000000000000000e+00
4.973317866669169085e-01,0.000000000000000000e+00,0.000000000000000000e+00
4.984272311309408954e-01,0.000000000000000000e+00,0.000000000000000000e+00
4.995226755949649378e-01,0.000000000000000000e+00,0.000000000000000000e+00
5.006181200589890912e-01,0.000000000000000000e+00,0.000000000000000000e+00
5.017135645230130780e-01,0.000000000000000000e+00,0.000000000000000000e+00
5.028090089870370649e-01,0.000000000000000000e+00,0.000000000000000000e+00
5.039044534510611628e-01,0.000000000000000000e+00,0.000000000000000000e+00
5.049998979150852607e-01,0.000000000000000000e+00,0.000000000000000000e+00
5.060953423791092476e-01,0.000000000000000000e+00,0.000000000000000000e+00
5.071907868431332345e-01,0.000000000000000000e+00,0.000000000000000000e+00
5.082862313071573324e-01,0.000000000000000000e+00,0.000000000000000000e+00
5.093816757711814303e-01,0.000000000000000000e+00,0.000000000000000000e+00
5.104771202352054171e-01,0.000000000000000000e+00,0.000000000000000000e+00
5.115725646992295150e-01,0.000000000000000000e+00,0.000000000000000000e+00
5.126680091632535019e-01,0.000000000000000000e+00,0.000000000000000000e+00
5.137634536272775998e-01,0.000000000000000000e+00,0.000000000000000000e+00
5.148588980913015867e-01,0.000000000000000000e+00,0.000000000000000000e+00
5.159543425553256846e-01,0.000000000000000000e+00,0.000000000000000000e+00
5.170497870193496714e-01,0.000000000000000000e+00,0.000000000000000000e+00
5.181452314833737693e-01,0.000000000000000000e+00,0.000000000000000000e+00
5.192406759473978672e-01,0.000000000000000000e+00,0.000000000000000000e+00
5.203361204114218541e-01,0.000000000000000000e+00,0.000000000000000000e+00
5.214315648754458410e-01,0.000000000000000000e+00,0.000000000000000000e+00
5.225270093394699389e-01,0.000000000000000000e+00,0.000000000000000000e+00
5.236224538034940368e-01,0.000000000000000000e+00,0.000000000000000000e+00
5.247178982675180237e-01,0.000000000000000000e+00,0.000000000000000000e+00
5.258133427315420105e-01,0.000000000000000000e+00,0.000000000000000000e+00
5.269087871955661084e-01,0.000000000000000000e+00,0.000000000000000000e+00
5.280042316595902063e-01,0.000000000000000000e+00,0.000000000000000000e+00
5.290996761236141932e-01,0.000000000000000000e+00,0.000000000000000000e+00
5.301951205876382911e-01,0.000000000000000000e+00,0.000000000000000000e+00
5.312905650516622780e-01,0.000000000000000000e+00,0.000000000000000000e+00
5.323860095156863759e-01,0.000000000000000000e+00,0.000000000000000000e+00
5.334814539797103627e-01,0.000000000000000000e+00,0.000000000000000000e+00
5.345768984437344606e-01,0.000000000000000000e+00,0.000000000000000000e+00
5.356723429077584475e-01,0.000000000000000000e+00,0.000000000000000000e+00
5.367677873717825454e-01,0.000000000000000000e+00,0.000000000000000000e+00
5.378632318358066433e-01,0.000000000000000000e+00,0.000000000000000000e+00
5.389586762998306302e-01,0.000000000000000000e+00,0.000000000000000000e+00
5.400541207638546171e-01,0.000000000000000000e+00,0.000000000000000000e+00
5.411495652278787150e-01,0.000000000000000000e+00,0.000000000000000000e+00
5.422450096919028129e-01,0.000000000000000000e+00,0.000000000000000000e+00
5.433404541559267997e-01,0.000000000000000000e+00,0.000000000000000000e+00
5.444358986199507866e-01,0.000000000000000000e+00,0.000000000000000000e+00
5.455313430839749955e-01,0.000000000000000000e+00,0.000000000000000000e+00
5.466267875479989824e-01,0.000000000000000000e+00,0.000000000000000000e+00
5.477222320120229693e-01,0.000000000000000000e+00,0.000000000000000000e+00
5.488176764760470672e-01,0.000000000000000000e+00,0.000000000000000000e+00
5.499131209400710540e-01,0.000000000000000000e+00,0.000000000000000000e+00
5.510085654040951519e-01,0.000000000000000000e+00,0.000000000000000000e+00
5.521040098681191388e-01,0.000000000000000000e+00,0.000000000000000000e+00
5.531994543321432367e-01,0.000000000000000000e+00,0.000000000000000000e+00
5.542948987961672236e-01,0.000000000000000000e+00,0.000000000000000000e+00
5.553903432601913215e-01,0.000000000000000000e+00,0.000000000000000000e+00
5.564857877242154194e-01,0.000000000000000000e+00,0.000000000000000000e+00
5.575812321882394063e-01,0.000000000000000000e+00,0.000000000000000000e+00
5.586766766522633931e-01,0.000000000000000000e+00,0.000000000000000000e+00
5.597721211162874910e-01,0.000000000000000000e+00,0.000000000000000000e+00
5.608675655803115889e-01,0.000000000000000000e+00,0.000000000000000000e+00
5.619630100443355758e-01,0.000000000000000000e+00,0.000000000000000000e+00
5.630584545083595627e-01,0.000000000000000000e+00,0.000000000000000000e+00
5.641538989723837716e-01,0.000000000000000000e+00,0.000000000000000000e+00
5.652493434364077585e-01,0.000000000000000000e+00,0.000000000000000000e+00
5.663447879004317453e-01,0.000000000000000000e+00,0.000000000000000000e+00
5.674402323644558432e-01,0.000000000000000000e+00,0.000000000000000000e+00
5.685356768284799411e-01,0.000000000000000000e+00,0.000000000000000000e+00
5.696311212925039280e-01,0.000000000000000000e+00,0.000000000000000000e+00
5.707265657565279149e-01,0.000000000000000000e+00,0.000000000000000000e+00
5.718220102205520128e-01,0.000000000000000000e+00,0.000000000000000000e+00
5.729174546845761107e-01,0.000000000000000000e+00,0.000000000000000000e+00
5.740128991486000976e-01,0.000000000000000000e+00,0.000000000000000000e+00
5.751083436126241955e-01,0.000000000000000000e+00,0.000000000000000000e+00
5.762037880766481823e-01,0.000000000000000000e+00,0.000000000000000000e+00
5.772992325406721692e-01,0.000000000000000000e+00,0.000000000000000000e+00
5.783946770046962671e-01,0.000000000000000000e+00,0.000000000000000000e+00
5.794901214687203650e-01,0.000000000000000000e+00,0.000000000000000000e+00
5.805855659327443519e-01,0.000000000000000000e+00,0.000000000000000000e+00
5.816810103967683387e-01,0.000000000000000000e+00,0.000000000000000000e+00
5.827764548607925477e-01,0.000000000000000000e+00,0.000000000000000000e+00
5.838718993248165345e-01,0.000000000000000000e+00,0.000000000000000000e+00
5.849673437888405214e-01,0.000000000000000000e+00,0.000000000000000000e+00
5.860627882528646193e-01,0.000000000000000000e+00,0.000000000000000000e+00
5.871582327168887172e-01,0.000000000000000000e+00,0.000000000000000000e+00
5.882536771809127041e-01,0.000000000000000000e+00,0.000000000000000000e+00
5.893491216449366910e-01,0.000000000000000000e+00,0.000000000000000000e+00
5.904445661089607889e-01,0.000000000000000000e+00,0.000000000000000000e+00
5.915400105729848867e-01,0.000000000000000000e+00,0.000000000000000000e+00
5.926354550370088736e-01,0.000000000000000000e+00,0.000000000000000000e+00
5.937308995010329715e-01,0.000000000000000000e+00,0.000000000000000000e+00
5.948263439650569584e-01,0.000000000000000000e+00,0.000000000000000000e+00
5.959217884290810563e-01,0.000000000000000000e+00,0.000000000000000000e+00
5.970172328931050432e-01,0.000000000000000000e+00,0.000000000000000000e+00
5.981126773571291411e-01,0.000000000000000000e+00,0.000000000000000000e+00
5.992081218211531279e-01,0.000000000000000000e+00,0.000000000000000000e+00
6.003035662851772258e-01,0.000000000000000000e+00,0.000000000000000000e+00
6.013990107492013237e-01,0.000000000000000000e+00,0.000000000000000000e+00
6.024944552132253106e-01,0.000000000000000000e+00,0.000000000000000000e+00
6.035898996772492975e-01,0.000000000000000000e+00,0.000000000000000000e+00
6.046853441412733954e-01,0.000000000000000000e+00,0.000000000000000000e+00
6.057807886052974933e-01,0.000000000000000000e+00,0.000000000000000000e+00
6.068762330693214802e-01,0.000000000000000000e+00,0.000000000000000000e+00
6.079716775333454670e-01,0.000000000000000000e+00,0.000000000000000000e+00
6.090671219973695649e-01,0.000000000000000000e+00,0.000000000000000000e+00
6.101625664613936628e-01,0.000000000000000000e+00,0.000000000000000000e+00
6.112580109254176497e-01,0.000000000000000000e+00,0.000000000000000000e+00
6.123534553894417476e-01,0.000000000000000000e+00,0.000000000000000000e+00
6.134488998534657345e-01,0.000000000000000000e+00,0.000000000000000000e+00
6.145443443174898324e-01,0.000000000000000000e+00,0.000000000000000000e+00
6.156397887815138192e-01,0.000000000000000000e+00,0.000000000000000000e+00
6.167352332455379171e-01,0.000000000000000000e+00,0.000000000000000000e+00
6.178306777095619040e-01,0.000000000000000000e+00,0.000000000000000000e+00
6.189261221735860019e-01,0.000000000000000000e+00,0.000000000000000000e+00
6.200215666376100998e-01,0.000000000000000000e+00,0.000000000000000000e+00
6.211170111016340867e-01,0.000000000000000000e+00,0.000000000000000000e+00
6.222124555656580736e-01,0.000000000000000000e+00,0.000000000000000000e+00
6.233079000296821714e-01,0.000000000000000000e+00,0.000000000000000000e+00
6.244033444937062693e-01,0.000000000000000000e+00,0.000000000000000000e+00
6.254987889577302562e-01,0.000000000000000000e+00,0.000000000000000000e+00
6.265942334217542431e-01,0.000000000000000000e+00,0.000000000000000000e+00
6.276896778857784520e-01,0.000000000000000000e+00,0.000000000000000000e+00
6.287851223498024389e-01,0.000000000000000000e+00,0.000000000000000000e+00
6.298805668138264258e-01,0.000000000000000000e+00,0.000000000000000000e+00
6.309760112778505237e-01,0.000000000000000000e+00,0.000000000000000000e+00
6.320714557418745105e-01,0.000000000000000000e+00,0.000000000000000000e+00
6.331669002058986084e-01,0.000000000000000000e+00,0.000000000000000000e+00
6.342623446699225953e-01,0.000000000000000000e+00,0.000000000000000000e+00
6.353577891339466932e-01,0.000000000000000000e+00,0.000000000000000000e+00
6.364532335979706801e-01,0.000000000000000000e+00,0.000000000000000000e+00
6.375486780619947780e-01,0.000000000000000000e+00,0.000000000000000000e+00
6.386441225260188759e-01,0.000000000000000000e+00,0.000000000000000000e+00
6.397395669900428627e-01,0.000000000000000000e+00,0.000000000000000000e+00
6.408350114540668496e-01,0.000000000000000000e+00,0.000000000000000000e+00
6.419304559180909475e-01,0.000000000000000000e+00,0.000000000000000000e+00
6.430259003821150454e-01,0.000000000000000000e+00,0.000000000000000000e+00
6.441213448461390323e-01,0.000000000000000000e+00,0.000000000000000000e+00
6.452167893101630192e-01,0.000000000000000000e+00,0.000000000000000000e+00
6.463122337741872281e-01,0.000000000000000000e+00,0.000000000000000000e+00
6.474076782382112150e-01,0.000000000000000000e+00,0.000000000000000000e+00
6.485031227022352018e-01,0.000000000000000000e+00,0.000000000000000000e+00
6.495985671662591887e-01,0.000000000000000000e+00,0.000000000000000000e+00
6.506940116302833976e-01,0.000000000000000000e+00,0.000000000000000000e+00
6.517894560943073845e-01,0.000000000000000000e+00,0.000000000000000000e+00
6.528849005583313714e-01,0.000000000000000000e+00,0.000000000000000000e+00
6.539803450223554693e-01,0.000000000000000000e+00,0.000000000000000000e+00
6.550757894863795672e-01,0.000000000000000000e+00,0.000000000000000000e+00
6.561712339504035540e-01,0.000000000000000000e+00,0.000000000000000000e+00
6.572666784144276519e-01,0.000000000000000000e+00,0.000000000000000000e+00
6.583621228784516388e-01,0.000000000000000000e+00,0.000000000000000000e+00
6.594575673424756257e-01,0.000000000000000000e+00,0.000000000000000000e+00
6.605530118064997236e-01,0.000000000000000000e+00,0.000000000000000000e+00
6.616484562705238215e-01,0.000000000000000000e+00,0.000000000000000000e+00
6.627439007345478084e-01,0.000000000000000000e+00,0.000000000000000000e+00
6.638393451985717952e-01,0.000000000000000000e+00,0.000000000000000000e+00
6.649347896625960042e-01,0.000000000000000000e+00,0.000000000000000000e+00
6.660302341266199910e-01,0.000000000000000000e+00,0.000000000000000000e+00
6.671256785906439779e-01,0.000000000000000000e+00,0.000000000000000000e+00
6.682211230546679648e-01,0.000000000000000000e+00,0.000000000000000000e+00
6.693165675186921737e-01,0.000000000000000000e+00,0.000000000000000000e+00
6.704120119827161606e-01,0.000000000000000000e+00,0.000000000000000000e+00
6.715074564467401474e-01,0.000000000000000000e+00,0.000000000000000000e+00
6.726029009107642453e-01,0.000000000000000000e+00,0.000000000000000000e+00
6.736983453747883432e-01,0.000000000000000000e+00,0.000000000000000000e+00
6.747937898388123301e-01,0.000000000000000000e+00,0.000000000000000000e+00
6.758892343028363170e-01,0.000000000000000000e+00,0.000000000000000000e+00
6.769846787668604149e-01,0.000000000000000000e+00,0.000000000000000000e+00
6.780801232308845128e-01,0.000000000000000000e+00,0.000000000000000000e+00
6.791755676949084997e-01,0.000000000000000000e+00,0.000000000000000000e+00
6.802710121589325976e-01,0.000000000000000000e+00,0.000000000000000000e+00
6.813664566229565844e-01,0.000000000000000000e+00,0.000000000000000000e+00
6.824619010869806823e-01,0.000000000000000000e+00,0.000000000000000000e+00
6.835573455510046692e-01,0.000000000000000000e+00,0.000000000000000000e+00
6.846527900150287671e-01,0.000000000000000000e+00,0.000000000000000000e+00
6.857482344790527540e-01,0.000000000000000000e+00,0.000000000000000000e+00
6.868436789430767409e-01,0.000000000000000000e+00,0.000000000000000000e+00
6.879391234071009498e-01,0.000000000000000000e+00,0.000000000000000000e+00
6.890345678711249366e-01,0.000000000000000000e+00,0.000000000000000000e+00
6.901300123351489235e-01,0.000000000000000000e+00,0.000000000000000000e+00
6.912254567991730214e-01,0.000000000000000000e+00,0.000000000000000000e+00
6.923209012631971193e-01,0.000000000000000000e+00,0.000000000000000000e+00
6.934163457272211062e-01,0.000000000000000000e+00,0.000000000000000000e+00
6.945117901912450931e-01,0.000000000000000000e+00,0.000000000000000000e+00
6.956072346552691910e-01,0.000000000000000000e+00,0.000000000000000000e+00
6.967026791192932889e-01,0.000000000000000000e+00,0.000000000000000000e+00
6.977981235833172757e-01,0.000000000000000000e+00,0.000000000000000000e+00
6.988935680473413736e-01,0.000000000000000000e+00,0.000000000000000000e+00
6.999890125113653605e-01,0.000000000000000000e+00,0.000000000000000000e+00
7.010844569753894584e-01,0.000000000000000000e+00,0.000000000000000000e+00
7.021799014394134453e-01,0.000000000000000000e+00,0.000000000000000000e+00
7.032753459034375432e-01,0.000000000000000000e+00,0.000000000000000000e+00
7.043707903674615300e-01,0.000000000000000000e+00,0.000000000000000000e+00
7.054662348314856279e-01,0.000000000000000000e+00,0.000000000000000000e+00
7.065616792955097258e-01,0.000000000000000000e+00,0.000000000000000000e+00
7.076571237595337127e-01,0.000000000000000000e+00,0.000000000000000000e+00
7.087525682235576996e-01,0.000000000000000000e+00,0.000000000000000000e+00
7.098480126875817975e-01,0.000000000000000000e+00,0.000000000000000000e+00
7.109434571516058954e-01,0.000000000000000000e+00,0.000000000000000000e+00
7.120389016156298823e-01,0.000000000000000000e+00,0.000000000000000000e+00
7.131343460796538691e-01,0.000000000000000000e+00,0.000000000000000000e+00
7.142297905436779670e-01,0.000000000000000000e+00,0.000000000000000000e+00
7.153252350077020649e-01,0.000000000000000000e+00,0.000000000000000000e+00
7.164206794717260518e-01,0.000000000000000000e+00,0.000000000000000000e+00
7.175161239357501497e-01,0.000000000000000000e+00,0.000000000000000000e+00
7.186115683997741366e-01,0.000000000000000000e+00,0.000000000000000000e+00
7.197070128637982345e-01,0.000000000000000000e+00,0.000000000000000000e+00
7.208024573278222213e-01,0.000000000000000000e+00,0.000000000000000000e+00
7.218979017918463192e-01,0.000000000000000000e+00,0.000000000000000000e+00
7.229933462558703061e-01,0.000000000000000000e+00,0.000000000000000000e+00
7.240887907198944040e-01,0.000000000000000000e+00,0.000000000000000000e+00
7.251842351839185019e-01,0.000000000000000000e+00,0.000000000000000000e+00
7.262796796479424888e-01,0.000000000000000000e+00,0.000000000000000000e+00
7.273751241119664757e-01,0.000000000000000000e+00,0.000000000000000000e+00
7.284705685759905736e-01,0.000000000000000000e+00,0.000000000000000000e+00
7.295660130400146715e-01,0.000000000000000000e+00,0.000000000000000000e+00
7.306614575040386583e-01,0.000000000000000000e+00,0.000000000000000000e+00
7.317569019680626452e-01,0.000000000000000000e+00,0.000000000000000000e+00
7.328523464320868541e-01,0.000000000000000000e+00,0.000000000000000000e+00
7.339477908961108410e-01,0.000000000000000000e+00,0.000000000000000000e+00
7.350432353601348279e-01,0.000000000000000000e+00,0.000000000000000000e+00
7.361386798241589258e-01,0.000000000000000000e+00,0.000000000000000000e+00
7.372341242881830237e-01,0.000000000000000000e+00,0.000000000000000000e+00
7.383295687522070105e-01,0.000000000000000000e+00,0.000000000000000000e+00
7.394250132162309974e-01,0.000000000000000000e+00,0.000000000000000000e+00
7.405204576802550953e-01,0.000000000000000000e+00,0.000000000000000000e+00
7.416159021442790822e-01,0.000000000000000000e+00,0.000000000000000000e+00
7.427113466083031801e-01,0.000000000000000000e+00,0.000000000000000000e+00
7.438067910723272780e-01,0.000000000000000000e+00,0.000000000000000000e+00
7.449022355363512649e-01,0.000000000000000000e+00,0.000000000000000000e+00
7.459976800003752517e-01,0.000000000000000000e+00,0.000000000000000000e+00
7.470931244643993496e-01,0.000000000000000000e+00,0.000000000000000000e+00
7.481885689284234475e-01,0.000000000000000000e+00,0.000000000000000000e+00
7.492840133924474344e-01,0.000000000000000000e+00,0.000000000000000000e+00
7.503794578564714213e-01,0.000000000000000000e+00,0.000000000000000000e+00
7.514749023204956302e-01,0.000000000000000000e+00,0.000000000000000000e+00
7.525703467845196171e-01,0.000000000000000000e+00,0.000000000000000000e+00
7.536657912485436039e-01,0.000000000000000000e+00,0.000000000000000000e+00
7.547612357125677018e-01,0.000000000000000000e+00,0.000000000000000000e+00
7.558566801765917997e-01,0.000000000000000000e+00,0.000000000000000000e+00
7.569521246406157866e-01,0.000000000000000000e+00,0.000000000000000000e+00
7.580475691046397735e-01,0.000000000000000000e+00,0.000000000000000000e+00
7.591430135686638714e-01,0.000000000000000000e+00,0.000000000000000000e+00
7.602384580326879693e-01,0.000000000000000000e+00,0.000000000000000000e+00
7.613339024967119562e-01,0.000000000000000000e+00,0.000000000000000000e+00
7.624293469607360541e-01,0.000000000000000000e+00,0.000000000000000000e+00
7.635247914247600409e-01,0.000000000000000000e+00,0.000000000000000000e+00
7.646202358887841388e-01,0.000000000000000000e+00,0.000000000000000000e+00
7.657156803528081257e-01,0.000000000000000000e+00,0.000000000000000000e+00
7.668111248168322236e-01,0.000000000000000000e+00,0.000000000000000000e+00
7.679065692808562105e-01,0.000000000000000000e+00,0.000000000000000000e+00
7.690020137448801973e-01,0.000000000000000000e+00,0.000000000000000000e+00
7.700974582089044063e-01,0.000000000000000000e+00,0.000000000000000000e+00
7.711929026729283931e-01,0.000000000000000000e+00,0.000000000000000000e+00
7.722883471369523800e-01,0.000000000000000000e+00,0.000000000000000000e+00
7.733837916009764779e-01,0.000000000000000000e+00,0.000000000000000000e+00
7.744792360650005758e-01,0.000000000000000000e+00,0.000000000000000000e+00
7.755746805290245627e-01,0.000000000000000000e+00,0.000000000000000000e+00
7.766701249930485496e-01,0.000000000000000000e+00,0.000000000000000000e+00
7.777655694570726475e-01,0.000000000000000000e+00,0.000000000000000000e+00
7.788610139210967453e-01,0.000000000000000000e+00,0.000000000000000000e+00
7.799564583851207322e-01,0.000000000000000000e+00,0.000000000000000000e+00
7.810519028491448301e-01,0.000000000000000000e+00,0.000000000000000000e+00
7.821473473131688170e-01,0.000000000000000000e+00,0.000000000000000000e+00
7.832427917771929149e-01,0.000000000000000000e+00,0.000000000000000000e+00
7.843382362412169018e-01,0.000000000000000000e+00,0.000000000000000000e+00
7.854336807052409997e-01,0.000000000000000000e+00,0.000000000000000000e+00
7.865291251692649865e-01,0.000000000000000000e+00,0.000000000000000000e+00
7.876245696332890844e-01,0.000000000000000000e+00,0.000000000000000000e+00
7.887200140973131823e-01,0.000000000000000000e+00,0.000000000000000000e+00
7.898154585613371692e-01,0.000000000000000000e+00,0.000000000000000000e+00
7.909109030253611561e-01,0.000000000000000000e+00,0.000000000000000000e+00
7.920063474893852540e-01,0.000000000000000000e+00,0.000000000000000000e+00
7.931017919534093519e-01,0.000000000000000000e+00,0.000000000000000000e+00
7.941972364174333388e-01,0.000000000000000000e+00,0.000000000000000000e+00
7.952926808814573256e-01,0.000000000000000000e+00,0.000000000000000000e+00
7.963881253454814235e-01,0.000000000000000000e+00,0.000000000000000000e+00
7.974835698095055214e-01,0.000000000000000000e+00,0.000000000000000000e+00
7.985790142735295083e-01,0.000000000000000000e+00,0.000000000000000000e+00
7.996744587375536062e-01,0.000000000000000000e+00,0.000000000000000000e+00
8.007699032015775931e-01,0.000000000000000000e+00,0.000000000000000000e+00
8.018653476656016910e-01,0.000000000000000000e+00,0.000000000000000000e+00
8.029607921296256778e-01,0.000000000000000000e+00,0.000000000000000000e+00
8.040562365936497757e-01,0.000000000000000000e+00,0.000000000000000000e+00
8.051516810576737626e-01,0.000000000000000000e+00,0.000000000000000000e+00
8.062471255216978605e-01,0.000000000000000000e+00,0.000000000000000000e+00
8.073425699857219584e-01,0.000000000000000000e+00,0.000000000000000000e+00
8.084380144497459453e-01,0.000000000000000000e+00,0.000000000000000000e+00
8.095334589137699322e-01,0.000000000000000000e+00,0.000000000000000000e+00
8.106289033777940300e-01,0.000000000000000000e+00,0.000000000000000000e+00
8.117243478418181279e-01,0.000000000000000000e+00,0.000000000000000000e+00
8.128197923058421148e-01,0.000000000000000000e+00,0.000000000000000000e+00
8.139152367698661017e-01,0.000000000000000000e+00,0.000000000000000000e+00
8.150106812338903106e-01,0.000000000000000000e+00,0.000000000000000000e+00
8.161061256979142975e-01,0.000000000000000000e+00,0.000000000000000000e+00
8.172015701619382844e-01,0.000000000000000000e+00,0.000000000000000000e+00
8.182970146259623823e-01,0.000000000000000000e+00,0.000000000000000000e+00
8.193924590899864802e-01,0.000000000000000000e+00,0.000000000000000000e+00
8.204879035540104670e-01,0.000000000000000000e+00,0.000000000000000000e+00
8.215833480180344539e-01,0.000000000000000000e+00,0.000000000000000000e+00
8.226787924820585518e-01,0.000000000000000000e+00,0.000000000000000000e+00
8.237742369460825387e-01,0.000000000000000000e+00,0.000000000000000000e+00
8.248696814101066366e-01,0.000000000000000000e+00,0.000000000000000000e+00
8.259651258741307345e-01,0.000000000000000000e+00,0.000000000000000000e+00
8.270605703381547213e-01,0.000000000000000000e+00,0.000000000000000000e+00
8.281560148021787082e-01,0.000000000000000000e+00,0.000000000000000000e+00
8.292514592662028061e-01,0.000000000000000000e+00,0.000000000000000000e+00
8.303469037302269040e-01,0.000000000000000000e+00,0.000000000000000000e+00
8.314423481942508909e-01,0.000000000000000000e+00,0.000000000000000000e+00
8.325377926582748778e-01,0.000000000000000000e+00,0.000000000000000000e+00
8.336332371222990867e-01,0.000000000000000000e+00,0.000000000000000000e+00
8.347286815863230736e-01,0.000000000000000000e+00,0.000000000000000000e+00
8.358241260503470604e-01,0.000000000000000000e+00,0.000000000000000000e+00
8.369195705143711583e-01,0.000000000000000000e+00,0.000000000000000000e+00
8.380150149783952562e-01,0.000000000000000000e+00,0.000000000000000000e+00
8.391104594424192431e-01,0.000000000000000000e+00,0.000000000000000000e+00
8.402059039064432300e-01,0.000000000000000000e+00,0.000000000000000000e+00
8.413013483704673279e-01,0.000000000000000000e+00,0.000000000000000000e+00
8.423967928344914258e-01,0.000000000000000000e+00,0.000000000000000000e+00
8.434922372985154126e-01,0.000000000000000000e+00,0.000000000000000000e+00
8.445876817625395105e-01,0.000000000000000000e+00,0.000000000000000000e+00
8.456831262265634974e-01,0.000000000000000000e+00,0.000000000000000000e+00
8.467785706905875953e-01,0.000000000000000000e+00,0.000000000000000000e+00
8.478740151546115822e-01,0.000000000000000000e+00,0.000000000000000000e+00
8.489694596186356801e-01,0.000000000000000000e+00,0.000000000000000000e+00
8.500649040826596670e-01,0.000000000000000000e+00,0.000000000000000000e+00
8.511603485466836538e-01,0.000000000000000000e+00,0.000000000000000000e+00
8.522557930107078628e-01,0.000000000000000000e+00,0.000000000000000000e+00
8.533512374747318496e-01,0.000000000000000000e+00,0.000000000000000000e+00
8.544466819387558365e-01,0.000000000000000000e+00,0.000000000000000000e+00
8.555421264027798234e-01,0.000000000000000000e+00,0.000000000000000000e+00
8.566375708668040323e-01,0.000000000000000000e+00,0.000000000000000000e+00
8.577330153308280192e-01,0.000000000000000000e+00,0.000000000000000000e+00
8.588284597948520060e-01,0.000000000000000000e+00,0.000000000000000000e+00
8.599239042588761039e-01,0.000000000000000000e+00,0.000000000000000000e+00
8.610193487229002018e-01,0.000000000000000000e+00,0.000000000000000000e+00
8.621147931869241887e-01,0.000000000000000000e+00,0.000000000000000000e+00
8.632102376509482866e-01,0.000000000000000000e+00,0.000000000000000000e+00
8.643056821149722735e-01,0.000000000000000000e+00,0.000000000000000000e+00
8.654011265789963714e-01,0.000000000000000000e+00,0.000000000000000000e+00
8.664965710430203583e-01,0.000000000000000000e+00,0.000000000000000000e+00
8.675920155070444562e-01,0.000000000000000000e+00,0.000000000000000000e+00
8.686874599710684430e-01,0.000000000000000000e+00,0.000000000000000000e+00
8.697829044350925409e-01,0.000000000000000000e+00,0.000000000000000000e+00
8.708783488991166388e-01,0.000000000000000000e+00,0.000000000000000000e+00
8.719737933631406257e-01,0.000000000000000000e+00,0.000000000000000000e+00
8.730692378271646126e-01,0.000000000000000000e+00,0.000000000000000000e+00
8.741646822911887105e-01,0.000000000000000000e+00,0.000000000000000000e+00
8.752601267552128084e-01,0.000000000000000000e+00,0.000000000000000000e+00
8.763555712192367952e-01,0.000000000000000000e+00,0.000000000000000000e+00
8.774510156832607821e-01,0.000000000000000000e+00,0.000000000000000000e+00
8.785464601472848800e-01,0.000000000000000000e+00,0.000000000000000000e+00
8.796419046113088669e-01,0.000000000000000000e+00,0.000000000000000000e+00
8.807373490753328538e-01,0.000000000000000000e+00,0.000000000000000000e+00
8.818327935393570627e-01,0.000000000000000000e+00,0.000000000000000000e+00
8.829282380033811606e-01,0.000000000000000000e+00,0.000000000000000000e+00
8.840236824674051475e-01,0.000000000000000000e+00,0.000000000000000000e+00
8.851191269314291343e-01,0.000000000000000000e+00,0.000000000000000000e+00
8.862145713954532322e-01,0.000000000000000000e+00,0.000000000000000000e+00
8.873100158594772191e-01,0.000000000000000000e+00,0.000000000000000000e+00
8.884054603235012060e-01,0.000000000000000000e+00,0.000000000000000000e+00
8.895009047875253039e-01,0.000000000000000000e+00,0.000000000000000000e+00
8.905963492515495128e-01,0.000000000000000000e+00,0.000000000000000000e+00
8.916917937155734997e-01,0.000000000000000000e+00,0.000000000000000000e+00
8.927872381795974865e-01,0.000000000000000000e+00,0.000000000000000000e+00
8.938826826436215844e-01,0.000000000000000000e+00,0.000000000000000000e+00
8.949781271076455713e-01,0.000000000000000000e+00,0.000000000000000000e+00
8.960735715716695582e-01,0.000000000000000000e+00,0.000000000000000000e+00
8.971690160356936561e-01,0.000000000000000000e+00,0.000000000000000000e+00
8.982644604997176430e-01,0.000000000000000000e+00,0.000000000000000000e+00
8.993599049637418519e-01,0.000000000000000000e+00,0.000000000000000000e+00
9.004553494277658388e-01,0.000000000000000000e+00,0.000000000000000000e+00
9.015507938917899367e-01,0.000000000000000000e+00,0.000000000000000000e+00
9.026462383558139235e-01,0.000000000000000000e+00,0.000000000000000000e+00
9.037416828198379104e-01,0.000000000000000000e+00,0.000000000000000000e+00
9.048371272838620083e-01,0.000000000000000000e+00,0.000000000000000000e+00
9.059325717478859952e-01,0.000000000000000000e+00,0.000000000000000000e+00
9.070280162119099820e-01,0.000000000000000000e+00,0.000000000000000000e+00
9.081234606759340799e-01,0.000000000000000000e+00,0.000000000000000000e+00
9.092189051399582889e-01,0.000000000000000000e+00,0.000000000000000000e+00
9.103143496039822757e-01,0.000000000000000000e+00,0.000000000000000000e+00
9.114097940680062626e-01,0.000000000000000000e+00,0.000000000000000000e+00
9.125052385320303605e-01,0.000000000000000000e+00,0.000000000000000000e+00
9.136006829960543474e-01,0.000000000000000000e+00,0.000000000000000000e+00
9.146961274600783343e-01,0.000000000000000000e+00,0.000000000000000000e+00
9.157915719241024322e-01,0.000000000000000000e+00,0.000000000000000000e+00
9.168870163881264190e-01,0.000000000000000000e+00,0.000000000000000000e+00
9.179824608521506280e-01,0.000000000000000000e+00,0.000000000000000000e+00
9.190779053161746148e-01,0.000000000000000000e+00,0.000000000000000000e+00
9.201733497801987127e-01,0.000000000000000000e+00,0.000000000000000000e+00
9.212687942442226996e-01,0.000000000000000000e+00,0.000000000000000000e+00
9.223642387082466865e-01,0.000000000000000000e+00,0.000000000000000000e+00
9.234596831722707844e-01,0.000000000000000000e+00,0.000000000000000000e+00
9.245551276362947712e-01,0.000000000000000000e+00,0.000000000000000000e+00
9.256505721003187581e-01,0.000000000000000000e+00,0.000000000000000000e+00
9.267460165643429670e-01,0.000000000000000000e+00,0.000000000000000000e+00
9.278414610283670649e-01,0.000000000000000000e+00,0.000000000000000000e+00
9.289369054923910518e-01,0.000000000000000000e+00,0.000000000000000000e+00
9.300323499564150387e-01,0.000000000000000000e+00,0.000000000000000000e+00
9.311277944204391366e-01,0.000000000000000000e+00,0.000000000000000000e+00
9.322232388844631235e-01,0.000000000000000000e+00,0.000000000000000000e+00
9.333186833484871103e-01,0.000000000000000000e+00,0.000000000000000000e+00
9.344141278125112082e-01,0.000000000000000000e+00,0.000000000000000000e+00
9.355095722765351951e-01,0.000000000000000000e+00,0.000000000000000000e+00
9.366050167405594040e-01,0.000000000000000000e+00,0.000000000000000000e+00
9.377004612045833909e-01,0.000000000000000000e+00,0.000000000000000000e+00
9.387959056686074888e-01,0.000000000000000000e+00,0.000000000000000000e+00
9.398913501326314757e-01,0.000000000000000000e+00,0.000000000000000000e+00
9.409867945966554625e-01,0.000000000000000000e+00,0.000000000000000000e+00
9.420822390606795604e-01,0.000000000000000000e+00,0.000000000000000000e+00
9.431776835247035473e-01,0.000000000000000000e+00,0.000000000000000000e+00
9.442731279887275342e-01,0.000000000000000000e+00,0.000000000000000000e+00
9.453685724527517431e-01,0.000000000000000000e+00,0.000000000000000000e+00
9.464640169167758410e-01,0.000000000000000000e+00,0.000000000000000000e+00
9.475594613807998279e-01,0.000000000000000000e+00,0.000000000000000000e+00
9.486549058448238148e-01,0.000000000000000000e+00,0.000000000000000000e+00
9.497503503088479127e-01,0.000000000000000000e+00,0.000000000000000000e+00
9.508457947728718995e-01,0.000000000000000000e+00,0.000000000000000000e+00
9.519412392368958864e-01,0.000000000000000000e+00,0.000000000000000000e+00
9.530366837009199843e-01,0.000000000000000000e+00,0.000000000000000000e+00
9.541321281649441932e-01,0.000000000000000000e+00,0.000000000000000000e+00
9.552275726289681801e-01,0.000000000000000000e+00,0.000000000000000000e+00
9.563230170929921670e-01,0.000000000000000000e+00,0.000000000000000000e+00
9.574184615570162649e-01,0.000000000000000000e+00,0.000000000000000000e+00
9.585139060210402517e-01,0.000000000000000000e+00,0.000000000000000000e+00
9.596093504850642386e-01,0.000000000000000000e+00,0.000000000000000000e+00
9.607047949490883365e-01,0.000000000000000000e+00,0.000000000000000000e+00
9.618002394131123234e-01,0.000000000000000000e+00,0.000000000000000000e+00
9.628956838771363103e-01,0.000000000000000000e+00,0.000000000000000000e+00
9.639911283411605192e-01,0.000000000000000000e+00,0.000000000000000000e+00
9.650865728051846171e-01,0.000000000000000000e+00,0.000000000000000000e+00
9.661820172692086039e-01,0.000000000000000000e+00,0.000000000000000000e+00
9.672774617332325908e-01,0.000000000000000000e+00,0.000000000000000000e+00
9.683729061972566887e-01,0.000000000000000000e+00,0.000000000000000000e+00
9.694683506612806756e-01,0.000000000000000000e+00,0.000000000000000000e+00
9.705637951253046625e-01,0.000000000000000000e+00,0.000000000000000000e+00
9.716592395893287604e-01,0.000000000000000000e+00,0.000000000000000000e+00
9.727546840533529693e-01,0.000000000000000000e+00,0.000000000000000000e+00
9.738501285173769562e-01,0.000000000000000000e+00,0.000000000000000000e+00
9.749455729814009430e-01,0.000000000000000000e+00,0.000000000000000000e+00
9.760410174454250409e-01,0.000000000000000000e+00,0.000000000000000000e+00
9.771364619094490278e-01,0.000000000000000000e+00,0.000000000000000000e+00
9.782319063734730147e-01,0.000000000000000000e+00,0.000000000000000000e+00
9.793273508374971126e-01,0.000000000000000000e+00,0.000000000000000000e+00
9.804227953015210995e-01,0.000000000000000000e+00,0.000000000000000000e+00
9.815182397655453084e-01,0.000000000000000000e+00,0.000000000000000000e+00
9.826136842295692952e-01,0.000000000000000000e+00,0.000000000000000000e+00
9.837091286935933931e-01,0.000000000000000000e+00,0.000000000000000000e+00
9.848045731576173800e-01,0.000000000000000000e+00,0.000000000000000000e+00
9.859000176216413669e-01,0.000000000000000000e+00,0.000000000000000000e+00
9.869954620856654648e-01,0.000000000000000000e+00,0.000000000000000000e+00
9.880909065496894517e-01,0.000000000000000000e+00,0.000000000000000000e+00
9.891863510137134385e-01,0.000000000000000000e+00,0.000000000000000000e+00
9.902817954777375364e-01,0.000000000000000000e+00,0.000000000000000000e+00
9.913772399417617454e-01,0.000000000000000000e+00,0.000000000000000000e+00
9.924726844057857322e-01,0.000000000000000000e+00,0.000000000000000000e+00
9.935681288698097191e-01,0.000000000000000000e+00,0.000000000000000000e+00
9.946635733338338170e-01,0.000000000000000000e+00,0.000000000000000000e+00
9.957590177978578039e-01,0.000000000000000000e+00,0.000000000000000000e+00
9.968544622618817908e-01,0.000000000000000000e+00,0.000000000000000000e+00
9.979499067259058886e-01,0.000000000000000000e+00,0.000000000000000000e+00
9.990453511899298755e-01,0.000000000000000000e+00,0.000000000000000000e+00
1.000140795653954084e+00,0.000000000000000000e+00,0.000000000000000000e+00
1.001236240117978182e+00,0.000000000000000000e+00,0.000000000000000000e+00
1.002331684582002058e+00,0.000000000000000000e+00,0.000000000000000000e+00
1.003427129046026156e+00,0.000000000000000000e+00,0.000000000000000000e+00
1.004522573510050254e+00,0.000000000000000000e+00,0.000000000000000000e+00
1.005618017974074130e+00,0.000000000000000000e+00,0.000000000000000000e+00
1.006713462438098228e+00,0.000000000000000000e+00,0.000000000000000000e+00
1.007808906902122326e+00,0.000000000000000000e+00,0.000000000000000000e+00
1.008904351366146424e+00,0.000000000000000000e+00,0.000000000000000000e+00
1.009999795830170521e+00,0.000000000000000000e+00,0.000000000000000000e+00
1.011095240294194397e+00,0.000000000000000000e+00,0.000000000000000000e+00
1.012190684758218495e+00,0.000000000000000000e+00,0.000000000000000000e+00
1.013286129222242593e+00,0.000000000000000000e+00,0.000000000000000000e+00
1.014381573686266469e+00,0.000000000000000000e+00,0.000000000000000000e+00
1.015477018150290567e+00,0.000000000000000000e+00,0.000000000000000000e+00
1.016572462614314665e+00,0.000000000000000000e+00,0.000000000000000000e+00
1.017667907078338541e+00,0.000000000000000000e+00,0.000000000000000000e+00
1.018763351542362861e+00,0.000000000000000000e+00,0.000000000000000000e+00
1.019858796006386958e+00,0.000000000000000000e+00,0.000000000000000000e+00
1.020954240470410834e+00,0.000000000000000000e+00,0.000000000000000000e+00
1.022049684934434932e+00,0.000000000000000000e+00,0.000000000000000000e+00
1.023145129398459030e+00,0.000000000000000000e+00,0.000000000000000000e+00
1.024240573862482906e+00,0.000000000000000000e+00,0.000000000000000000e+00
1.025336018326507004e+00,0.000000000000000000e+00,0.000000000000000000e+00
1.026431462790531102e+00,0.000000000000000000e+00,0.000000000000000000e+00
1.027526907254555200e+00,0.000000000000000000e+00,0.000000000000000000e+00
1.028622351718579297e+00,0.000000000000000000e+00,0.000000000000000000e+00
1.029717796182603173e+00,0.000000000000000000e+00,0.000000000000000000e+00
1.030813240646627271e+00,0.000000000000000000e+00,0.000000000000000000e+00
1.031908685110651369e+00,0.000000000000000000e+00,0.000000000000000000e+00
1.033004129574675245e+00,0.000000000000000000e+00,0.000000000000000000e+00
1.034099574038699343e+00,0.000000000000000000e+00,0.000000000000000000e+00
1.035195018502723441e+00,0.000000000000000000e+00,0.000000000000000000e+00
1.036290462966747539e+00,0.000000000000000000e+00,0.000000000000000000e+00
1.037385907430771637e+00,0.000000000000000000e+00,0.000000000000000000e+00
1.038481351894795734e+00,0.000000000000000000e+00,0.000000000000000000e+00
1.039576796358819610e+00,0.000000000000000000e+00,0.000000000000000000e+00
1.040672240822843708e+00,0.000000000000000000e+00,0.000000000000000000e+00
1.041767685286867806e+00,0.000000000000000000e+00,0.000000000000000000e+00
1.042863129750891682e+00,0.000000000000000000e+00,0.000000000000000000e+00
1.043958574214915780e+00,0.000000000000000000e+00,0.000000000000000000e+00
1.045054018678939878e+00,0.000000000000000000e+00,0.000000000000000000e+00
1.046149463142963976e+00,0.000000000000000000e+00,0.000000000000000000e+00
1.047244907606988074e+00,0.000000000000000000e+00,0.000000000000000000e+00
1.048340352071011949e+00,0.000000000000000000e+00,0.000000000000000000e+00
1.049435796535036047e+00,0.000000000000000000e+00,0.000000000000000000e+00
1.050531240999060145e+00,0.000000000000000000e+00,0.000000000000000000e+00
1.051626685463084021e+00,0.000000000000000000e+00,0.000000000000000000e+00
1.052722129927108119e+00,0.000000000000000000e+00,0.000000000000000000e+00
1.053817574391132217e+00,0.000000000000000000e+00,0.000000000000000000e+00
1.054913018855156315e+00,0.000000000000000000e+00,0.000000000000000000e+00
1.056008463319180413e+00,0.000000000000000000e+00,0.000000000000000000e+00
1.057103907783204511e+00,0.000000000000000000e+00,0.000000000000000000e+00
1.058199352247228386e+00,0.000000000000000000e+00,0.000000000000000000e+00
1.059294796711252484e+00,0.000000000000000000e+00,0.000000000000000000e+00
1.060390241175276582e+00,0.000000000000000000e+00,0.000000000000000000e+00
1.061485685639300458e+00,0.000000000000000000e+00,0.000000000000000000e+00
1.062581130103324556e+00,0.000000000000000000e+00,0.000000000000000000e+00
1.063676574567348654e+00,0.000000000000000000e+00,0.000000000000000000e+00
1.064772019031372752e+00,0.000000000000000000e+00,0.000000000000000000e+00
1.065867463495396850e+00,0.000000000000000000e+00,0.000000000000000000e+00
1.066962907959420725e+00,0.000000000000000000e+00,0.000000000000000000e+00
1.068058352423444823e+00,0.000000000000000000e+00,0.000000000000000000e+00
1.069153796887468921e+00,0.000000000000000000e+00,0.000000000000000000e+00
1.070249241351492797e+00,0.000000000000000000e+00,0.000000000000000000e+00
1.071344685815516895e+00,0.000000000000000000e+00,0.000000000000000000e+00
1.072440130279540993e+00,0.000000000000000000e+00,0.000000000000000000e+00
1.073535574743565091e+00,0.000000000000000000e+00,0.000000000000000000e+00
1.074631019207589189e+00,0.000000000000000000e+00,0.000000000000000000e+00
1.075726463671613287e+00,0.000000000000000000e+00,0.000000000000000000e+00
1.076821908135637162e+00,0.000000000000000000e+00,0.000000000000000000e+00
1.077917352599661260e+00,0.000000000000000000e+00,0.000000000000000000e+00
1.079012797063685358e+00,0.000000000000000000e+00,0.000000000000000000e+00
1.080108241527709234e+00,0.000000000000000000e+00,0.000000000000000000e+00
1.081203685991733332e+00,0.000000000000000000e+00,0.000000000000000000e+00
1.082299130455757430e+00,0.000000000000000000e+00,0.000000000000000000e+00
1.083394574919781528e+00,0.000000000000000000e+00,0.000000000000000000e+00
1.084490019383805626e+00,0.000000000000000000e+00,0.000000000000000000e+00
1.085585463847829502e+00,0.000000000000000000e+00,0.000000000000000000e+00
1.086680908311853599e+00,0.000000000000000000e+00,0.000000000000000000e+00
1.087776352775877697e+00,0.000000000000000000e+00,0.000000000000000000e+00
1.088871797239901573e+00,0.000000000000000000e+00,0.000000000000000000e+00
1.089967241703925671e+00,0.000000000000000000e+00,0.000000000000000000e+00
1.091062686167949991e+00,0.000000000000000000e+00,0.000000000000000000e+00
1.092158130631973867e+00,0.000000000000000000e+00,0.000000000000000000e+00
1.093253575095997965e+00,0.000000000000000000e+00,0.000000000000000000e+00
1.094349019560022063e+00,0.000000000000000000e+00,0.000000000000000000e+00
1.095444464024045939e+00,0.000000000000000000e+00,0.000000000000000000e+00
1.096539908488070036e+00,0.000000000000000000e+00,0.000000000000000000e+00
1.097635352952094134e+00,0.000000000000000000e+00,0.000000000000000000e+00
1.098730797416118010e+00,0.000000000000000000e+00,0.000000000000000000e+00
1.099826241880142108e+00,0.000000000000000000e+00,0.000000000000000000e+00
1.100921686344166206e+00,0.000000000000000000e+00,0.000000000000000000e+00
1.102017130808190304e+00,0.000000000000000000e+00,0.000000000000000000e+00
1.103112575272214402e+00,0.000000000000000000e+00,0.000000000000000000e+00
1.104208019736238278e+00,0.000000000000000000e+00,0.000000000000000000e+00
1.105303464200262376e+00,0.000000000000000000e+00,0.000000000000000000e+00
1.106398908664286473e+00,0.000000000000000000e+00,0.000000000000000000e+00
1.107494353128310349e+00,0.000000000000000000e+00,0.000000000000000000e+00
1.108589797592334447e+00,0.000000000000000000e+00,0.000000000000000000e+00
1.109685242056358767e+00,0.000000000000000000e+00,0.000000000000000000e+00
1.110780686520382643e+00,0.000000000000000000e+00,0.000000000000000000e+00
1.111876130984406741e+00,0.000000000000000000e+00,0.000000000000000000e+00
1.112971575448430839e+00,0.000000000000000000e+00,0.000000000000000000e+00
1.114067019912454715e+00,0.000000000000000000e+00,0.000000000000000000e+00
1.115162464376478813e+00,0.000000000000000000e+00,0.000000000000000000e+00
1.116257908840502910e+00,0.000000000000000000e+00,0.000000000000000000e+00
1.117353353304526786e+00,0.000000000000000000e+00,0.000000000000000000e+00
1.118448797768551106e+00,0.000000000000000000e+00,0.000000000000000000e+00
1.119544242232574982e+00,0.000000000000000000e+00,0.000000000000000000e+00
1.120639686696599080e+00,0.000000000000000000e+00,0.000000000000000000e+00
1.121735131160623178e+00,0.000000000000000000e+00,0.000000000000000000e+00
1.122830575624647054e+00,0.000000000000000000e+00,0.000000000000000000e+00
1.123926020088671152e+00,0.000000000000000000e+00,0.000000000000000000e+00
1.125021464552695249e+00,0.000000000000000000e+00,0.000000000000000000e+00
1.126116909016719125e+00,0.000000000000000000e+00,0.000000000000000000e+00
1.127212353480743223e+00,0.000000000000000000e+00,0.000000000000000000e+00
1.128307797944767543e+00,0.000000000000000000e+00,0.000000000000000000e+00
1.129403242408791419e+00,0.000000000000000000e+00,0.000000000000000000e+00
1.130498686872815517e+00,0.000000000000000000e+00,0.000000000000000000e+00
1.131594131336839615e+00,0.000000000000000000e+00,0.000000000000000000e+00
1.132689575800863491e+00,0.000000000000000000e+00,0.000000000000000000e+00
1.133785020264887589e+00,0.000000000000000000e+00,0.000000000000000000e+00
1.134880464728911686e+00,0.000000000000000000e+00,0.000000000000000000e+00
1.135975909192935562e+00,0.000000000000000000e+00,0.000000000000000000e+00
1.137071353656959882e+00,0.000000000000000000e+00,0.000000000000000000e+00
1.138166798120983758e+00,0.000000000000000000e+00,0.000000000000000000e+00
1.139262242585007856e+00,0.000000000000000000e+00,0.000000000000000000e+00
1.140357687049031954e+00,0.000000000000000000e+00,0.000000000000000000e+00
1.141453131513055830e+00,0.000000000000000000e+00,0.000000000000000000e+00
1.142548575977079928e+00,0.000000000000000000e+00,0.000000000000000000e+00
1.143644020441104026e+00,0.000000000000000000e+00,0.000000000000000000e+00
1.144739464905127901e+00,0.000000000000000000e+00,0.000000000000000000e+00
1.145834909369152221e+00,0.000000000000000000e+00,0.000000000000000000e+00
1.146930353833176319e+00,0.000000000000000000e+00,0.000000000000000000e+00
1.148025798297200195e+00,0.000000000000000000e+00,0.000000000000000000e+00
1.149121242761224293e+00,0.000000000000000000e+00,0.000000000000000000e+00
1.150216687225248391e+00,0.000000000000000000e+00,0.000000000000000000e+00
1.151312131689272267e+00,0.000000000000000000e+00,0.000000000000000000e+00
1.152407576153296365e+00,0.000000000000000000e+00,0.000000000000000000e+00
1.153503020617320463e+00,0.000000000000000000e+00,0.000000000000000000e+00
1.154598465081344338e+00,0.000000000000000000e+00,0.000000000000000000e+00
1.155693909545368658e+00,0.000000000000000000e+00,0.000000000000000000e+00
1.156789354009392534e+00,0.000000000000000000e+00,0.000000000000000000e+00
1.157884798473416632e+00,0.000000000000000000e+00,0.000000000000000000e+00
1.158980242937440730e+00,0.000000000000000000e+00,0.000000000000000000e+00
1.160075687401464606e+00,0.000000000000000000e+00,0.000000000000000000e+00
1.161171131865488704e+00,0.000000000000000000e+00,0.000000000000000000e+00
1.162266576329512802e+00,0.000000000000000000e+00,0.000000000000000000e+00
1.163362020793536677e+00,0.000000000000000000e+00,0.000000000000000000e+00
1.164457465257560997e+00,0.000000000000000000e+00,0.000000000000000000e+00
1.165552909721585095e+00,0.000000000000000000e+00,0.000000000000000000e+00
1.166648354185608971e+00,0.000000000000000000e+00,0.000000000000000000e+00
1.167743798649633069e+00,0.000000000000000000e+00,0.000000000000000000e+00
1.168839243113657167e+00,0.000000000000000000e+00,0.000000000000000000e+00
1.169934687577681043e+00,0.000000000000000000e+00,0.000000000000000000e+00
1.171030132041705141e+00,0.000000000000000000e+00,0.000000000000000000e+00
1.172125576505729239e+00,0.000000000000000000e+00,0.000000000000000000e+00
1.173221020969753337e+00,0.000000000000000000e+00,0.000000000000000000e+00
1.174316465433777434e+00,0.000000000000000000e+00,0.000000000000000000e+00
1.175411909897801310e+00,0.000000000000000000e+00,0.000000000000000000e+00
1.176507354361825408e+00,0.000000000000000000e+00,0.000000000000000000e+00
1.177602798825849506e+00,0.000000000000000000e+00,0.000000000000000000e+00
1.178698243289873382e+00,0.000000000000000000e+00,0.000000000000000000e+00
1.179793687753897480e+00,0.000000000000000000e+00,0.000000000000000000e+00
1.180889132217921578e+00,0.000000000000000000e+00,0.000000000000000000e+00
1.181984576681945454e+00,0.000000000000000000e+00,0.000000000000000000e+00
1.183080021145969773e+00,0.000000000000000000e+00,0.000000000000000000e+00
1.184175465609993871e+00,0.000000000000000000e+00,0.000000000000000000e+00
1.185270910074017747e+00,0.000000000000000000e+00,0.000000000000000000e+00
1.186366354538041845e+00,0.000000000000000000e+00,0.000000000000000000e+00
1.187461799002065943e+00,0.000000000000000000e+00,0.000000000000000000e+00
1.188557243466089819e+00,0.000000000000000000e+00,0.000000000000000000e+00
1.189652687930113917e+00,0.000000000000000000e+00,0.000000000000000000e+00
1.190748132394138015e+00,0.000000000000000000e+00,0.000000000000000000e+00
1.191843576858162113e+00,0.000000000000000000e+00,0.000000000000000000e+00
1.192939021322186210e+00,0.000000000000000000e+00,0.000000000000000000e+00
1.194034465786210086e+00,0.000000000000000000e+00,0.000000000000000000e+00
1.195129910250234184e+00,0.000000000000000000e+00,0.000000000000000000e+00
1.196225354714258282e+00,0.000000000000000000e+00,0.000000000000000000e+00
1.197320799178282158e+00,0.000000000000000000e+00,0.000000000000000000e+00
1.198416243642306256e+00,0.000000000000000000e+00,0.000000000000000000e+00
1.199511688106330354e+00,0.000000000000000000e+00,0.000000000000000000e+00
1.200607132570354452e+00,0.000000000000000000e+00,0.000000000000000000e+00
1.201702577034378550e+00,0.000000000000000000e+00,0.000000000000000000e+00
1.202798021498402647e+00,0.000000000000000000e+00,0.000000000000000000e+00
1.203893465962426523e+00,0.000000000000000000e+00,0.000000000000000000e+00
1.204988910426450621e+00,0.000000000000000000e+00,0.000000000000000000e+00
1.206084354890474719e+00,0.000000000000000000e+00,0.000000000000000000e+00
1.207179799354498595e+00,0.000000000000000000e+00,0.000000000000000000e+00
1.208275243818522693e+00,0.000000000000000000e+00,0.000000000000000000e+00
1.209370688282546791e+00,0.000000000000000000e+00,0.000000000000000000e+00
1.210466132746570889e+00,0.000000000000000000e+00,0.000000000000000000e+00
1.211561577210594987e+00,0.000000000000000000e+00,0.000000000000000000e+00
1.212657021674618862e+00,0.000000000000000000e+00,0.000000000000000000e+00
1.213752466138642960e+00,0.000000000000000000e+00,0.000000000000000000e+00
1.214847910602667058e+00,0.000000000000000000e+00,0.000000000000000000e+00
1.215943355066690934e+00,0.000000000000000000e+00,0.000000000000000000e+00
1.217038799530715032e+00,0.000000000000000000e+00,0.000000000000000000e+00
1.218134243994739130e+00,0.000000000000000000e+00,0.000000000000000000e+00
1.219229688458763228e+00,0.000000000000000000e+00,0.000000000000000000e+00
1.220325132922787326e+00,0.000000000000000000e+00,0.000000000000000000e+00
1.221420577386811424e+00,0.000000000000000000e+00,0.000000000000000000e+00
1.222516021850835299e+00,0.000000000000000000e+00,0.000000000000000000e+00
1.223611466314859397e+00,0.000000000000000000e+00,0.000000000000000000e+00
1.224706910778883495e+00,0.000000000000000000e+00,0.000000000000000000e+00
1.225802355242907371e+00,0.000000000000000000e+00,0.000000000000000000e+00
1.226897799706931469e+00,0.000000000000000000e+00,0.000000000000000000e+00
1.227993244170955567e+00,0.000000000000000000e+00,0.000000000000000000e+00
1.229088688634979665e+00,0.000000000000000000e+00,0.000000000000000000e+00
1.230184133099003763e+00,0.000000000000000000e+00,0.000000000000000000e+00
1.231279577563027638e+00,0.000000000000000000e+00,0.000000000000000000e+00
1.232375022027051736e+00,0.000000000000000000e+00,0.000000000000000000e+00
1.233470466491075834e+00,0.000000000000000000e+00,0.000000000000000000e+00
1.234565910955099710e+00,0.000000000000000000e+00,0.000000000000000000e+00
1.235661355419123808e+00,0.000000000000000000e+00,0.000000000000000000e+00
1.236756799883147906e+00,0.000000000000000000e+00,0.000000000000000000e+00
1.237852244347172004e+00,0.000000000000000000e+00,0.000000000000000000e+00
1.238947688811196102e+00,0.000000000000000000e+00,0.000000000000000000e+00
1.240043133275220200e+00,0.000000000000000000e+00,0.000000000000000000e+00
1.241138577739244075e+00,0.000000000000000000e+00,0.000000000000000000e+00
1.242234022203268173e+00,0.000000000000000000e+00,0.000000000000000000e+00
1.243329466667292271e+00,0.000000000000000000e+00,0.000000000000000000e+00
1.244424911131316147e+00,0.000000000000000000e+00,0.000000000000000000e+00
1.245520355595340245e+00,0.000000000000000000e+00,0.000000000000000000e+00
1.246615800059364343e+00,0.000000000000000000e+00,0.000000000000000000e+00
1.247711244523388441e+00,0.000000000000000000e+00,0.000000000000000000e+00
1.248806688987412539e+00,0.000000000000000000e+00,0.000000000000000000e+00
1.249902133451436415e+00,0.000000000000000000e+00,0.000000000000000000e+00
1.250997577915460512e+00,0.000000000000000000e+00,0.000000000000000000e+00
1.252093022379484610e+00,0.000000000000000000e+00,0.000000000000000000e+00
1.253188466843508486e+00,0.000000000000000000e+00,0.000000000000000000e+00
1.254283911307532584e+00,0.000000000000000000e+00,0.000000000000000000e+00
1.255379355771556904e+00,0.000000000000000000e+00,0.000000000000000000e+00
1.256474800235580780e+00,0.000000000000000000e+00,0.000000000000000000e+00
1.257570244699604878e+00,0.000000000000000000e+00,0.000000000000000000e+00
1.258665689163628976e+00,0.000000000000000000e+00,0.000000000000000000e+00
1.259761133627652852e+00,0.000000000000000000e+00,0.000000000000000000e+00
1.260856578091676949e+00,0.000000000000000000e+00,0.000000000000000000e+00
1.261952022555701047e+00,0.000000000000000000e+00,0.000000000000000000e+00
1.263047467019724923e+00,0.000000000000000000e+00,0.000000000000000000e+00
1.264142911483749021e+00,0.000000000000000000e+00,0.000000000000000000e+00
1.265238355947773119e+00,0.000000000000000000e+00,0.000000000000000000e+00
1.266333800411797217e+00,0.000000000000000000e+00,0.000000000000000000e+00
1.267429244875821315e+00,0.000000000000000000e+00,0.000000000000000000e+00
1.268524689339845191e+00,0.000000000000000000e+00,0.000000000000000000e+00
1.269620133803869289e+00,0.000000000000000000e+00,0.000000000000000000e+00
1.270715578267893386e+00,0.000000000000000000e+00,0.000000000000000000e+00
1.271811022731917262e+00,0.000000000000000000e+00,0.000000000000000000e+00
1.272906467195941360e+00,0.000000000000000000e+00,0.000000000000000000e+00
1.274001911659965680e+00,0.000000000000000000e+00,0.000000000000000000e+00
1.275097356123989556e+00,0.000000000000000000e+00,0.000000000000000000e+00
1.276192800588013654e+00,0.000000000000000000e+00,0.000000000000000000e+00
1.277288245052037752e+00,0.000000000000000000e+00,0.000000000000000000e+00
1.278383689516061628e+00,0.000000000000000000e+00,0.000000000000000000e+00
1.279479133980085725e+00,0.000000000000000000e+00,0.000000000000000000e+00
1.280574578444109823e+00,0.000000000000000000e+00,0.000000000000000000e+00
1.281670022908133699e+00,0.000000000000000000e+00,0.000000000000000000e+00
1.282765467372158019e+00,0.000000000000000000e+00,0.000000000000000000e+00
1.283860911836181895e+00,0.000000000000000000e+00,0.000000000000000000e+00
1.284956356300205993e+00,0.000000000000000000e+00,0.000000000000000000e+00
1.286051800764230091e+00,0.000000000000000000e+00,0.000000000000000000e+00
1.287147245228253967e+00,0.000000000000000000e+00,0.000000000000000000e+00
1.288242689692278065e+00,0.000000000000000000e+00,0.000000000000000000e+00
1.289338134156302162e+00,0.000000000000000000e+00,0.000000000000000000e+00
1.290433578620326038e+00,0.000000000000000000e+00,0.000000000000000000e+00
1.291529023084350136e+00,0.000000000000000000e+00,0.000000000000000000e+00
1.292624467548374456e+00,0.000000000000000000e+00,0.000000000000000000e+00
1.293719912012398332e+00,0.000000000000000000e+00,0.000000000000000000e+00
1.294815356476422430e+00,0.000000000000000000e+00,0.000000000000000000e+00
1.295910800940446528e+00,0.000000000000000000e+00,0.000000000000000000e+00
1.297006245404470404e+00,0.000000000000000000e+00,0.000000000000000000e+00
1.298101689868494502e+00,0.000000000000000000e+00,0.000000000000000000e+00
1.299197134332518377e+00,0.000000000000000000e+00,0.000000000000000000e+00
1.300292578796542475e+00,0.000000000000000000e+00,0.000000000000000000e+00
1.301388023260566795e+00,0.000000000000000000e+00,0.000000000000000000e+00
1.302483467724590671e+00,0.000000000000000000e+00,0.000000000000000000e+00
1.303578912188614769e+00,0.000000000000000000e+00,0.000000000000000000e+00
1.304674356652638867e+00,0.000000000000000000e+00,0.000000000000000000e+00
1.305769801116662743e+00,0.000000000000000000e+00,0.000000000000000000e+00
1.306865245580686841e+00,0.000000000000000000e+00,0.000000000000000000e+00
1.307960690044710939e+00,0.000000000000000000e+00,0.000000000000000000e+00
1.309056134508734814e+00,0.000000000000000000e+00,0.000000000000000000e+00
1.310151578972759134e+00,0.000000000000000000e+00,0.000000000000000000e+00
1.311247023436783232e+00,0.000000000000000000e+00,0.000000000000000000e+00
1.312342467900807108e+00,0.000000000000000000e+00,0.000000000000000000e+00
1.313437912364831206e+00,0.000000000000000000e+00,0.000000000000000000e+00
1.314533356828855304e+00,0.000000000000000000e+00,0.000000000000000000e+00
1.315628801292879180e+00,0.000000000000000000e+00,0.000000000000000000e+00
1.316724245756903278e+00,0.000000000000000000e+00,0.000000000000000000e+00
1.317819690220927153e+00,0.000000000000000000e+00,0.000000000000000000e+00
1.318915134684951251e+00,0.000000000000000000e+00,0.000000000000000000e+00
1.320010579148975571e+00,0.000000000000000000e+00,0.000000000000000000e+00
1.321106023612999447e+00,0.000000000000000000e+00,0.000000000000000000e+00
1.322201468077023545e+00,0.000000000000000000e+00,0.000000000000000000e+00
1.323296912541047643e+00,0.000000000000000000e+00,0.000000000000000000e+00
1.324392357005071519e+00,0.000000000000000000e+00,0.000000000000000000e+00
1.325487801469095617e+00,0.000000000000000000e+00,0.000000000000000000e+00
1.326583245933119715e+00,0.000000000000000000e+00,0.000000000000000000e+00
1.327678690397143590e+00,0.000000000000000000e+00,0.000000000000000000e+00
1.328774134861167910e+00,0.000000000000000000e+00,0.000000000000000000e+00
1.329869579325192008e+00,0.000000000000000000e+00,0.000000000000000000e+00
1.330965023789215884e+00,0.000000000000000000e+00,0.000000000000000000e+00
1.332060468253239982e+00,0.000000000000000000e+00,0.000000000000000000e+00
1.333155912717263858e+00,0.000000000000000000e+00,0.000000000000000000e+00
1.334251357181287956e+00,0.000000000000000000e+00,0.000000000000000000e+00
1.335346801645312054e+00,0.000000000000000000e+00,0.000000000000000000e+00
1.336442246109335930e+00,0.000000000000000000e+00,0.000000000000000000e+00
1.337537690573360250e+00,0.000000000000000000e+00,0.000000000000000000e+00
1.338633135037384347e+00,0.000000000000000000e+00,0.000000000000000000e+00
1.339728579501408223e+00,0.000000000000000000e+00,0.000000000000000000e+00
1.340824023965432321e+00,0.000000000000000000e+00,0.000000000000000000e+00
1.341919468429456419e+00,0.000000000000000000e+00,0.000000000000000000e+00
1.343014912893480295e+00,0.000000000000000000e+00,0.000000000000000000e+00
1.344110357357504393e+00,0.000000000000000000e+00,0.000000000000000000e+00
1.345205801821528491e+00,0.000000000000000000e+00,0.000000000000000000e+00
1.346301246285552367e+00,0.000000000000000000e+00,0.000000000000000000e+00
1.347396690749576686e+00,0.000000000000000000e+00,0.000000000000000000e+00
1.348492135213600562e+00,0.000000000000000000e+00,0.000000000000000000e+00
1.349587579677624660e+00,0.000000000000000000e+00,0.000000000000000000e+00
1.350683024141648758e+00,0.000000000000000000e+00,0.000000000000000000e+00
1.351778468605672634e+00,0.000000000000000000e+00,0.000000000000000000e+00
1.352873913069696732e+00,0.000000000000000000e+00,0.000000000000000000e+00
1.353969357533720830e+00,0.000000000000000000e+00,0.000000000000000000e+00
1.355064801997744706e+00,0.000000000000000000e+00,0.000000000000000000e+00
1.356160246461769026e+00,0.000000000000000000e+00,0.000000000000000000e+00
1.357255690925793123e+00,0.000000000000000000e+00,0.000000000000000000e+00
1.358351135389816999e+00,0.000000000000000000e+00,0.000000000000000000e+00
1.359446579853841097e+00,0.000000000000000000e+00,0.000000000000000000e+00
1.360542024317865195e+00,0.000000000000000000e+00,0.000000000000000000e+00
1.361637468781889071e+00,0.000000000000000000e+00,0.000000000000000000e+00
1.362732913245913169e+00,0.000000000000000000e+00,0.000000000000000000e+00
1.363828357709937267e+00,0.000000000000000000e+00,0.000000000000000000e+00
1.364923802173961365e+00,0.000000000000000000e+00,0.000000000000000000e+00
1.366019246637985463e+00,0.000000000000000000e+00,0.000000000000000000e+00
1.367114691102009338e+00,0.000000000000000000e+00,0.000000000000000000e+00
1.368210135566033436e+00,0.000000000000000000e+00,0.000000000000000000e+00
1.369305580030057534e+00,0.000000000000000000e+00,0.000000000000000000e+00
