# omega(Hartree) S(1/Hartree) dS(1/Hartree)
1.095444464024046072e-03,8.459700984760851750e-01,2.281304869589052819e-01
2.190888928048092144e-03,8.610866925871496491e-01,2.262294378068255840e-01
3.286333392072138000e-03,8.773001232727882792e-01,2.239751121309705162e-01
4.381777856096184288e-03,8.945845732236211711e-01,2.213106650820396426e-01
5.477222320120230144e-03,9.129165673656339797e-01,2.181743377841707521e-01
6.572666784144275999e-03,9.322745405369736726e-01,2.145004795344404580e-01
7.668111248168322722e-03,9.526384598979794616e-01,2.102211353426894358e-01
8.763555712192368577e-03,9.739894947184714047e-01,2.052686779992076993e-01
9.859000176216414432e-03,9.963097274108563273e-01,1.995796494990145498e-01
1.095444464024046029e-02,1.019581900675946340e+00,1.931005899979394702e-01
1.204988910426450614e-02,1.043789196452181933e+00,1.857964051382469950e-01
1.314533356828855200e-02,1.068915043031939405e+00,1.776627791377315135e-01
1.424077803231259785e-02,1.094942947263879640e+00,1.687443376880135015e-01
1.533622249633664544e-02,1.121856349216064697e+00,1.591613049751964271e-01
1.643166696036068783e-02,1.149638497050269548e+00,1.491487234199061485e-01
1.752711142438473715e-02,1.178272340165985810e+00,1.391120953437700869e-01
1.862255588840878301e-02,1.207740438927349391e+00,1.296994470256916943e-01
1.971800035243282886e-02,1.238024889493916314e+00,1.218709847576569666e-01
2.081344481645687472e-02,1.269107262448870621e+00,1.169001141698381985e-01
2.190888928048092057e-02,1.300968554058153481e+00,1.161824029740047837e-01
2.300433374450496643e-02,1.333589149110320449e+00,1.207937118441367724e-01
2.409977820852901229e-02,1.366948794381868337e+00,1.310428234696841554e-01
2.519522267255305814e-02,1.401026581851145369e+00,1.464222461734663305e-01
2.629066713657710400e-02,1.435800940848894758e+00,1.659532628974065283e-01
2.738611160060114985e-02,1.471249638387091441e+00,1.885547437917663161e-01
2.848155606462519571e-02,1.507349786952591142e+00,2.132301406891214945e-01
2.957700052864924503e-02,1.544077859091071092e+00,2.391085438495340887e-01
3.067244499267329089e-02,1.581409708138780790e+00,2.654298651039762036e-01
3.176788945669733327e-02,1.619320594488731446e+00,2.915204668532081489e-01
3.286333392072137566e-02,1.657785216803825623e+00,3.167757903717523527e-01
3.395877838474542498e-02,1.696777747613052334e+00,3.406527013021489747e-01
3.505422284876947431e-02,1.736271872748917033e+00,3.626679030158064254e-01
3.614966731279351669e-02,1.776240834105545341e+00,3.824002454081688596e-01
3.724511177681756602e-02,1.816657475218223627e+00,3.994958467823034876e-01
3.834055624084160840e-02,1.857494289185010139e+00,4.136722448756730008e-01
3.943600070486565773e-02,1.898723468472867770e+00,4.247224924214012542e-01
4.053144516888970011e-02,1.940316956170932361e+00,4.325175540656248097e-01
4.162688963291374944e-02,1.982246498275677782e+00,4.370064433676170701e-01
4.272233409693779183e-02,2.024483696614501671e+00,4.382148034729989594e-01
4.381777856096184115e-02,2.067000062036505881e+00,4.362415370057395880e-01
4.491322302498588354e-02,2.109767067521955752e+00,4.312538357543447276e-01
4.600866748900993286e-02,2.152756200885472371e+00,4.234812705328276916e-01
4.710411195303397525e-02,2.195939016770922514e+00,4.132094112706514721e-01
4.819955641705802457e-02,2.239287187659795286e+00,4.007732980780544518e-01
4.929500088108207390e-02,2.282772553638493740e+00,3.865513901956449949e-01
5.039044534510611628e-02,2.326367170693291353e+00,3.709605069495010565e-01
5.148588980913015867e-02,2.370043357325884337e+00,3.544516520847859620e-01
5.258133427315420799e-02,2.413773739304389210e+00,3.375065640355882635e-01
5.367677873717825038e-02,2.457531292388446253e+00,3.206347464515325041e-01
5.477222320120229970e-02,2.501289382888879587e+00,3.043688226119860563e-01
5.586766766522634903e-02,2.545021805943663562e+00,2.892560488101124094e-01
5.696311212925039141e-02,2.588702821413264132e+00,2.758425921292850247e-01
5.805855659327444074e-02,2.632307187318117858e+00,2.646466491852675906e-01
5.915400105729849006e-02,2.675810190760435248e+00,2.561193909187647333e-01
6.024944552132253245e-02,2.719187676290237388e+00,2.505975591470103181e-01
6.134488998534658177e-02,2.762416071693372999e+00,2.482590418476847416e-01
6.244033444937061722e-02,2.805472411194649851e+00,2.490975344794737478e-01
6.353577891339466654e-02,2.848334356084898378e+00,2.529283052940839438e-01
6.463122337741870893e-02,2.890980212794095561e+00,2.594249621974449305e-01
6.572666784144275132e-02,2.933388948445919908e+00,2.681742010795392650e-01
6.682211230546680758e-02,2.975540203940433504e+00,2.787311715374330978e-01
6.791755676949084997e-02,3.017414304622390908e+00,2.906627373133377490e-01
6.901300123351489235e-02,3.058992268601524067e+00,3.035743859543760803e-01
7.010844569753894862e-02,3.100255812800393418e+00,3.171225630268395546e-01
7.120389016156299100e-02,3.141187356811665499e+00,3.310168844231650698e-01
7.229933462558703339e-02,3.181770024653119755e+00,3.450166734608517416e-01
7.339477908961108965e-02,3.221987644515415639e+00,3.589247080281910418e-01
7.449022355363513204e-02,3.261824746598277702e+00,3.725804398121949079e-01
7.558566801765917442e-02,3.301266559138972934e+00,3.858533937798593882e-01
7.668111248168321681e-02,3.340299002735523271e+00,3.986374204529067322e-01
7.777655694570725919e-02,3.378908683070650731e+00,4.108458260931296402e-01
7.887200140973131546e-02,3.417082882143492650e+00,4.224072889269888109e-01
7.996744587375535784e-02,3.454809548115771900e+00,4.332626763656481916e-01
8.106289033777940023e-02,3.492077283879158056e+00,4.433623884207996135e-01
8.215833480180345649e-02,3.528875334449937728e+00,4.526642937771497288e-01
8.325377926582749888e-02,3.565193573294991758e+00,4.611321237293644071e-01
8.434922372985154126e-02,3.601022487692119967e+00,4.687342071425518730e-01
8.544466819387558365e-02,3.636353163224652629e+00,4.754425402982530580e-01
8.654011265789963991e-02,3.671177267508212161e+00,4.812320770784359603e-01
8.763555712192368230e-02,3.705487033244102335e+00,4.860802760007997270e-01
8.873100158594772469e-02,3.739275240691314117e+00,4.899667963742848076e-01
8.982644604997176707e-02,3.772535199644235338e+00,4.928734032716700075e-01
9.092189051399580946e-02,3.805260731001467445e+00,4.947840378705005704e-01
9.201733497801986572e-02,3.837446148005859925e+00,4.956850095866108252e-01
9.311277944204390811e-02,3.869086237232246539e+00,4.955653594332477541e-01
9.420822390606795049e-02,3.900176239396208278e+00,4.944174424664730116e-01
9.530366837009200676e-02,3.930711830052276756e+00,4.922376010462067297e-01
9.639911283411604914e-02,3.960689100246266303e+00,4.890270944915447449e-01
9.749455729814009153e-02,3.990104537182634470e+00,4.847932493262918641e-01
9.859000176216414779e-02,4.018955004963611799e+00,4.795508823759740413e-01
9.968544622618819018e-02,4.047237725452534463e+00,4.733239723004915578e-01
1.007808906902122326e-01,4.074950259310928580e+00,4.661477265073765697e-01
1.018763351542362888e-01,4.102090487254014484e+00,4.580710176581458959e-01
1.029717796182603173e-01,4.128656591566368661e+00,4.491593237849984543e-01
1.040672240822843597e-01,4.154647037915727203e+00,4.394981028062859285e-01
1.051626685463084160e-01,4.180060557499276186e+00,4.291968128502189894e-01
1.062581130103324584e-01,4.204896129553815420e+00,4.183933335675356080e-01
1.073535574743565008e-01,4.229152964257818503e+00,4.072589700247810640e-01
1.084490019383805570e-01,4.252830486050210190e+00,3.960035212670584559e-01
1.095444464024045994e-01,4.275928317388380862e+00,3.848800567608914314e-01
1.106398908664286418e-01,4.298446262964593423e+00,3.741884439205138690e-01
1.117353353304526981e-01,4.320384294397533687e+00,3.642761055025057204e-01
1.128307797944767404e-01,4.341742535413858128e+00,3.555341065541202106e-01
1.139262242585007828e-01,4.362521247531316426e+00,3.483860453265005819e-01
1.150216687225248391e-01,4.382720816253791618e+00,3.432676396553148712e-01
1.161171131865488815e-01,4.402341737786284348e+00,3.405963616705307007e-01
1.172125576505729239e-01,4.421384606275717388e+00,3.407334715120283741e-01
1.183080021145969801e-01,4.439850101582269559e+00,3.439445891926740662e-01
1.194034465786210225e-01,4.457738977584078555e+00,3.503677544266597943e-01
1.204988910426450649e-01,4.475052051016466415e+00,3.599971789562007585e-01
1.215943355066691212e-01,4.491790190846224995e+00,3.726866208606008923e-01
1.226897799706931635e-01,4.507954308179423997e+00,3.881697222345912857e-01
1.237852244347171921e-01,4.523545346700833747e+00,4.060903121433371843e-01
1.248806688987412344e-01,4.538564273641647162e+00,4.260346561125177289e-01
1.259761133627652907e-01,4.553012071271459682e+00,4.475595699669487337e-01
1.270715578267893331e-01,4.566889728909745649e+00,4.702138817280084315e-01
1.281670022908133755e-01,4.580198235451115707e+00,4.935530071437170263e-01
1.292624467548374179e-01,4.592938572398462149e+00,5.171479925177887571e-01
1.303578912188614602e-01,4.605111707397138154e+00,5.405906479922116814e-01
1.314533356828855026e-01,4.616718588263160505e+00,5.634963537824624336e-01
1.325487801469095728e-01,4.627760137498016846e+00,5.855055010466667653e-01
1.336442246109336152e-01,4.638237247282005704e+00,6.062844311410949816e-01
1.347396690749576575e-01,4.648150774938429208e+00,6.255261379038806746e-01
1.358351135389816999e-01,4.657501538860140400e+00,6.429511199384417841e-01
1.369305580030057423e-01,4.666290314890114921e+00,6.583081851798421313e-01
1.380260024670297847e-01,4.674517833147522339e+00,6.713753535311577370e-01
1.391214469310538548e-01,4.682184775290681777e+00,6.819609258913176264e-01
1.402168913950778972e-01,4.689291772208362019e+00,6.899041318637446629e-01
1.413123358591019396e-01,4.695839402130816076e+00,6.950760427896350846e-01
1.424077803231259820e-01,4.701828189151798121e+00,6.973798166322381364e-01
1.435032247871500244e-01,4.707258602153333804e+00,6.967510286976013045e-01
1.445986692511740668e-01,4.712131054124244933e+00,6.931574164392557691e-01
1.456941137151981369e-01,4.716445901864801726e+00,6.865984639429403291e-01
1.467895581792221793e-01,4.720203446068407693e+00,6.771043873375105493e-01
1.478850026432462217e-01,4.723403931772597097e+00,6.647349144477262550e-01
1.489804471072702641e-01,4.726047549171215501e+00,6.495777462856996420e-01
1.500758915712943065e-01,4.728134434779674322e+00,6.317467022445361069e-01
1.511713360353183488e-01,4.729664672945440351e+00,6.113795234154992819e-01
1.522667804993423912e-01,4.730638297696167172e+00,5.886356823437450814e-01
1.533622249633664336e-01,4.731055294917583254e+00,5.636941399853573342e-01
1.544576694273904760e-01,4.730915604853910494e+00,5.367509500142367829e-01
1.555531138914145184e-01,4.730219124922868446e+00,5.080173365354486714e-01
1.566485583554385608e-01,4.728965712838400393e+00,4.777179440456799098e-01
1.577440028194626309e-01,4.727155190033595744e+00,4.460899162922669081e-01
1.588394472834866733e-01,4.724787345376284975e+00,4.133828366794269904e-01
1.599348917475107157e-01,4.721861939170850064e+00,3.798604831193660436e-01
1.610303362115347581e-01,4.718378707436455599e+00,3.458051195188531213e-01
1.621257806755588005e-01,4.714337366461119672e+00,3.115262449221464225e-01
1.632212251395828428e-01,4.709737617613634519e+00,2.773769065203138817e-01
1.643166696036069130e-01,4.704579152416559218e+00,2.437835259683842348e-01
1.654121140676309554e-01,4.698861657866769903e+00,2.113000260642883543e-01
1.665075585316549978e-01,4.692584821997819233e+00,1.807062011688354841e-01
1.676030029956790401e-01,4.685748339676470309e+00,1.531773997635892393e-01
1.686984474597030825e-01,4.678351918625670791e+00,1.305255652647216991e-01
1.697938919237271249e-01,4.670395285665770224e+00,1.153083831577563362e-01
1.708893363877511673e-01,4.661878193165931883e+00,1.101085900212864926e-01
1.719847808517752374e-01,4.652800425697621201e+00,1.156400082884355696e-01
1.730802253157992798e-01,4.643161806880939046e+00,1.298804751576042582e-01
1.741756697798233222e-01,4.632962206415715656e+00,1.497336266465696952e-01
1.752711142438473646e-01,4.622201547287086321e+00,1.726832223180820580e-01
1.763665587078714070e-01,4.610879813137144900e+00,1.971069091376909388e-01
1.774620031718954494e-01,4.598997055791591571e+00,2.220242344994080019e-01
1.785574476359194918e-01,4.586553402931971668e+00,2.468391440553760197e-01
1.796528920999435341e-01,4.573549065902259514e+00,2.711783204344468401e-01
1.807483365639675765e-01,4.559984347638520674e+00,2.948001112785774702e-01
1.818437810279916189e-01,4.545859650710682764e+00,3.175437859144317754e-01
1.829392254920156613e-01,4.531175485463271535e+00,3.393005469037035926e-01
1.840346699560397314e-01,4.515932478243430914e+00,3.599963553076777067e-01
1.851301144200637738e-01,4.500131379702509093e+00,3.795813255672743081e-01
1.862255588840878162e-01,4.483773073157692579e+00,3.980229532933954872e-01
1.873210033481118586e-01,4.466858582999565286e+00,4.153015253738572832e-01
1.884164478121359010e-01,4.449389083130587785e+00,4.314069548326740500e-01
1.895118922761599434e-01,4.431365905419181850e+00,4.463364976003927342e-01
1.906073367401840135e-01,4.412790548153799008e+00,4.600930750919071111e-01
1.917027812042080559e-01,4.393664684479828608e+00,4.726839575945790961e-01
1.927982256682320983e-01,4.373990170802890987e+00,4.841197611533782363e-01
1.938936701322561407e-01,4.353769055140323196e+00,4.944136563593234945e-01
1.949891145962801831e-01,4.333003585402984470e+00,5.035807085364861768e-01
1.960845590603042254e-01,4.311696217588393942e+00,5.116373542280892028e-01
1.971800035243282956e-01,4.289849623865770845e+00,5.186009737326897628e-01
1.982754479883523380e-01,4.267466700533290691e+00,5.244895364425049555e-01
1.993708924523763804e-01,4.244550575826986361e+00,5.293213196136081766e-01
2.004663369164004227e-01,4.221104617560748729e+00,5.331146599698399768e-01
2.015617813804244651e-01,4.197132440575325418e+00,5.358877623245875688e-01
2.026572258444485075e-01,4.172637913976038782e+00,5.376585683329301313e-01
2.037526703084725777e-01,4.147625168135402163e+00,5.384446165599630074e-01
2.048481147724966200e-01,4.122098601439545540e+00,5.382629886958474330e-01
2.059435592365206347e-01,4.096062886755298393e+00,5.371302365934932377e-01
2.070390037005446771e-01,4.069522977594886015e+00,5.350623568319147205e-01
2.081344481645687194e-01,4.042484113955521430e+00,5.320748065965728024e-01
2.092298926285927896e-01,4.014951827810463669e+00,5.281825164834470510e-01
2.103253370926168320e-01,3.986931948228631395e+00,5.233999541708488357e-01
2.114207815566408744e-01,3.958430606099508697e+00,5.177411959808901898e-01
2.125162260206649167e-01,3.929454238440472036e+00,5.112200688192758413e-01
2.136116704846889591e-01,3.900009592263822711e+00,5.038502798912837255e-01
2.147071149487130015e-01,3.870103727980902963e+00,4.956455947298790132e-01
2.158025594127370717e-01,3.839744022321641914e+00,4.866201150165696543e-01
2.168980038767611140e-01,3.808938170747585339e+00,4.767885481695463556e-01
2.179934483407851564e-01,3.777694189337963415e+00,4.661665652861757270e-01
2.190888928048091988e-01,3.746020416127942010e+00,4.547712610817298828e-01
2.201843372688332134e-01,3.713925511880296071e+00,4.426217260096068640e-01
2.212797817328572836e-01,3.681418460271615345e+00,4.297396869930404928e-01
2.223752261968813260e-01,3.648508567475504005e+00,4.161504101507434994e-01
2.234706706609053961e-01,3.615205461126874464e+00,4.018837455622685240e-01
2.245661151249294107e-01,3.581519088651430760e+00,3.869755316410863344e-01
2.256615595889534809e-01,3.547459714947413190e+00,3.714693151605131805e-01
2.267570040529774955e-01,3.513037919406784226e+00,3.554186382160387514e-01
2.278524485170015657e-01,3.478264592264963984e+00,3.388899845771134456e-01
2.289478929810256080e-01,3.443150930270708621e+00,3.219666807787326390e-01
2.300433374450496782e-01,3.407708431667667348e+00,3.047540585935377133e-01
2.311387819090736928e-01,3.371948890483780215e+00,2.873862857209986132e-01
2.322342263730977630e-01,3.335884390122677345e+00,2.700354258200119428e-01
2.333296708371217776e-01,3.299527296258419007e+00,2.529231696130360141e-01
2.344251153011458477e-01,3.262890249031333845e+00,2.363355126476558710e-01
2.355205597651698901e-01,3.225986154550092522e+00,2.206395627077130661e-01
2.366160042291939603e-01,3.188828175703362966e+00,2.062993045335260178e-01
2.377114486932179749e-01,3.151429722289810442e+00,1.938824530606140517e-01
2.388068931572420450e-01,3.113804440474873925e+00,1.840434573144910657e-01
2.399023376212660597e-01,3.075966201587147619e+00,1.774631775848327098e-01
2.409977820852901298e-01,3.037929090269094523e+00,1.747353476111851711e-01
2.420932265493141722e-01,2.999707391997833206e+00,1.762247569811466741e-01
2.431886710133382423e-01,2.961315579996912639e+00,1.819640898637343573e-01
2.442841154773622570e-01,2.922768301559402815e+00,1.916526034681975410e-01
2.453795599413863271e-01,2.884080363807313141e+00,2.047537976775588575e-01
2.464750044054103417e-01,2.845266718913448845e+00,2.206277214294512234e-01
2.475704488694343841e-01,2.806342448814565849e+00,2.386356660789530348e-01
2.486658933334584543e-01,2.767322749446682106e+00,2.581962558680663267e-01
2.497613377974824689e-01,2.728222914536025723e+00,2.788028964942115273e-01
2.508567822615065390e-01,2.689058318980444007e+00,3.000201188748143344e-01
2.519522267255305814e-01,2.649844401858638676e+00,3.214719607105727128e-01
2.530476711895546238e-01,2.610596649106233791e+00,3.428293331644459707e-01
2.541431156535786662e-01,2.571330575899463788e+00,3.637992481933668976e-01
2.552385601176027086e-01,2.532061708788550636e+00,3.841166556724178727e-01
2.563340045816267510e-01,2.492805567624685636e+00,4.035386781438509707e-01
2.574294490456507933e-01,2.453577647325533295e+00,4.218409891873031725e-01
2.585248935096748357e-01,2.414393399525208483e+00,4.388157436436418424e-01
2.596203379736989336e-01,2.375268214155818569e+00,4.542708501364987050e-01
2.607157824377229205e-01,2.336217401008104044e+00,4.680299667398304386e-01
2.618112269017470184e-01,2.297256171319227214e+00,4.799334034090039225e-01
2.629066713657710053e-01,2.258399619436693762e+00,4.898393021811742742e-01
2.640021158297951032e-01,2.219662704606291559e+00,4.976252019463610066e-01
2.650975602938191455e-01,2.181060232932650944e+00,5.031897499596744705e-01
2.661930047578431879e-01,2.142606839561628895e+00,5.064543503860227114e-01
2.672884492218672303e-01,2.104316971130181457e+00,5.073648334256718462e-01
2.683838936858912727e-01,2.066204868532590666e+00,5.058928511941892525e-01
2.694793381499153151e-01,2.028284550047537493e+00,5.020370586223873444e-01
2.705747826139393575e-01,1.990569794871997811e+00,4.958238563764319484e-01
2.716702270779633999e-01,1.953074127104060143e+00,4.873078905186242205e-01
2.727656715419874978e-01,1.915810800218300525e+00,4.765719525441383664e-01
2.738611160060114846e-01,1.878792782071847745e+00,4.637265436075932445e-01
2.749565604700355270e-01,1.842032740481792885e+00,4.489089402566582288e-01
2.760520049340595694e-01,1.805543029407266520e+00,4.322818831264934047e-01
2.771474493980836118e-01,1.769335675773781480e+00,4.140318526300338919e-01
2.782428938621077097e-01,1.733422366968147887e+00,3.943671747701931185e-01
2.793383383261316966e-01,1.697814439034896372e+00,3.735158893735923691e-01
2.804337827901557945e-01,1.662522865601040234e+00,3.517236849664879261e-01
2.815292272541797813e-01,1.627558247551455173e+00,3.292520427251369730e-01
2.826246717182038792e-01,1.592930803478131541e+00,3.063768116071277081e-01
2.837201161822279216e-01,1.558650360919616951e+00,2.833875003153562000e-01
2.848155606462519640e-01,1.524726348407146714e+00,2.605876350273385045e-01
2.859110051102760064e-01,1.491167788329784916e+00,2.382963351172197874e-01
2.870064495743000488e-01,1.457983290627586692e+00,2.168512486485235369e-01
2.881018940383240912e-01,1.425181047319580729e+00,1.966123053906243534e-01
2.891973385023481335e-01,1.392768827870684234e+00,1.779645682156949238e-01
2.902927829663721759e-01,1.360753975396778781e+00,1.613160356956109820e-01
2.913882274303962738e-01,1.329143403707836901e+00,1.470825179205547395e-01
2.924836718944202607e-01,1.297943595181854537e+00,1.356489423042922804e-01
2.935791163584443586e-01,1.267160599463685422e+00,1.273001777766366860e-01
2.946745608224683455e-01,1.236800032977354968e+00,1.221335588069076689e-01
2.957700052864924434e-01,1.206867079239278162e+00,1.199942235132806512e-01
2.968654497505164858e-01,1.177366489956451323e+00,1.204814911004448708e-01
2.979608942145405281e-01,1.148302586893165778e+00,1.230337873437793023e-01
2.990563386785645705e-01,1.119679264484741754e+00,1.270458684056622600e-01
3.001517831425886129e-01,1.091499993177329264e+00,1.319627592923857951e-01
3.012472276066126553e-01,1.063767823469877971e+00,1.373274022967659880e-01
3.023426720706366977e-01,1.036485390631771031e+00,1.427901306807215220e-01
3.034381165346607401e-01,1.009654920070297113e+00,1.480975810743963283e-01
3.045335609986847825e-01,9.832782333174895362e-01,1.530746241289160925e-01
3.056290054627088248e-01,9.573567546083554536e-01,1.576063880525451488e-01
3.067244499267328672e-01,9.318915180171273294e-01,1.616230317296332708e-01
3.078198943907569096e-01,9.068831751220928217e-01,1.650877349405912020e-01
3.089153388547809520e-01,8.823320031633671290e-01,1.679875330272694867e-01
3.100107833188050499e-01,8.582379136627722449e-01,1.703264360966996460e-01
3.111062277828290368e-01,8.346004614693567358e-01,1.721202869785620759e-01
3.122016722468531347e-01,8.114188541989377779e-01,1.733929426248839167e-01
3.132971167108771215e-01,7.886919620308572298e-01,1.741734315779295272e-01
3.143925611749012194e-01,7.664183278286076373e-01,1.744938556658009454e-01
3.154880056389252618e-01,7.445961775508065372e-01,1.743878481558846782e-01
3.165834501029493042e-01,7.232234309167345776e-01,1.738894554624830779e-01
3.176788945669733466e-01,7.022977122935896155e-01,1.730323373676920795e-01
3.187743390309973890e-01,6.818163617733187243e-01,1.718492104774396179e-01
3.198697834950214314e-01,6.617764464044659789e-01,1.703714734003509701e-01
3.209652279590454738e-01,6.421747715518256738e-01,1.686289699911730222e-01
3.220606724230695161e-01,6.230078923345724329e-01,1.666498532142032252e-01
3.231561168870936140e-01,6.042721251576494979e-01,1.644605233238036757e-01
3.242515613511176009e-01,5.859635592463958709e-01,1.620856192000571516e-01
3.253470058151416988e-01,5.680780682030296402e-01,1.595480456205312925e-01
3.264424502791656857e-01,5.506113215398074079e-01,1.568690273621847764e-01
3.275378947431897836e-01,5.335587961643601940e-01,1.540681779592960043e-01
3.286333392072138260e-01,5.169157877952158531e-01,1.511635785006266719e-01
3.297287836712378128e-01,5.006774222821661624e-01,1.481718614933374978e-01
3.308242281352619107e-01,4.848386668106427488e-01,1.451082962748689864e-01
3.319196725992858976e-01,4.693943409693156488e-01,1.419868738374807926e-01
3.330151170633099955e-01,4.543391276608402807e-01,1.388203894678373962e-01
3.341105615273339824e-01,4.396675838389090263e-01,1.356205229072316998e-01
3.352060059913580803e-01,4.253741510536575565e-01,1.323979144164482702e-01
3.363014504553821227e-01,4.114531657908184203e-01,1.291622377419840706e-01
3.373968949194061651e-01,3.978988695908081685e-01,1.259222687255176498e-01
3.384923393834302074e-01,3.847054189337789643e-01,1.226859501705566818e-01
3.395877838474542498e-01,3.718668948803385277e-01,1.194604532627923377e-01
3.406832283114782922e-01,3.593773124573156896e-01,1.162522349569017482e-01
3.417786727755023346e-01,3.472306297792900898e-01,1.130670918614492815e-01
3.428741172395263770e-01,3.354207568976925180e-01,1.099102109547285544e-01
3.439695617035504749e-01,3.239415643724865013e-01,1.067862168129674744e-01
3.450650061675744618e-01,3.127868915580874765e-01,1.036992158709276329e-01
3.461604506315985597e-01,3.019505546017238751e-01,1.006528374945581950e-01
3.472558950956225465e-01,2.914263541484655717e-01,9.765027264837149168e-02
3.483513395596466444e-01,2.812080827520549997e-01,9.469430933995855171e-02
3.494467840236706868e-01,2.712895319887201895e-01,9.178736597934006314e-02
3.505422284876947292e-01,2.616644992739897146e-01,8.893152209963224586e-02
3.516376729517187716e-01,2.523267943820063919e-01,8.612854675632242163e-02
3.527331174157428140e-01,2.432702456685902626e-01,8.337992501398217016e-02
3.538285618797668564e-01,2.344887059996586254e-01,8.068688228030541920e-02
3.549240063437908987e-01,2.259760583866357586e-01,7.805040675557592400e-02
3.560194508078149411e-01,2.177262213328191309e-01,7.547127027136409094e-02
3.571148952718389835e-01,2.097331538931734296e-01,7.295004732618420862e-02
3.582103397358630259e-01,2.019908604520389839e-01,7.048713276934341632e-02
3.593057841998870683e-01,1.944933952230986085e-01,6.808275806748860515e-02
3.604012286639111107e-01,1.872348664773157700e-01,6.573700612629701512e-02
3.614966731279351531e-01,1.802094405024776969e-01,6.344982518872527288e-02
3.625921175919592510e-01,1.734113453024110907e-01,6.122104138894301356e-02
3.636875620559832378e-01,1.668348740394794694e-01,5.905037046426341030e-02
3.647830065200073357e-01,1.604743882286877865e-01,5.693742841764189155e-02
3.658784509840313226e-01,1.543243206889817198e-01,5.488174146279849869e-02
3.669738954480554205e-01,1.483791782584192309e-01,5.288275500208134555e-02
3.680693399120794629e-01,1.426335442810566512e-01,5.093984210340917612e-02
3.691647843761035053e-01,1.370820808714103556e-01,4.905231113351399969e-02
3.702602288401275477e-01,1.317195309648873935e-01,4.721941286157081002e-02
3.713556733041515900e-01,1.265407201608148291e-01,4.544034701404116999e-02
3.724511177681756324e-01,1.215405583655959215e-01,4.371426831520811018e-02
3.735465622321996748e-01,1.167140412432958185e-01,4.204029199116077892e-02
3.746420066962237172e-01,1.120562514816868110e-01,4.041749895937939152e-02
3.757374511602478151e-01,1.075623598796418140e-01,3.884494049732571674e-02
3.768328956242718020e-01,1.032276262654415327e-01,3.732164263825578365e-02
3.779283400882958999e-01,9.904740025103701828e-02,3.584661017792889481e-02
3.790237845523198867e-01,9.501712183137353551e-02,3.441883037109359778e-02
3.801192290163439846e-01,9.113232183467866176e-02,3.303727638220243373e-02
3.812146734803680270e-01,8.738862223099949644e-02,3.170091042015046878e-02
3.823101179443920694e-01,8.378173630740716471e-02,3.040868665646366542e-02
3.834055624084161118e-01,8.030746871357925809e-02,2.915955392429285184e-02
3.845010068724400987e-01,7.696171538829063574e-02,2.795245818980058097e-02
3.855964513364641966e-01,7.374046336990627837e-02,2.678634485154050143e-02
3.866918958004882390e-01,7.063979049978796887e-02,2.566016085979242606e-02
3.877873402645122813e-01,6.765586502349238418e-02,2.457285666600896035e-02
3.888827847285363237e-01,6.478494509643327459e-02,2.352338803693490576e-02
3.899782291925603661e-01,6.202337819940049318e-02,2.251071772153910230e-02
3.910736736565844085e-01,5.936760047078257913e-02,2.153381701147175087e-02
3.921691181206084509e-01,5.681413595986248288e-02,2.059166715905898573e-02
3.932645625846324933e-01,5.435959580676608810e-02,1.968326069674239398e-02
3.943600070486565912e-01,5.200067735557021426e-02,1.880760268205125540e-02
3.954554515126805780e-01,4.973416320399925289e-02,1.796371178729809157e-02
3.965508959767046759e-01,4.755692019555452649e-02,1.715062133352972598e-02
3.976463404407286628e-01,4.546589835809760477e-02,1.636738019173967010e-02
3.987417849047527607e-01,4.345812979471156551e-02,1.561305356897297464e-02
3.998372293687768031e-01,4.153072752904080067e-02,1.488672366025122623e-02
4.009326738328008455e-01,3.968088431196224036e-02,1.418749010745157593e-02
4.020281182968248879e-01,3.790587139077745277e-02,1.351447027550344536e-02
4.031235627608489303e-01,3.620303724726952471e-02,1.286679920258242821e-02
4.042190072248729726e-01,3.456980630638878393e-02,1.224362924078306776e-02
4.053144516888970150e-01,3.300367762016034184e-02,1.164412921567203885e-02
4.064098961529210574e-01,3.150222353006797149e-02,1.106748302484176355e-02
4.075053406169451553e-01,3.006308831004312829e-02,1.051288757351382351e-02
4.086007850809691422e-01,2.868398679502064813e-02,9.979549894886429601e-03
4.096962295449932401e-01,2.736270299558072813e-02,9.466683508340359432e-03
4.107916740090172270e-01,2.609708870366913777e-02,8.973504081693417858e-03
4.118871184730412693e-01,2.488506209004979694e-02,8.499224945084630015e-03
4.129825629370653672e-01,2.372460629755912195e-02,8.043053591005832476e-03
4.140780074010893541e-01,2.261376803117217185e-02,7.604191597788048824e-03
4.151734518651134520e-01,2.155065614761007484e-02,7.181842562379496184e-03
4.162688963291374389e-01,2.053344024679394642e-02,6.775236626200624793e-03
4.173643407931615368e-01,1.956034926663594367e-02,6.383686892535826891e-03
4.184597852571855792e-01,1.862967008280539197e-02,6.006704602415695315e-03
4.195552297212096216e-01,1.773974611607630203e-02,5.644219669442312147e-03
4.206506741852336639e-01,1.688897594767086938e-02,5.296984932592781886e-03
4.217461186492577063e-01,1.607581194462276430e-02,4.967292812506764882e-03
4.228415631132817487e-01,1.529875889700476818e-02,4.660200512082860250e-03
4.239370075773057911e-01,1.455637266706986087e-02,4.385518623609739076e-03
4.250324520413298335e-01,1.384725885279469021e-02,4.160746013834627777e-03
4.261278965053539314e-01,1.317007146610409303e-02,4.014592813699695284e-03
4.272233409693779183e-01,1.252351162641976087e-02,3.989206883118927294e-03
4.283187854334020161e-01,1.190632627186150559e-02,4.137194741858215771e-03
4.294142298974260030e-01,1.131730688778017670e-02,4.510948064068896757e-03
4.305096743614501009e-01,1.075528825276654728e-02,5.150108840068026023e-03
4.316051188254741433e-01,1.021914720518306285e-02,6.077979966942574468e-03
4.327005632894981857e-01,9.707801427997408625e-03,7.307922742874966085e-03
4.337960077535222281e-01,9.220208254171724169e-03,8.851028589754244072e-03
4.348914522175462705e-01,8.755363493269156805e-03,1.071934252148941218e-02
4.359868966815703129e-01,8.312300278055460498e-03,1.292485928099560040e-02
4.370823411455943552e-01,7.890087933644254412e-03,1.547621896237403108e-02
4.381777856096183976e-01,7.487830866985835561e-03,1.837441149505168736e-02
4.392732300736424400e-01,7.104667479856140340e-03,2.160813218039909361e-02
4.403686745376664269e-01,6.739769102648168232e-03,2.514918357734633597e-02
4.414641190016905803e-01,6.392338951206069653e-03,2.894832169005722919e-02
4.425595634657145672e-01,6.061611106178295925e-03,3.293206327489409807e-02
4.436550079297386096e-01,5.746849514034142563e-03,3.700107697307226939e-02
4.447504523937626519e-01,5.447347011678994530e-03,4.103084655847594880e-02
4.458458968577867498e-01,5.162424372786384753e-03,4.487524356620222615e-02
4.469413413218107922e-01,4.891429377156491891e-03,4.837347448070338646e-02
4.480367857858347791e-01,4.633735901913526439e-03,5.136053030327055596e-02
4.491322302498588215e-01,4.388743035786507943e-03,5.368077857731788638e-02
4.502276747138829194e-01,4.155874214657597626e-03,5.520376663136657841e-02
4.513231191779069618e-01,3.934576379971405427e-03,5.584065698631234670e-02
4.524185636419310041e-01,3.724319158878570263e-03,5.555921219592843685e-02
4.535140081059549910e-01,3.524594065112306423e-03,5.439485220123424503e-02
4.546094525699791444e-01,3.334913722866809493e-03,5.245521765278734344e-02
4.557048970340031313e-01,3.154811110499992390e-03,4.991581221432826732e-02
4.568003414980271737e-01,2.983838826169807855e-03,4.700475492095795849e-02
4.578957859620512161e-01,2.821568373222355357e-03,4.397560486577487687e-02
4.589912304260753140e-01,2.667589467067892767e-03,4.106942737600880605e-02
4.600866748900993564e-01,2.521509360996511667e-03,3.847184093496073404e-02
4.611821193541233432e-01,2.382952193036995056e-03,3.627733989084842153e-02
4.622775638181473856e-01,2.251558350924321578e-03,3.447667528903208128e-02
4.633730082821714835e-01,2.126983857116244558e-03,3.297583273372907409e-02
4.644684527461955259e-01,2.008899772807556851e-03,3.163830714005898964e-02
4.655638972102195683e-01,1.896991619192014067e-03,3.033024757431852791e-02
4.666593416742435552e-01,1.790958818352316080e-03,2.895131215440916242e-02
4.677547861382675976e-01,1.690514150304462185e-03,2.744643027662378720e-02
4.688502306022916954e-01,1.595383229419830920e-03,2.580315432318646546e-02
4.699456750663157378e-01,1.505303995260668737e-03,2.404179853698126812e-02
4.710411195303397802e-01,1.420026222859389160e-03,2.220383284315186750e-02
4.721365639943637671e-01,1.339311046898263849e-03,2.034139244518828535e-02
4.732320084583879205e-01,1.262930503631818106e-03,1.850885061518059427e-02
4.743274529224119074e-01,1.190667086574987051e-03,1.675643245092862943e-02
4.754228973864359498e-01,1.122313319515632919e-03,1.512557713795888506e-02
4.765183418504599921e-01,1.057671341905774137e-03,1.364586052805505205e-02
4.776137863144840900e-01,9.965525107646286667e-04,1.233350611723114248e-02
4.787092307785081324e-01,9.387770154274794037e-04,1.119163234841251582e-02
4.798046752425321193e-01,8.841735061624687430e-04,1.021226345023978563e-02
4.809001197065561617e-01,8.325787365915449708e-04,9.379753601530715218e-03
4.819955641705802596e-01,7.838372185940620240e-04,8.674823328454189103e-03
4.830910086346043020e-01,7.378008900260365306e-04,8.078195407200687919e-03
4.841864530986283444e-01,6.943287944326786282e-04,7.573029805871598838e-03
4.852818975626523312e-01,6.532867736019104966e-04,7.145875402677117662e-03
4.863773420266764846e-01,6.145471698517886768e-04,6.786382035301123661e-03
4.874727864907004715e-01,5.779885418627989709e-04,6.486313310069005689e-03
4.885682309547245139e-01,5.434953892473931743e-04,6.238428624419803913e-03
4.896636754187485563e-01,5.109578894122754171e-04,6.035642872225764621e-03
4.907591198827726542e-01,4.802716432269523838e-04,5.870640855342884948e-03
4.918545643467966966e-01,4.513374320272659640e-04,5.735915842983749062e-03
4.929500088108206834e-01,4.240609825045892176e-04,5.624075293802383545e-03
4.940454532748447258e-01,3.983527430327854567e-04,5.528228599822714549e-03
4.951408977388687682e-01,3.741276669893941944e-04,5.442314695808407599e-03
4.962363422028928661e-01,3.513050058312591935e-04,5.361298785466510862e-03
4.973317866669169085e-01,3.298081107120898973e-04,5.281229718284740846e-03
4.984272311309408954e-01,3.095642413559351490e-04,5.199186580478605026e-03
4.995226755949649378e-01,2.905043841859373719e-04,5.113155803278356462e-03
5.006181200589890912e-01,2.725630762559054792e-04,5.021876990117759253e-03
5.017135645230130780e-01,2.556782381865694404e-04,4.924685918611608482e-03
5.028090089870370649e-01,2.397910129823495112e-04,4.821372241092420317e-03
5.039044534510611628e-01,2.248456128778486703e-04,4.712060455546335583e-03
5.049998979150852607e-01,2.107891706752548983e-04,4.597116214500405335e-03
5.060953423791092476e-01,1.975716003044709099e-04,4.477076279306726157e-03
5.071907868431332345e-01,1.851454611169891325e-04,4.352598158488418627e-03
5.082862313071573324e-01,1.734658286444557126e-04,4.224425034094395244e-03
5.093816757711814303e-01,1.624901718270613932e-04,4.093361613719627423e-03
5.104771202352054171e-01,1.521782351950012706e-04,3.960257164927457989e-03
5.115725646992295150e-01,1.424919257360096473e-04,3.825992699688932942e-03
5.126680091632535019e-01,1.333952054732640469e-04,3.691470163845547020e-03
5.137634536272775998e-01,1.248539889967965053e-04,3.557601989811895286e-03
5.148588980913015867e-01,1.168360446965453786e-04,3.425299975018994067e-03
5.159543425553256846e-01,1.093109020692643738e-04,3.295462884305184938e-03
5.170497870193496714e-01,1.022497615290255925e-04,3.168962393214274503e-03
5.181452314833737693e-01,9.562540969465643521e-05,3.046627375004138955e-03
5.192406759473978672e-01,8.941213797943452246e-05,2.929226675458973961e-03
5.203361204114218541e-01,8.358566508249919906e-05,2.817450848538024123e-03
5.214315648754458410e-01,7.812306317825265219e-05,2.711893572089190199e-03
5.225270093394699389e-01,7.300268752362573503e-05,2.613033779502000123e-03
5.236224538034940368e-01,6.820410995935320003e-05,2.521219804330122796e-03
5.247178982675180237e-01,6.370805435406404942e-05,2.436656984401268117e-03
5.258133427315420105e-01,5.949633632203377474e-05,2.359400275390218221e-03
5.269087871955661084e-01,5.555180542393380944e-05,2.289353126182954758e-03
5.280042316595902063e-01,5.185829009549410533e-05,2.226273416167211337e-03
5.290996761236141932e-01,4.840054546098520807e-05,2.169786564905997351e-03
5.301951205876382911e-01,4.516420349299452583e-05,2.119405094741994618e-03
5.312905650516622780e-01,4.213572572477217659e-05,2.074553158585805326e-03
5.323860095156863759e-01,3.930235861379345694e-05,2.034594022312812434e-03
5.334814539797103627e-01,3.665209049280453472e-05,1.998858172641798051e-03
5.345768984437344606e-01,3.417361122904802681e-05,1.966669963883959076e-03
5.356723429077584475e-01,3.185627383884332591e-05,1.937371037371937591e-03
5.367677873717825454e-01,2.969005786798282787e-05,1.910339349608790966e-03
5.378632318358066433e-01,2.766553460564400140e-05,1.885003291747643084e-03
5.389586762998306302e-01,2.577383453612483864e-05,1.860850955149964377e-03
5.400541207638546171e-01,2.400661555070658103e-05,1.837434896828251622e-03
5.411495652278787150e-01,2.235603403309386906e-05,1.814373254774933773e-03
5.422450096919028129e-01,2.081471636702863874e-05,1.791347864542822089e-03
5.433404541559267997e-01,1.937573275701798248e-05,1.768100343837549458e-03
5.444358986199507866e-01,1.803257157070480419e-05,1.744426748387952180e-03
5.455313430839749955e-01,1.677911608355348521e-05,1.720171601613145309e-03
5.466267875479989824e-01,1.560962108979403851e-05,1.695221569697564525e-03
5.477222320120229693e-01,1.451869252858409402e-05,1.669499461972356489e-03
5.488176764760470672e-01,1.350126633324598130e-05,1.642958439687601134e-03
5.499131209400710540e-01,1.255259011266427756e-05,1.615576970485277505e-03
5.510085654040951519e-01,1.166820415951510349e-05,1.587354222743546286e-03
5.521040098681191388e-01,1.084392541011851781e-05,1.558306359513758578e-03
5.531994543321432367e-01,1.007583007156169177e-05,1.528463170485113310e-03
5.542948987961672236e-01,9.360239294323526138e-06,1.497865571126664542e-03
5.553903432601913215e-01,8.693704397331917532e-06,1.466563444501063065e-03
5.564857877242154194e-01,8.072992893603018837e-06,1.434613901689384130e-03
5.575812321882394063e-01,7.495076275676147489e-06,1.402080070217003212e-03
5.586766766522633931e-01,6.957117091983784841e-06,1.369029924189746122e-03
5.597721211162874910e-01,6.456458000155838859e-06,1.335535559412972650e-03
5.608675655803115889e-01,5.990610748538399023e-06,1.301672505283937332e-03
5.619630100443355758e-01,5.557245981608481108e-06,1.267519189088327832e-03
5.630584545083595627e-01,5.154183472813461539e-06,1.233156438794259183e-03
5.641538989723837716e-01,4.779383417352706868e-06,1.198667149197139067e-03
5.652493434364077585e-01,4.430937000067574350e-06,1.164135665665204118e-03
5.663447879004317453e-01,4.107059485473767043e-06,1.129647664498212431e-03
5.674402323644558432e-01,3.806081896358223622e-06,1.095289565423608483e-03
5.685356768284799411e-01,3.526443763196368769e-06,1.061148058655428860e-03
5.696311212925039280e-01,3.266686644621126547e-06,1.027309706083741943e-03
5.707265657565279149e-01,3.025447896827842113e-06,9.938604836345278810e-04
5.718220102205520128e-01,2.801454498185409259e-06,9.608851894897958972e-04
5.729174546845761107e-01,2.593517010076539914e-06,9.284667226612966593e-04
5.740128991486000976e-01,2.400525585581738087e-06,8.966859265865784450e-04
5.751083436126241955e-01,2.221443054178590259e-06,8.656202587006908570e-04
5.762037880766481823e-01,2.055302289262306813e-06,8.353438600628583901e-04
5.772992325406721692e-01,1.901200297568699849e-06,8.059262924656378571e-04
5.783946770046962671e-01,1.758294777699657017e-06,7.774320740754803345e-04
5.794901214687203650e-01,1.625799869191520305e-06,7.499197860645238434e-04
5.805855659327443519e-01,1.502983214073268073e-06,7.234416554841568764e-04
5.816810103967683387e-01,1.389161749136353483e-06,6.980424903470925290e-04
5.827764548607925477e-01,1.283698595200959810e-06,6.737590194841295991e-04
5.838718993248165345e-01,1.186000735049811862e-06,6.506196259242705976e-04
5.849673437888405214e-01,1.095515179951466221e-06,6.286432948967450628e-04
5.860627882528646193e-01,1.011727342215150671e-06,6.078397494180627549e-04
5.871582327168887172e-01,9.341575737102713574e-07,5.882086410732339978e-04
5.882536771809127041e-01,8.623595366284372074e-07,5.697398625900569873e-04
5.893491216449366910e-01,7.959176735558155278e-07,5.524134638713972109e-04
5.904445661089607889e-01,7.344454434621355665e-07,5.362001830023843197e-04
5.915400105729848867e-01,6.775828781398666536e-07,5.210616460064029570e-04
5.926354550370088736e-01,6.249955255358299895e-07,5.069516907622532292e-04
5.937308995010329715e-01,5.763721225853728102e-07,4.938168921499522246e-04
5.948263439650569584e-01,5.314232495931419781e-07,4.815978777746369424e-04
5.959217884290810563e-01,4.898799256393421453e-07,4.702306735232896872e-04
5.970172328931050432e-01,4.514922065289356896e-07,4.596480485854205727e-04
5.981126773571291411e-01,4.160279307202307475e-07,4.497809338561372153e-04
5.992081218211531279e-01,3.832711789446924068e-07,4.405593919334566447e-04
6.003035662851772258e-01,3.530216932502253590e-07,4.319144334631219348e-04
6.013990107492013237e-01,3.250932864960590916e-07,4.237785311767815221e-04
6.024944552132253106e-01,2.993135281868195067e-07,4.160874009544534929e-04
6.035898996772492975e-01,2.755217919988773210e-07,4.087794312512917408e-04
6.046853441412733954e-01,2.535696926407352750e-07,4.017980404953092857e-04
6.057807886052974933e-01,2.333190041250830900e-07,3.950902717905942761e-04
6.068762330693214802e-01,2.146417856785578673e-07,3.886083054201744250e-04
6.079716775333454670e-01,1.974193898489481523e-07,3.823091478966709317e-04
6.090671219973695649e-01,1.815420292075692598e-07,3.761550533925050771e-04
6.101625664613936628e-01,1.669074901717038530e-07,3.701120423402134442e-04
6.112580109254176497e-01,1.534213380038354344e-07,3.641511787166714568e-04
6.123534553894417476e-01,1.409962093196785635e-07,3.582480699249851030e-04
6.134488998534657345e-01,1.295508829702666212e-07,3.523814837688194639e-04
6.145443443174898324e-01,1.190104707087285234e-07,3.465346260207955993e-04
6.156397887815138192e-01,1.093051985649682779e-07,3.406926571793908454e-04
6.167352332455379171e-01,1.003710586477232538e-07,3.348453814750847126e-04
6.178306777095619040e-01,9.214830068615850945e-08,3.289835123154656897e-04
6.189261221735860019e-01,8.458186235128316980e-08,3.231006940471258622e-04
6.200215666376100998e-01,7.762092100461300296e-08,3.171929677480104116e-04
6.211170111016340867e-01,7.121844003725214258e-08,3.112579816754010753e-04
6.222124555656580736e-01,6.533066655857649635e-08,3.052936521961566651e-04
6.233079000296821714e-01,5.991733778120391366e-08,2.992998492417306444e-04
6.244033444937062693e-01,5.494149887411930267e-08,2.932788110192919326e-04
6.254987889577302562e-01,5.036851430738554656e-08,2.872310745635722100e-04
6.265942334217542431e-01,4.616672285195509852e-08,2.811596515104402790e-04
6.276896778857784520e-01,4.230685615211516292e-08,2.750680423518555868e-04
6.287851223498024389e-01,3.876184401279416451e-08,2.689599673258306401e-04
6.298805668138264258e-01,3.550648596364051832e-08,2.628379751095203417e-04
6.309760112778505237e-01,3.251806219184453225e-08,2.567088906411148642e-04
6.320714557418745105e-01,2.977497330823884466e-08,2.505748949333925189e-04
6.331669002058986084e-01,2.725774255930131325e-08,2.444419291215076226e-04
6.342623446699225953e-01,2.494824247660369169e-08,2.383147260587348314e-04
6.353577891339466932e-01,2.282979667708693457e-08,2.321984798666284773e-04
6.364532335979706801e-01,2.088688422915276622e-08,2.260968901492174774e-04
6.375486780619947780e-01,1.910548373113516596e-08,2.200167261459955897e-04
6.386441225260188759e-01,1.747248800852748362e-08,2.139627788148723163e-04
6.397395669900428627e-01,1.597566869850224940e-08,2.079377780064805810e-04
6.408350114540668496e-01,1.460430921052558435e-08,2.019515884550287556e-04
6.419304559180909475e-01,1.334776729815311919e-08,1.960034753095481631e-04
6.430259003821150454e-01,1.219690837238395044e-08,1.901020248198954780e-04
6.441213448461390323e-01,1.114295407686738745e-08,1.842502327080109618e-04
6.452167893101630192e-01,1.017809232367896472e-08,1.784553725076201258e-04
6.463122337741872281e-01,9.294766602023197649e-09,1.727181560231381844e-04
6.474076782382112150e-01,8.486422414220180697e-09,1.670463667798673688e-04
6.485031227022352018e-01,7.746861958483243071e-09,1.614446271728945997e-04
6.495985671662591887e-01,7.070202462803283297e-09,1.559133821532649074e-04
6.506940116302833976e-01,6.451400463643392546e-09,1.504608584868878261e-04
6.517894560943073845e-01,5.885510608535997751e-09,1.450880847392997284e-04
6.528849005583313714e-01,5.368232524203696963e-09,1.398018429193396593e-04
6.539803450223554693e-01,4.895301823025887150e-09,1.346005287046474371e-04
6.550757894863795672e-01,4.463266494839640113e-09,1.294951149008803475e-04
6.561712339504035540e-01,4.068465700911984810e-09,1.244823784612091272e-04
6.572666784144276519e-01,3.707783799547187025e-09,1.195659353681239906e-04
6.583621228784516388e-01,3.378380094265812873e-09,1.147499285203196548e-04
6.594575673424756257e-01,3.077691436735595149e-09,1.100400205565228706e-04
6.605530118064997236e-01,2.803158587424866596e-09,1.054342144972584769e-04
6.616484562705238215e-01,2.552526189344863297e-09,1.009333942175218710e-04
6.627439007345478084e-01,2.323937987875694392e-09,9.654688571315571161e-05
6.638393451985717952e-01,2.115315625303822552e-09,9.226821130724780027e-05
6.649347896625960042e-01,1.925098642084132054e-09,8.810551131272668045e-05
6.660302341266199910e-01,1.751529208552266678e-09,8.405169401130872049e-05
6.671256785906439779e-01,1.593418189253656922e-09,8.011974626691371264e-05
6.682211230546679648e-01,1.449171425386291806e-09,7.629707119226694385e-05
6.693165675186921737e-01,1.317720066348501324e-09,7.259105190838485439e-05
6.704120119827161606e-01,1.198010749021530652e-09,6.900521634650999623e-05
6.715074564467401474e-01,1.088982366529351886e-09,6.553733025358309970e-05
6.726029009107642453e-01,9.895425934695749950e-10,6.217710400969675422e-05
6.736983453747883432e-01,8.991318505216760804e-10,5.894200639608202061e-05
6.747937898388123301e-01,8.167389577238742334e-10,5.581665968142922904e-05
6.758892343028363170e-01,7.657964385630351212e-10,5.451833275876213642e-05
6.769846787668604149e-01,7.659177159115940152e-10,5.675782790720667719e-05
6.780801232308845128e-01,7.660390083097505187e-10,5.904334565526953379e-05
6.791755676949084997e-01,7.661603137604556104e-10,6.137258575060910331e-05
6.802710121589325976e-01,7.662816302902391557e-10,6.374300122908493828e-05
6.813664566229565844e-01,7.664029559489525500e-10,6.615179770712440648e-05
6.824619010869806823e-01,7.665242888095158087e-10,6.859593440575276766e-05
6.835573455510046692e-01,7.666456269676667241e-10,7.107212706286059924e-05
6.846527900150287671e-01,7.667669685417136425e-10,7.357685291946427847e-05
6.857482344790527540e-01,7.668883116722894806e-10,7.610635793303521378e-05
6.868436789430767409e-01,7.670096545221106028e-10,7.865666641924507852e-05
6.879391234071009498e-01,7.671309952757363183e-10,8.122359328811614983e-05
6.890345678711249366e-01,7.672523321393328248e-10,8.380275907162132269e-05
6.901300123351489235e-01,7.673736633404382884e-10,8.638960793293289238e-05
6.912254567991730214e-01,7.674949871277326814e-10,8.897942885809004808e-05
6.923209012631971193e-01,7.676163017708072053e-10,9.156738022797632800e-05
6.934163457272211062e-01,7.677376055599397113e-10,9.414851799635543829e-05
6.945117901912450931e-01,7.678588968058693972e-10,9.671782767586735300e-05
6.956072346552691910e-01,7.679801738395770870e-10,9.927026038294972914e-05
6.967026791192932889e-01,7.681014350120643746e-10,1.018007731678054623e-04
6.977981235833172757e-01,7.682226786941396931e-10,1.043043738999911241e-04
6.988935680473413736e-01,7.683439032762027319e-10,1.067761709622039703e-04
6.999890125113653605e-01,7.684651071680339184e-10,1.092114280562102372e-04
7.010844569753894584e-01,7.685862887985843146e-10,1.116056244208115652e-04
7.021799014394134453e-01,7.687074466157692356e-10,1.139545207770011536e-04
7.032753459034375432e-01,7.688285790862646593e-10,1.162542313520265004e-04
7.043707903674615300e-01,7.689496846953038439e-10,1.185013023294389861e-04
7.054662348314856279e-01,7.690707619464777700e-10,1.206927970861799130e-04
7.065616792955097258e-01,7.691918093615369282e-10,1.228263885873904344e-04
7.076571237595337127e-01,7.693128254801969309e-10,1.249004592790646225e-04
7.087525682235576996e-01,7.694338088599450560e-10,1.269142088002043383e-04
7.098480126875817975e-01,7.695547580758465827e-10,1.288677697462128262e-04
7.109434571516058954e-01,7.696756717203594004e-10,1.307623316564997685e-04
7.120389016156298823e-01,7.697965484031449971e-10,1.326002731733657615e-04
7.131343460796538691e-01,7.699173867508828612e-10,1.343853021545679083e-04
7.142297905436779670e-01,7.700381854070899495e-10,1.361226031622550818e-04
7.153252350077020649e-01,7.701589430319372594e-10,1.378189913377092697e-04
7.164206794717260518e-01,7.702796583020732262e-10,1.394830711259013444e-04
7.175161239357501497e-01,7.704003299104455689e-10,1.411253975815862259e-04
7.186115683997741366e-01,7.705209565661268587e-10,1.427586371581279800e-04
7.197070128637982345e-01,7.706415369941405008e-10,1.443977238434870144e-04
7.208024573278222213e-01,7.707620699352922994e-10,1.460600053464894399e-04
7.218979017918463192e-01,7.708825541459980945e-10,1.477653727993507758e-04
7.229933462558703061e-01,7.710029883981190491e-10,1.495363661862362538e-04
7.240887907198944040e-01,7.711233714787944558e-10,1.513982466057330566e-04
7.251842351839185019e-01,7.712437021902787816e-10,1.533790256815073050e-04
7.262796796479424888e-01,7.713639793497802647e-10,1.555094422230759933e-04
7.273751241119664757e-01,7.714842017893005450e-10,1.578228768446883641e-04
7.284705685759905736e-01,7.716043683554747075e-10,1.603551969499277126e-04
7.295660130400146715e-01,7.717244779094183578e-10,1.631445274786144119e-04
7.306614575040386583e-01,7.718445293265691135e-10,1.662309471442661600e-04
7.317569019680626452e-01,7.719645214965355399e-10,1.696561153950711467e-04
7.328523464320868541e-01,7.720844533229452598e-10,1.734628416532921322e-04
7.339477908961108410e-01,7.722043237232947159e-10,1.776946147304328137e-04
7.350432353601348279e-01,7.723241316288015198e-10,1.823951159183921720e-04
7.361386798241589258e-01,7.724438759842573169e-10,1.876077430613491671e-04
7.372341242881830237e-01,7.725635557478832366e-10,1.933751741947748945e-04
7.383295687522070105e-01,7.726831698911867900e-10,1.997389976044432582e-04
7.394250132162309974e-01,7.728027173988195951e-10,2.067394304649158019e-04
7.405204576802550953e-01,7.729221972684365489e-10,2.144151411673468545e-04
7.416159021442790822e-01,7.730416085105590330e-10,2.228031820007935198e-04
7.427113466083031801e-01,7.731609501484353262e-10,2.319390302610486478e-04
7.438067910723272780e-01,7.732802212179061880e-10,2.418567282377491934e-04
7.449022355363512649e-01,7.733994207672708554e-10,2.525891067812636851e-04
7.459976800003752517e-01,7.735185478571532463e-10,2.641680736724074307e-04
7.470931244643993496e-01,7.736376015603713684e-10,2.766249468938293500e-04
7.481885689284234475e-01,7.737565809618069347e-10,2.899908137368446240e-04
7.492840133924474344e-01,7.738754851582770475e-10,3.042968989891510403e-04
7.503794578564714213e-01,7.739943132584072257e-10,3.195749286139073814e-04
7.514749023204956302e-01,7.741130643825052603e-10,3.358574788078143671e-04
7.525703467845196171e-01,7.742317376624371367e-10,3.531783036865621160e-04
7.536657912485436039e-01,7.743503322415037852e-10,3.715726378260942133e-04
7.547612357125677018e-01,7.744688472743192786e-10,3.910774723154808170e-04
7.558566801765917997e-01,7.745872819266908908e-10,4.117318048566569405e-04
7.569521246406157866e-01,7.747056353754995696e-10,4.335768657471993776e-04
7.580475691046397735e-01,7.748239068085818561e-10,4.566563224873429819e-04
7.591430135686638714e-01,7.749420954246140800e-10,4.810164662132710225e-04
7.602384580326879693e-01,7.750602004329968642e-10,5.067063834240051077e-04
7.613339024967119562e-01,7.751782210537398364e-10,5.337781164886160057e-04
7.624293469607360541e-01,7.752961565173509940e-10,5.622868163376807792e-04
7.635247914247600409e-01,7.754140060647236904e-10,5.922908906055044742e-04
7.646202358887841388e-01,7.755317689470254824e-10,6.238521502829766450e-04
7.657156803528081257e-01,7.756494444255905971e-10,6.570359577745549110e-04
7.668111248168322236e-01,7.757670317718115709e-10,6.919113790480814659e-04
7.679065692808562105e-01,7.758845302670305791e-10,7.285513424444532444e-04
7.690020137448801973e-01,7.760019392024364512e-10,7.670328065497411226e-04
7.700974582089044063e-01,7.761192578789572415e-10,8.074369394529008065e-04
7.711929026729283931e-01,7.762364856071592094e-10,8.498493116495318793e-04
7.722883471369523800e-01,7.763536217071422843e-10,8.943601047856654645e-04
7.733837916009764779e-01,7.764706655084400805e-10,9.410643384587843562e-04
7.744792360650005758e-01,7.765876163499198078e-10,9.900621172543395878e-04
7.755746805290245627e-01,7.767044735796818733e-10,1.041458900286994140e-03
7.766701249930485496e-01,7.768212365549632036e-10,1.095365795531415753e-03
7.777655694570726475e-01,0.000000000000000000e+00,0.000000000000000000e+00
7.788610139210967453e-01,0.000000000000000000e+00,0.000000000000000000e+00
7.799564583851207322e-01,0.000000000000000000e+00,0.000000000000000000e+00
7.810519028491448301e-01,0.000000000000000000e+00,0.000000000000000000e+00
7.821473473131688170e-01,0.000000000000000000e+00,0.000000000000000000e+00
7.832427917771929149e-01,0.000000000000000000e+00,0.000000000000000000e+00
7.843382362412169018e-01,0.000000000000000000e+00,0.000000000000000000e+00
7.854336807052409997e-01,0.000000000000000000e+00,0.000000000000000000e+00
7.865291251692649865e-01,0.000000000000000000e+00,0.000000000000000000e+00
7.876245696332890844e-01,0.000000000000000000e+00,0.000000000000000000e+00
7.887200140973131823e-01,0.000000000000000000e+00,0.000000000000000000e+00
7.898154585613371692e-01,0.000000000000000000e+00,0.000000000000000000e+00
7.909109030253611561e-01,0.000000000000000000e+00,0.000000000000000000e+00
7.920063474893852540e-01,0.000000000000000000e+00,0.000000000000000000e+00
7.931017919534093519e-01,0.000000000000000000e+00,0.000000000000000000e+00
7.941972364174333388e-01,0.000000000000000000e+00,0.000000000000000000e+00
7.952926808814573256e-01,0.000000000000000000e+00,0.000000000000000000e+00
7.963881253454814235e-01,0.000000000000000000e+00,0.000000000000000000e+00
7.974835698095055214e-01,0.000000000000000000e+00,0.000000000000000000e+00
7.985790142735295083e-01,0.000000000000000000e+00,0.000000000000000000e+00
7.996744587375536062e-01,0.000000000000000000e+00,0.000000000000000000e+00
8.007699032015775931e-01,0.000000000000000000e+00,0.000000000000000000e+00
8.018653476656016910e-01,0.000000000000000000e+00,0.000000000000000000e+00
8.029607921296256778e-01,0.000000000000000000e+00,0.000000000000000000e+00
8.040562365936497757e-01,0.000000000000000000e+00,0.000000000000000000e+00
8.051516810576737626e-01,0.000000000000000000e+00,0.000000000000000000e+00
8.062471255216978605e-01,0.000000000000000000e+00,0.000000000000000000e+00
8.073425699857219584e-01,0.000000000000000000e+00,0.000000000000000000e+00
8.084380144497459453e-01,0.000000000000000000e+00,0.000000000000000000e+00
8.095334589137699322e-01,0.000000000000000000e+00,0.000000000000000000e+00
8.106289033777940300e-01,0.000000000000000000e+00,0.000000000000000000e+00
8.117243478418181279e-01,0.000000000000000000e+00,0.000000000000000000e+00
8.128197923058421148e-01,0.000000000000000000e+00,0.000000000000000000e+00
8.139152367698661017e-01,0.000000000000000000e+00,0.000000000000000000e+00
8.150106812338903106e-01,0.000000000000000000e+00,0.000000000000000000e+00
8.161061256979142975e-01,0.000000000000000000e+00,0.000000000000000000e+00
8.172015701619382844e-01,0.000000000000000000e+00,0.000000000000000000e+00
8.182970146259623823e-01,0.000000000000000000e+00,0.000000000000000000e+00
8.193924590899864802e-01,0.000000000000000000e+00,0.000000000000000000e+00
8.204879035540104670e-01,0.000000000000000000e+00,0.000000000000000000e+00
8.215833480180344539e-01,0.000000000000000000e+00,0.000000000000000000e+00
8.226787924820585518e-01,0.000000000000000000e+00,0.000000000000000000e+00
8.237742369460825387e-01,0.000000000000000000e+00,0.000000000000000000e+00
8.248696814101066366e-01,0.000000000000000000e+00,0.000000000000000000e+00
8.259651258741307345e-01,0.000000000000000000e+00,0.000000000000000000e+00
8.270605703381547213e-01,0.000000000000000000e+00,0.000000000000000000e+00
8.281560148021787082e-01,0.000000000000000000e+00,0.000000000000000000e+00
8.292514592662028061e-01,0.000000000000000000e+00,0.000000000000000000e+00
8.303469037302269040e-01,0.000000000000000000e+00,0.000000000000000000e+00
8.314423481942508909e-01,0.000000000000000000e+00,0.000000000000000000e+00
8.325377926582748778e-01,0.000000000000000000e+00,0.000000000000000000e+00
8.336332371222990867e-01,0.000000000000000000e+00,0.000000000000000000e+00
8.347286815863230736e-01,0.000000000000000000e+00,0.000000000000000000e+00
8.358241260503470604e-01,0.000000000000000000e+00,0.000000000000000000e+00
8.369195705143711583e-01,0.000000000000000000e+00,0.000000000000000000e+00
8.380150149783952562e-01,0.000000000000000000e+00,0.000000000000000000e+00
8.391104594424192431e-01,0.000000000000000000e+00,0.000000000000000000e+00
8.402059039064432300e-01,0.000000000000000000e+00,0.000000000000000000e+00
8.413013483704673279e-01,0.000000000000000000e+00,0.000000000000000000e+00
8.423967928344914258e-01,0.000000000000000000e+00,0.000000000000000000e+00
8.434922372985154126e-01,0.000000000000000000e+00,0.000000000000000000e+00
8.445876817625395105e-01,0.000000000000000000e+00,0.000000000000000000e+00
8.456831262265634974e-01,0.000000000000000000e+00,0.000000000000000000e+00
8.467785706905875953e-01,0.000000000000000000e+00,0.000000000000000000e+00
8.478740151546115822e-01,0.000000000000000000e+00,0.000000000000000000e+00
8.489694596186356801e-01,0.000000000000000000e+00,0.000000000000000000e+00
8.500649040826596670e-01,0.000000000000000000e+00,0.000000000000000000e+00
8.511603485466836538e-01,0.000000000000000000e+00,0.000000000000000000e+00
8.522557930107078628e-01,0.000000000000000000e+00,0.000000000000000000e+00
8.533512374747318496e-01,0.000000000000000000e+00,0.000000000000000000e+00
8.544466819387558365e-01,0.000000000000000000e+00,0.000000000000000000e+00
8.555421264027798234e-01,0.000000000000000000e+00,0.000000000000000000e+00
8.566375708668040323e-01,0.000000000000000000e+00,0.000000000000000000e+00
8.577330153308280192e-01,0.000000000000000000e+00,0.000000000000000000e+00
8.588284597948520060e-01,0.000000000000000000e+00,0.000000000000000000e+00
8.599239042588761039e-01,0.000000000000000000e+00,0.000000000000000000e+00
8.610193487229002018e-01,0.000000000000000000e+00,0.000000000000000000e+00
8.621147931869241887e-01,0.000000000000000000e+00,0.000000000000000000e+00
8.632102376509482866e-01,0.000000000000000000e+00,0.000000000000000000e+00
8.643056821149722735e-01,0.000000000000000000e+00,0.000000000000000000e+00
8.654011265789963714e-01,0.000000000000000000e+00,0.000000000000000000e+00
8.664965710430203583e-01,0.000000000000000000e+00,0.000000000000000000e+00
8.675920155070444562e-01,0.000000000000000000e+00,0.000000000000000000e+00
8.686874599710684430e-01,0.000000000000000000e+00,0.000000000000000000e+00
8.697829044350925409e-01,0.000000000000000000e+00,0.000000000000000000e+00
8.708783488991166388e-01,0.000000000000000000e+00,0.000000000000000000e+00
8.719737933631406257e-01,0.000000000000000000e+00,0.000000000000000000e+00
8.730692378271646126e-01,0.000000000000000000e+00,0.000000000000000000e+00
8.741646822911887105e-01,0.000000000000000000e+00,0.000000000000000000e+00
8.752601267552128084e-01,0.000000000000000000e+00,0.000000000000000000e+00
8.763555712192367952e-01,0.000000000000000000e+00,0.000000000000000000e+00
8.774510156832607821e-01,0.000000000000000000e+00,0.000000000000000000e+00
8.785464601472848800e-01,0.000000000000000000e+00,0.000000000000000000e+00
8.796419046113088669e-01,0.000000000000000000e+00,0.000000000000000000e+00
8.807373490753328538e-01,0.000000000000000000e+00,0.000000000000000000e+00
8.818327935393570627e-01,0.000000000000000000e+00,0.000000000000000000e+00
8.829282380033811606e-01,0.000000000000000000e+00,0.000000000000000000e+00
8.840236824674051475e-01,0.000000000000000000e+00,0.000000000000000000e+00
8.851191269314291343e-01,0.000000000000000000e+00,0.000000000000000000e+00
8.862145713954532322e-01,0.000000000000000000e+00,0.000000000000000000e+00
8.873100158594772191e-01,0.000000000000000000e+00,0.000000000000000000e+00
8.884054603235012060e-01,0.000000000000000000e+00,0.000000000000000000e+00
8.895009047875253039e-01,0.000000000000000000e+00,0.000000000000000000e+00
8.905963492515495128e-01,0.000000000000000000e+00,0.000000000000000000e+00
8.916917937155734997e-01,0.000000000000000000e+00,0.000000000000000000e+00
8.927872381795974865e-01,0.000000000000000000e+00,0.000000000000000000e+00
8.938826826436215844e-01,0.000000000000000000e+00,0.000000000000000000e+00
8.949781271076455713e-01,0.000000000000000000e+00,0.000000000000000000e+00
8.960735715716695582e-01,0.000000000000000000e+00,0.000000000000000000e+00
8.971690160356936561e-01,0.000000000000000000e+00,0.000000000000000000e+00
8.982644604997176430e-01,0.000000000000000000e+00,0.000000000000000000e+00
8.993599049637418519e-01,0.000000000000000000e+00,0.000000000000000000e+00
9.004553494277658388e-01,0.000000000000000000e+00,0.000000000000000000e+00
9.015507938917899367e-01,0.000000000000000000e+00,0.000000000000000000e+00
9.026462383558139235e-01,0.000000000000000000e+00,0.000000000000000000e+00
9.037416828198379104e-01,0.000000000000000000e+00,0.000000000000000000e+00
9.048371272838620083e-01,0.000000000000000000e+00,0.000000000000000000e+00
9.059325717478859952e-01,0.000000000000000000e+00,0.000000000000000000e+00
9.070280162119099820e-01,0.000000000000000000e+00,0.000000000000000000e+00
9.081234606759340799e-01,0.000000000000000000e+00,0.000000000000000000e+00
9.092189051399582889e-01,0.000000000000000000e+00,0.000000000000000000e+00
9.103143496039822757e-01,0.000000000000000000e+00,0.000000000000000000e+00
9.114097940680062626e-01,0.000000000000000000e+00,0.000000000000000000e+00
9.125052385320303605e-01,0.000000000000000000e+00,0.000000000000000000e+00
9.136006829960543474e-01,0.000000000000000000e+00,0.000000000000000000e+00
9.146961274600783343e-01,0.000000000000000000e+00,0.000000000000000000e+00
9.157915719241024322e-01,0.000000000000000000e+00,0.000000000000000000e+00
9.168870163881264190e-01,0.000000000000000000e+00,0.000000000000000000e+00
9.179824608521506280e-01,0.000000000000000000e+00,0.000000000000000000e+00
9.190779053161746148e-01,0.000000000000000000e+00,0.000000000000000000e+00
9.201733497801987127e-01,0.000000000000000000e+00,0.000000000000000000e+00
9.212687942442226996e-01,0.000000000000000000e+00,0.000000000000000000e+00
9.223642387082466865e-01,0.000000000000000000e+00,0.000000000000000000e+00
9.234596831722707844e-01,0.000000000000000000e+00,0.000000000000000000e+00
9.245551276362947712e-01,0.000000000000000000e+00,0.000000000000000000e+00
9.256505721003187581e-01,0.000000000000000000e+00,0.000000000000000000e+00
9.267460165643429670e-01,0.000000000000000000e+00,0.000000000000000000e+00
9.278414610283670649e-01,0.000000000000000000e+00,0.000000000000000000e+00
9.289369054923910518e-01,0.000000000000000000e+00,0.000000000000000000e+00
9.300323499564150387e-01,0.000000000000000000e+00,0.000000000000000000e+00
9.311277944204391366e-01,0.000000000000000000e+00,0.000000000000000000e+00
9.322232388844631235e-01,0.000000000000000000e+00,0.000000000000000000e+00
9.333186833484871103e-01,0.000000000000000000e+00,0.000000000000000000e+00
9.344141278125112082e-01,0.000000000000000000e+00,0.000000000000000000e+00
9.355095722765351951e-01,0.000000000000000000e+00,0.000000000000000000e+00
9.366050167405594040e-01,0.000000000000000000e+00,0.000000000000000000e+00
9.377004612045833909e-01,0.000000000000000000e+00,0.000000000000000000e+00
9.387959056686074888e-01,0.000000000000000000e+00,0.000000000000000000e+00
9.398913501326314757e-01,0.000000000000000000e+00,0.000000000000000000e+00
9.409867945966554625e-01,0.000000000000000000e+00,0.000000000000000000e+00
9.420822390606795604e-01,0.000000000000000000e+00,0.000000000000000000e+00
9.431776835247035473e-01,0.000000000000000000e+00,0.000000000000000000e+00
9.442731279887275342e-01,0.000000000000000000e+00,0.000000000000000000e+00
9.453685724527517431e-01,0.000000000000000000e+00,0.000000000000000000e+00
9.464640169167758410e-01,0.000000000000000000e+00,0.000000000000000000e+00
9.475594613807998279e-01,0.000000000000000000e+00,0.000000000000000000e+00
9.486549058448238148e-01,0.000000000000000000e+00,0.000000000000000000e+00
9.497503503088479127e-01,0.000000000000000000e+00,0.000000000000000000e+00
9.508457947728718995e-01,0.000000000000000000e+00,0.000000000000000000e+00
9.519412392368958864e-01,0.000000000000000000e+00,0.000000000000000000e+00
9.530366837009199843e-01,0.000000000000000000e+00,0.000000000000000000e+00
9.541321281649441932e-01,0.000000000000000000e+00,0.000000000000000000e+00
9.552275726289681801e-01,0.000000000000000000e+00,0.000000000000000000e+00
9.563230170929921670e-01,0.000000000000000000e+00,0.000000000000000000e+00
9.574184615570162649e-01,0.000000000000000000e+00,0.000000000000000000e+00
9.585139060210402517e-01,0.000000000000000000e+00,0.000000000000000000e+00
9.596093504850642386e-01,0.000000000000000000e+00,0.000000000000000000e+00
9.607047949490883365e-01,0.000000000000000000e+00,0.000000000000000000e+00
9.618002394131123234e-01,0.000000000000000000e+00,0.000000000000000000e+00
9.628956838771363103e-01,0.000000000000000000e+00,0.000000000000000000e+00
9.639911283411605192e-01,0.000000000000000000e+00,0.000000000000000000e+00
9.650865728051846171e-01,0.000000000000000000e+00,0.000000000000000000e+00
9.661820172692086039e-01,0.000000000000000000e+00,0.000000000000000000e+00
9.672774617332325908e-01,0.000000000000000000e+00,0.000000000000000000e+00
9.683729061972566887e-01,0.000000000000000000e+00,0.000000000000000000e+00
9.694683506612806756e-01,0.000000000000000000e+00,0.000000000000000000e+00
9.705637951253046625e-01,0.000000000000000000e+00,0.000000000000000000e+00
9.716592395893287604e-01,0.000000000000000000e+00,0.000000000000000000e+00
9.727546840533529693e-01,0.000000000000000000e+00,0.000000000000000000e+00
9.738501285173769562e-01,0.000000000000000000e+00,0.000000000000000000e+00
9.749455729814009430e-01,0.000000000000000000e+00,0.000000000000000000e+00
9.760410174454250409e-01,0.000000000000000000e+00,0.000000000000000000e+00
9.771364619094490278e-01,0.000000000000000000e+00,0.000000000000000000e+00
9.782319063734730147e-01,0.000000000000000000e+00,0.000000000000000000e+00
9.793273508374971126e-01,0.000000000000000000e+00,0.000000000000000000e+00
9.804227953015210995e-01,0.000000000000000000e+00,0.000000000000000000e+00
9.815182397655453084e-01,0.000000000000000000e+00,0.000000000000000000e+00
9.826136842295692952e-01,0.000000000000000000e+00,0.000000000000000000e+00
9.837091286935933931e-01,0.000000000000000000e+00,0.000000000000000000e+00
9.848045731576173800e-01,0.000000000000000000e+00,0.000000000000000000e+00
9.859000176216413669e-01,0.000000000000000000e+00,0.000000000000000000e+00
9.869954620856654648e-01,0.000000000000000000e+00,0.000000000000000000e+00
9.880909065496894517e-01,0.000000000000000000e+00,0.000000000000000000e+00
9.891863510137134385e-01,0.000000000000000000e+00,0.000000000000000000e+00
9.902817954777375364e-01,0.000000000000000000e+00,0.000000000000000000e+00
9.913772399417617454e-01,0.000000000000000000e+00,0.000000000000000000e+00
9.924726844057857322e-01,0.000000000000000000e+00,0.000000000000000000e+00
9.935681288698097191e-01,0.000000000000000000e+00,0.000000000000000000e+00
9.946635733338338170e-01,0.000000000000000000e+00,0.000000000000000000e+00
9.957590177978578039e-01,0.000000000000000000e+00,0.000000000000000000e+00
9.968544622618817908e-01,0.000000000000000000e+00,0.000000000000000000e+00
9.979499067259058886e-01,0.000000000000000000e+00,0.000000000000000000e+00
9.990453511899298755e-01,0.000000000000000000e+00,0.000000000000000000e+00
1.000140795653954084e+00,0.000000000000000000e+00,0.000000000000000000e+00
1.001236240117978182e+00,0.000000000000000000e+00,0.000000000000000000e+00
1.002331684582002058e+00,0.000000000000000000e+00,0.000000000000000000e+00
1.003427129046026156e+00,0.000000000000000000e+00,0.000000000000000000e+00
1.004522573510050254e+00,0.000000000000000000e+00,0.000000000000000000e+00
1.005618017974074130e+00,0.000000000000000000e+00,0.000000000000000000e+00
1.006713462438098228e+00,0.000000000000000000e+00,0.000000000000000000e+00
1.007808906902122326e+00,0.000000000000000000e+00,0.000000000000000000e+00
1.008904351366146424e+00,0.000000000000000000e+00,0.000000000000000000e+00
1.009999795830170521e+00,0.000000000000000000e+00,0.000000000000000000e+00
1.011095240294194397e+00,0.000000000000000000e+00,0.000000000000000000e+00
1.012190684758218495e+00,0.000000000000000000e+00,0.000000000000000000e+00
1.013286129222242593e+00,0.000000000000000000e+00,0.000000000000000000e+00
1.014381573686266469e+00,0.000000000000000000e+00,0.000000000000000000e+00
1.015477018150290567e+00,0.000000000000000000e+00,0.000000000000000000e+00
1.016572462614314665e+00,0.000000000000000000e+00,0.000000000000000000e+00
1.017667907078338541e+00,0.000000000000000000e+00,0.000000000000000000e+00
1.018763351542362861e+00,0.000000000000000000e+00,0.000000000000000000e+00
1.019858796006386958e+00,0.000000000000000000e+00,0.000000000000000000e+00
1.020954240470410834e+00,0.000000000000000000e+00,0.000000000000000000e+00
1.022049684934434932e+00,0.000000000000000000e+00,0.000000000000000000e+00
1.023145129398459030e+00,0.000000000000000000e+00,0.000000000000000000e+00
1.024240573862482906e+00,0.000000000000000000e+00,0.000000000000000000e+00
1.025336018326507004e+00,0.000000000000000000e+00,0.000000000000000000e+00
1.026431462790531102e+00,0.000000000000000000e+00,0.000000000000000000e+00
1.027526907254555200e+00,0.000000000000000000e+00,0.000000000000000000e+00
1.028622351718579297e+00,0.000000000000000000e+00,0.000000000000000000e+00
1.029717796182603173e+00,0.000000000000000000e+00,0.000000000000000000e+00
1.030813240646627271e+00,0.000000000000000000e+00,0.000000000000000000e+00
1.031908685110651369e+00,0.000000000000000000e+00,0.000000000000000000e+00
1.033004129574675245e+00,0.000000000000000000e+00,0.000000000000000000e+00
1.034099574038699343e+00,0.000000000000000000e+00,0.000000000000000000e+00
1.035195018502723441e+00,0.000000000000000000e+00,0.000000000000000000e+00
1.036290462966747539e+00,0.000000000000000000e+00,0.000000000000000000e+00
1.037385907430771637e+00,0.000000000000000000e+00,0.000000000000000000e+00
1.038481351894795734e+00,0.000000000000000000e+00,0.000000000000000000e+00
1.039576796358819610e+00,0.000000000000000000e+00,0.000000000000000000e+00
1.040672240822843708e+00,0.000000000000000000e+00,0.000000000000000000e+00
1.041767685286867806e+00,0.000000000000000000e+00,0.000000000000000000e+00
1.042863129750891682e+00,0.000000000000000000e+00,0.000000000000000000e+00
1.043958574214915780e+00,0.000000000000000000e+00,0.000000000000000000e+00
1.045054018678939878e+00,0.000000000000000000e+00,0.000000000000000000e+00
1.046149463142963976e+00,0.000000000000000000e+00,0.000000000000000000e+00
1.047244907606988074e+00,0.000000000000000000e+00,0.000000000000000000e+00
1.048340352071011949e+00,0.000000000000000000e+00,0.000000000000000000e+00
1.049435796535036047e+00,0.000000000000000000e+00,0.000000000000000000e+00
1.050531240999060145e+00,0.000000000000000000e+00,0.000000000000000000e+00
1.051626685463084021e+00,0.000000000000000000e+00,0.000000000000000000e+00
1.052722129927108119e+00,0.000000000000000000e+00,0.000000000000000000e+00
1.053817574391132217e+00,0.000000000000000000e+00,0.000000000000000000e+00
1.054913018855156315e+00,0.000000000000000000e+00,0.000000000000000000e+00
1.056008463319180413e+00,0.000000000000000000e+00,0.000000000000000000e+00
1.057103907783204511e+00,0.000000000000000000e+00,0.000000000000000000e+00
1.058199352247228386e+00,0.000000000000000000e+00,0.000000000000000000e+00
1.059294796711252484e+00,0.000000000000000000e+00,0.000000000000000000e+00
1.060390241175276582e+00,0.000000000000000000e+00,0.000000000000000000e+00
1.061485685639300458e+00,0.000000000000000000e+00,0.000000000000000000e+00
1.062581130103324556e+00,0.000000000000000000e+00,0.000000000000000000e+00
1.063676574567348654e+00,0.000000000000000000e+00,0.000000000000000000e+00
1.064772019031372752e+00,0.000000000000000000e+00,0.000000000000000000e+00
1.065867463495396850e+00,0.000000000000000000e+00,0.000000000000000000e+00
1.066962907959420725e+00,0.000000000000000000e+00,0.000000000000000000e+00
1.068058352423444823e+00,0.000000000000000000e+00,0.000000000000000000e+00
1.069153796887468921e+00,0.000000000000000000e+00,0.000000000000000000e+00
1.070249241351492797e+00,0.000000000000000000e+00,0.000000000000000000e+00
1.071344685815516895e+00,0.000000000000000000e+00,0.000000000000000000e+00
1.072440130279540993e+00,0.000000000000000000e+00,0.000000000000000000e+00
1.073535574743565091e+00,0.000000000000000000e+00,0.000000000000000000e+00
1.074631019207589189e+00,0.000000000000000000e+00,0.000000000000000000e+00
1.075726463671613287e+00,0.000000000000000000e+00,0.000000000000000000e+00
1.076821908135637162e+00,0.000000000000000000e+00,0.000000000000000000e+00
1.077917352599661260e+00,0.000000000000000000e+00,0.000000000000000000e+00
1.079012797063685358e+00,0.000000000000000000e+00,0.000000000000000000e+00
1.080108241527709234e+00,0.000000000000000000e+00,0.000000000000000000e+00
1.081203685991733332e+00,0.000000000000000000e+00,0.000000000000000000e+00
1.082299130455757430e+00,0.000000000000000000e+00,0.000000000000000000e+00
1.083394574919781528e+00,0.000000000000000000e+00,0.000000000000000000e+00
1.084490019383805626e+00,0.000000000000000000e+00,0.000000000000000000e+00
1.085585463847829502e+00,0.000000000000000000e+00,0.000000000000000000e+00
1.086680908311853599e+00,0.000000000000000000e+00,0.000000000000000000e+00
1.087776352775877697e+00,0.000000000000000000e+00,0.000000000000000000e+00
1.088871797239901573e+00,0.000000000000000000e+00,0.000000000000000000e+00
1.089967241703925671e+00,0.000000000000000000e+00,0.000000000000000000e+00
1.091062686167949991e+00,0.000000000000000000e+00,0.000000000000000000e+00
1.092158130631973867e+00,0.000000000000000000e+00,0.000000000000000000e+00
1.093253575095997965e+00,0.000000000000000000e+00,0.000000000000000000e+00
1.094349019560022063e+00,0.000000000000000000e+00,0.000000000000000000e+00
1.095444464024045939e+00,0.000000000000000000e+00,0.000000000000000000e+00
1.096539908488070036e+00,0.000000000000000000e+00,0.000000000000000000e+00
1.097635352952094134e+00,0.000000000000000000e+00,0.000000000000000000e+00
1.098730797416118010e+00,0.000000000000000000e+00,0.000000000000000000e+00
1.099826241880142108e+00,0.000000000000000000e+00,0.000000000000000000e+00
1.100921686344166206e+00,0.000000000000000000e+00,0.000000000000000000e+00
1.102017130808190304e+00,0.000000000000000000e+00,0.000000000000000000e+00
1.103112575272214402e+00,0.000000000000000000e+00,0.000000000000000000e+00
1.104208019736238278e+00,0.000000000000000000e+00,0.000000000000000000e+00
1.105303464200262376e+00,0.000000000000000000e+00,0.000000000000000000e+00
1.106398908664286473e+00,0.000000000000000000e+00,0.000000000000000000e+00
1.107494353128310349e+00,0.000000000000000000e+00,0.000000000000000000e+00
1.108589797592334447e+00,0.000000000000000000e+00,0.000000000000000000e+00
1.109685242056358767e+00,0.000000000000000000e+00,0.000000000000000000e+00
1.110780686520382643e+00,0.000000000000000000e+00,0.000000000000000000e+00
1.111876130984406741e+00,0.000000000000000000e+00,0.000000000000000000e+00
1.112971575448430839e+00,0.000000000000000000e+00,0.000000000000000000e+00
1.114067019912454715e+00,0.000000000000000000e+00,0.000000000000000000e+00
1.115162464376478813e+00,0.000000000000000000e+00,0.000000000000000000e+00
1.116257908840502910e+00,0.000000000000000000e+00,0.000000000000000000e+00
1.117353353304526786e+00,0.000000000000000000e+00,0.000000000000000000e+00
1.118448797768551106e+00,0.000000000000000000e+00,0.000000000000000000e+00
1.119544242232574982e+00,0.000000000000000000e+00,0.000000000000000000e+00
1.120639686696599080e+00,0.000000000000000000e+00,0.000000000000000000e+00
1.121735131160623178e+00,0.000000000000000000e+00,0.000000000000000000e+00
1.122830575624647054e+00,0.000000000000000000e+00,0.000000000000000000e+00
1.123926020088671152e+00,0.000000000000000000e+00,0.000000000000000000e+00
1.125021464552695249e+00,0.000000000000000000e+00,0.000000000000000000e+00
1.126116909016719125e+00,0.000000000000000000e+00,0.000000000000000000e+00
1.127212353480743223e+00,0.000000000000000000e+00,0.000000000000000000e+00
1.128307797944767543e+00,0.000000000000000000e+00,0.000000000000000000e+00
1.129403242408791419e+00,0.000000000000000000e+00,0.000000000000000000e+00
1.130498686872815517e+00,0.000000000000000000e+00,0.000000000000000000e+00
1.131594131336839615e+00,0.000000000000000000e+00,0.000000000000000000e+00
1.132689575800863491e+00,0.000000000000000000e+00,0.000000000000000000e+00
1.133785020264887589e+00,0.000000000000000000e+00,0.000000000000000000e+00
1.134880464728911686e+00,0.000000000000000000e+00,0.000000000000000000e+00
1.135975909192935562e+00,0.000000000000000000e+00,0.000000000000000000e+00
1.137071353656959882e+00,0.000000000000000000e+00,0.000000000000000000e+00
1.138166798120983758e+00,0.000000000000000000e+00,0.000000000000000000e+00
1.139262242585007856e+00,0.000000000000000000e+00,0.000000000000000000e+00
1.140357687049031954e+00,0.000000000000000000e+00,0.000000000000000000e+00
1.141453131513055830e+00,0.000000000000000000e+00,0.000000000000000000e+00
1.142548575977079928e+00,0.000000000000000000e+00,0.000000000000000000e+00
1.143644020441104026e+00,0.000000000000000000e+00,0.000000000000000000e+00
1.144739464905127901e+00,0.000000000000000000e+00,0.000000000000000000e+00
1.145834909369152221e+00,0.000000000000000000e+00,0.000000000000000000e+00
1.146930353833176319e+00,0.000000000000000000e+00,0.000000000000000000e+00
1.148025798297200195e+00,0.000000000000000000e+00,0.000000000000000000e+00
1.149121242761224293e+00,0.000000000000000000e+00,0.000000000000000000e+00
1.150216687225248391e+00,0.000000000000000000e+00,0.000000000000000000e+00
1.151312131689272267e+00,0.000000000000000000e+00,0.000000000000000000e+00
1.152407576153296365e+00,0.000000000000000000e+00,0.000000000000000000e+00
1.153503020617320463e+00,0.000000000000000000e+00,0.000000000000000000e+00
1.154598465081344338e+00,0.000000000000000000e+00,0.000000000000000000e+00
1.155693909545368658e+00,0.000000000000000000e+00,0.000000000000000000e+00
1.156789354009392534e+00,0.000000000000000000e+00,0.000000000000000000e+00
1.157884798473416632e+00,0.000000000000000000e+00,0.000000000000000000e+00
1.158980242937440730e+00,0.000000000000000000e+00,0.000000000000000000e+00
1.160075687401464606e+00,0.000000000000000000e+00,0.000000000000000000e+00
1.161171131865488704e+00,0.000000000000000000e+00,0.000000000000000000e+00
1.162266576329512802e+00,0.000000000000000000e+00,0.000000000000000000e+00
1.163362020793536677e+00,0.000000000000000000e+00,0.000000000000000000e+00
1.164457465257560997e+00,0.000000000000000000e+00,0.000000000000000000e+00
1.165552909721585095e+00,0.000000000000000000e+00,0.000000000000000000e+00
1.166648354185608971e+00,0.000000000000000000e+00,0.000000000000000000e+00
1.167743798649633069e+00,0.000000000000000000e+00,0.000000000000000000e+00
1.168839243113657167e+00,0.000000000000000000e+00,0.000000000000000000e+00
1.169934687577681043e+00,0.000000000000000000e+00,0.000000000000000000e+00
1.171030132041705141e+00,0.000000000000000000e+00,0.000000000000000000e+00
1.172125576505729239e+00,0.000000000000000000e+00,0.000000000000000000e+00
1.173221020969753337e+00,0.000000000000000000e+00,0.000000000000000000e+00
1.174316465433777434e+00,0.000000000000000000e+00,0.000000000000000000e+00
1.175411909897801310e+00,0.000000000000000000e+00,0.000000000000000000e+00
1.176507354361825408e+00,0.000000000000000000e+00,0.000000000000000000e+00
1.177602798825849506e+00,0.000000000000000000e+00,0.000000000000000000e+00
1.178698243289873382e+00,0.000000000000000000e+00,0.000000000000000000e+00
1.179793687753897480e+00,0.000000000000000000e+00,0.000000000000000000e+00
1.180889132217921578e+00,0.000000000000000000e+00,0.000000000000000000e+00
1.181984576681945454e+00,0.000000000000000000e+00,0.000000000000000000e+00
1.183080021145969773e+00,0.000000000000000000e+00,0.000000000000000000e+00
1.184175465609993871e+00,0.000000000000000000e+00,0.000000000000000000e+00
1.185270910074017747e+00,0.000000000000000000e+00,0.000000000000000000e+00
1.186366354538041845e+00,0.000000000000000000e+00,0.000000000000000000e+00
1.187461799002065943e+00,0.000000000000000000e+00,0.000000000000000000e+00
1.188557243466089819e+00,0.000000000000000000e+00,0.000000000000000000e+00
1.189652687930113917e+00,0.000000000000000000e+00,0.000000000000000000e+00
1.190748132394138015e+00,0.000000000000000000e+00,0.000000000000000000e+00
1.191843576858162113e+00,0.000000000000000000e+00,0.000000000000000000e+00
1.192939021322186210e+00,0.000000000000000000e+00,0.000000000000000000e+00
1.194034465786210086e+00,0.000000000000000000e+00,0.000000000000000000e+00
1.195129910250234184e+00,0.000000000000000000e+00,0.000000000000000000e+00
1.196225354714258282e+00,0.000000000000000000e+00,0.000000000000000000e+00
1.197320799178282158e+00,0.000000000000000000e+00,0.000000000000000000e+00
1.198416243642306256e+00,0.000000000000000000e+00,0.000000000000000000e+00
1.199511688106330354e+00,0.000000000000000000e+00,0.000000000000000000e+00
1.200607132570354452e+00,0.000000000000000000e+00,0.000000000000000000e+00
1.201702577034378550e+00,0.000000000000000000e+00,0.000000000000000000e+00
1.202798021498402647e+00,0.000000000000000000e+00,0.000000000000000000e+00
1.203893465962426523e+00,0.000000000000000000e+00,0.000000000000000000e+00
1.204988910426450621e+00,0.000000000000000000e+00,0.000000000000000000e+00
1.206084354890474719e+00,0.000000000000000000e+00,0.000000000000000000e+00
1.207179799354498595e+00,0.000000000000000000e+00,0.000000000000000000e+00
1.208275243818522693e+00,0.000000000000000000e+00,0.000000000000000000e+00
1.209370688282546791e+00,0.000000000000000000e+00,0.000000000000000000e+00
1.210466132746570889e+00,0.000000000000000000e+00,0.000000000000000000e+00
1.211561577210594987e+00,0.000000000000000000e+00,0.000000000000000000e+00
1.212657021674618862e+00,0.000000000000000000e+00,0.000000000000000000e+00
1.213752466138642960e+00,0.000000000000000000e+00,0.000000000000000000e+00
1.214847910602667058e+00,0.000000000000000000e+00,0.000000000000000000e+00
1.215943355066690934e+00,0.000000000000000000e+00,0.000000000000000000e+00
1.217038799530715032e+00,0.000000000000000000e+00,0.000000000000000000e+00
1.218134243994739130e+00,0.000000000000000000e+00,0.000000000000000000e+00
1.219229688458763228e+00,0.000000000000000000e+00,0.000000000000000000e+00
1.220325132922787326e+00,0.000000000000000000e+00,0.000000000000000000e+00
1.221420577386811424e+00,0.000000000000000000e+00,0.000000000000000000e+00
1.222516021850835299e+00,0.000000000000000000e+00,0.000000000000000000e+00
1.223611466314859397e+00,0.000000000000000000e+00,0.000000000000000000e+00
1.224706910778883495e+00,0.000000000000000000e+00,0.000000000000000000e+00
1.225802355242907371e+00,0.000000000000000000e+00,0.000000000000000000e+00
1.226897799706931469e+00,0.000000000000000000e+00,0.000000000000000000e+00
1.227993244170955567e+00,0.000000000000000000e+00,0.000000000000000000e+00
1.229088688634979665e+00,0.000000000000000000e+00,0.000000000000000000e+00
1.230184133099003763e+00,0.000000000000000000e+00,0.000000000000000000e+00
1.231279577563027638e+00,0.000000000000000000e+00,0.000000000000000000e+00
1.232375022027051736e+00,0.000000000000000000e+00,0.000000000000000000e+00
1.233470466491075834e+00,0.000000000000000000e+00,0.000000000000000000e+00
1.234565910955099710e+00,0.000000000000000000e+00,0.000000000000000000e+00
1.235661355419123808e+00,0.000000000000000000e+00,0.000000000000000000e+00
1.236756799883147906e+00,0.000000000000000000e+00,0.000000000000000000e+00
1.237852244347172004e+00,0.000000000000000000e+00,0.000000000000000000e+00
1.238947688811196102e+00,0.000000000000000000e+00,0.000000000000000000e+00
1.240043133275220200e+00,0.000000000000000000e+00,0.000000000000000000e+00
1.241138577739244075e+00,0.000000000000000000e+00,0.000000000000000000e+00
1.242234022203268173e+00,0.000000000000000000e+00,0.000000000000000000e+00
1.243329466667292271e+00,0.000000000000000000e+00,0.000000000000000000e+00
1.244424911131316147e+00,0.000000000000000000e+00,0.000000000000000000e+00
1.245520355595340245e+00,0.000000000000000000e+00,0.000000000000000000e+00
1.246615800059364343e+00,0.000000000000000000e+00,0.000000000000000000e+00
1.247711244523388441e+00,0.000000000000000000e+00,0.000000000000000000e+00
1.248806688987412539e+00,0.000000000000000000e+00,0.000000000000000000e+00
1.249902133451436415e+00,0.000000000000000000e+00,0.000000000000000000e+00
1.250997577915460512e+00,0.000000000000000000e+00,0.000000000000000000e+00
1.252093022379484610e+00,0.000000000000000000e+00,0.000000000000000000e+00
1.253188466843508486e+00,0.000000000000000000e+00,0.000000000000000000e+00
1.254283911307532584e+00,0.000000000000000000e+00,0.000000000000000000e+00
1.255379355771556904e+00,0.000000000000000000e+00,0.000000000000000000e+00
1.256474800235580780e+00,0.000000000000000000e+00,0.000000000000000000e+00
1.257570244699604878e+00,0.000000000000000000e+00,0.000000000000000000e+00
1.258665689163628976e+00,0.000000000000000000e+00,0.000000000000000000e+00
1.259761133627652852e+00,0.000000000000000000e+00,0.000000000000000000e+00
1.260856578091676949e+00,0.000000000000000000e+00,0.000000000000000000e+00
1.261952022555701047e+00,0.000000000000000000e+00,0.000000000000000000e+00
1.263047467019724923e+00,0.000000000000000000e+00,0.000000000000000000e+00
1.264142911483749021e+00,0.000000000000000000e+00,0.000000000000000000e+00
1.265238355947773119e+00,0.000000000000000000e+00,0.000000000000000000e+00
1.266333800411797217e+00,0.000000000000000000e+00,0.000000000000000000e+00
1.267429244875821315e+00,0.000000000000000000e+00,0.000000000000000000e+00
1.268524689339845191e+00,0.000000000000000000e+00,0.000000000000000000e+00
1.269620133803869289e+00,0.000000000000000000e+00,0.000000000000000000e+00
1.270715578267893386e+00,0.000000000000000000e+00,0.000000000000000000e+00
1.271811022731917262e+00,0.000000000000000000e+00,0.000000000000000000e+00
1.272906467195941360e+00,0.000000000000000000e+00,0.000000000000000000e+00
1.274001911659965680e+00,0.000000000000000000e+00,0.000000000000000000e+00
1.275097356123989556e+00,0.000000000000000000e+00,0.000000000000000000e+00
1.276192800588013654e+00,0.000000000000000000e+00,0.000000000000000000e+00
1.277288245052037752e+00,0.000000000000000000e+00,0.000000000000000000e+00
1.278383689516061628e+00,0.000000000000000000e+00,0.000000000000000000e+00
1.279479133980085725e+00,0.000000000000000000e+00,0.000000000000000000e+00
1.280574578444109823e+00,0.000000000000000000e+00,0.000000000000000000e+00
1.281670022908133699e+00,0.000000000000000000e+00,0.000000000000000000e+00
1.282765467372158019e+00,0.000000000000000000e+00,0.000000000000000000e+00
1.283860911836181895e+00,0.000000000000000000e+00,0.000000000000000000e+00
1.284956356300205993e+00,0.000000000000000000e+00,0.000000000000000000e+00
1.286051800764230091e+00,0.000000000000000000e+00,0.000000000000000000e+00
1.287147245228253967e+00,0.000000000000000000e+00,0.000000000000000000e+00
1.288242689692278065e+00,0.000000000000000000e+00,0.000000000000000000e+00
1.289338134156302162e+00,0.000000000000000000e+00,0.000000000000000000e+00
1.290433578620326038e+00,0.000000000000000000e+00,0.000000000000000000e+00
1.291529023084350136e+00,0.000000000000000000e+00,0.000000000000000000e+00
1.292624467548374456e+00,0.000000000000000000e+00,0.000000000000000000e+00
1.293719912012398332e+00,0.000000000000000000e+00,0.000000000000000000e+00
1.294815356476422430e+00,0.000000000000000000e+00,0.000000000000000000e+00
1.295910800940446528e+00,0.000000000000000000e+00,0.000000000000000000e+00
1.297006245404470404e+00,0.000000000000000000e+00,0.000000000000000000e+00
1.298101689868494502e+00,0.000000000000000000e+00,0.000000000000000000e+00
1.299197134332518377e+00,0.000000000000000000e+00,0.000000000000000000e+00
1.300292578796542475e+00,0.000000000000000000e+00,0.000000000000000000e+00
1.301388023260566795e+00,0.000000000000000000e+00,0.000000000000000000e+00
1.302483467724590671e+00,0.000000000000000000e+00,0.000000000000000000e+00
1.303578912188614769e+00,0.000000000000000000e+00,0.000000000000000000e+00
1.304674356652638867e+00,0.000000000000000000e+00,0.000000000000000000e+00
1.305769801116662743e+00,0.000000000000000000e+00,0.000000000000000000e+00
1.306865245580686841e+00,0.000000000000000000e+00,0.000000000000000000e+00
1.307960690044710939e+00,0.000000000000000000e+00,0.000000000000000000e+00
1.309056134508734814e+00,0.000000000000000000e+00,0.000000000000000000e+00
1.310151578972759134e+00,0.000000000000000000e+00,0.000000000000000000e+00
1.311247023436783232e+00,0.000000000000000000e+00,0.000000000000000000e+00
1.312342467900807108e+00,0.000000000000000000e+00,0.000000000000000000e+00
1.313437912364831206e+00,0.000000000000000000e+00,0.000000000000000000e+00
1.314533356828855304e+00,0.000000000000000000e+00,0.000000000000000000e+00
1.315628801292879180e+00,0.000000000000000000e+00,0.000000000000000000e+00
1.316724245756903278e+00,0.000000000000000000e+00,0.000000000000000000e+00
1.317819690220927153e+00,0.000000000000000000e+00,0.000000000000000000e+00
1.318915134684951251e+00,0.000000000000000000e+00,0.000000000000000000e+00
1.320010579148975571e+00,0.000000000000000000e+00,0.000000000000000000e+00
1.321106023612999447e+00,0.000000000000000000e+00,0.000000000000000000e+00
1.322201468077023545e+00,0.000000000000000000e+00,0.000000000000000000e+00
1.323296912541047643e+00,0.000000000000000000e+00,0.000000000000000000e+00
1.324392357005071519e+00,0.000000000000000000e+00,0.000000000000000000e+00
1.325487801469095617e+00,0.000000000000000000e+00,0.000000000000000000e+00
1.326583245933119715e+00,0.000000000000000000e+00,0.000000000000000000e+00
1.327678690397143590e+00,0.000000000000000000e+00,0.000000000000000000e+00
1.328774134861167910e+00,0.000000000000000000e+00,0.000000000000000000e+00
1.329869579325192008e+00,0.000000000000000000e+00,0.000000000000000000e+00
1.330965023789215884e+00,0.000000000000000000e+00,0.000000000000000000e+00
1.332060468253239982e+00,0.000000000000000000e+00,0.000000000000000000e+00
1.333155912717263858e+00,0.000000000000000000e+00,0.000000000000000000e+00
1.334251357181287956e+00,0.000000000000000000e+00,0.000000000000000000e+00
1.335346801645312054e+00,0.000000000000000000e+00,0.000000000000000000e+00
1.336442246109335930e+00,0.000000000000000000e+00,0.000000000000000000e+00
1.337537690573360250e+00,0.000000000000000000e+00,0.000000000000000000e+00
1.338633135037384347e+00,0.000000000000000000e+00,0.000000000000000000e+00
1.339728579501408223e+00,0.000000000000000000e+00,0.000000000000000000e+00
1.340824023965432321e+00,0.000000000000000000e+00,0.000000000000000000e+00
1.341919468429456419e+00,0.000000000000000000e+00,0.000000000000000000e+00
1.343014912893480295e+00,0.000000000000000000e+00,0.000000000000000000e+00
1.344110357357504393e+00,0.000000000000000000e+00,0.000000000000000000e+00
1.345205801821528491e+00,0.000000000000000000e+00,0.000000000000000000e+00
1.346301246285552367e+00,0.000000000000000000e+00,0.000000000000000000e+00
1.347396690749576686e+00,0.000000000000000000e+00,0.000000000000000000e+00
1.348492135213600562e+00,0.000000000000000000e+00,0.000000000000000000e+00
1.349587579677624660e+00,0.000000000000000000e+00,0.000000000000000000e+00
1.350683024141648758e+00,0.000000000000000000e+00,0.000000000000000000e+00
1.351778468605672634e+00,0.000000000000000000e+00,0.000000000000000000e+00
1.352873913069696732e+00,0.000000000000000000e+00,0.000000000000000000e+00
1.353969357533720830e+00,0.000000000000000000e+00,0.000000000000000000e+00
1.355064801997744706e+00,0.000000000000000000e+00,0.000000000000000000e+00
1.356160246461769026e+00,0.000000000000000000e+00,0.000000000000000000e+00
1.357255690925793123e+00,0.000000000000000000e+00,0.000000000000000000e+00
1.358351135389816999e+00,0.000000000000000000e+00,0.000000000000000000e+00
1.359446579853841097e+00,0.000000000000000000e+00,0.000000000000000000e+00
1.360542024317865195e+00,0.000000000000000000e+00,0.000000000000000000e+00
1.361637468781889071e+00,0.000000000000000000e+00,0.000000000000000000e+00
1.362732913245913169e+00,0.000000000000000000e+00,0.000000000000000000e+00
1.363828357709937267e+00,0.000000000000000000e+00,0.000000000000000000e+00
1.364923802173961365e+00,0.000000000000000000e+00,0.000000000000000000e+00
1.366019246637985463e+00,0.000000000000000000e+00,0.000000000000000000e+00
1.367114691102009338e+00,0.000000000000000000e+00,0.000000000000000000e+00
1.368210135566033436e+00,0.000000000000000000e+00,0.000000000000000000e+00
1.369305580030057534e+00,0.000000000000000000e+00,0.000000000000000000e+00
