# omega(Hartree) S(1/Hartree) dS(1/Hartree)
1.095444464024046072e-03,1.293509484481835781e+00,5.390331495606994761e-01
2.190888928048092144e-03,1.310184604811733822e+00,5.390784840593141336e-01
3.286333392072138000e-03,1.328655635578048111e+00,5.394211494700066334e-01
4.381777856096184288e-03,1.348853607480891226e+00,5.400631558896145101e-01
5.477222320120230144e-03,1.370715927225435005e+00,5.410092882778553269e-01
6.572666784144275999e-03,1.394185316614886982e+00,5.422659175679144239e-01
7.668111248168322722e-03,1.419208896489549954e+00,5.438390589879065207e-01
8.763555712192368577e-03,1.445737394473541881e+00,5.457313213630274884e-01
9.859000176216414432e-03,1.473724459117035757e+00,5.479373730318644053e-01
1.095444464024046029e-02,1.503126065974091263e+00,5.504376004820412671e-01
1.204988910426450614e-02,1.533900003559810266e+00,5.531898670201418344e-01
1.314533356828855200e-02,1.566005429092757639e+00,5.561197839892776384e-01
1.424077803231259785e-02,1.599402485533002682e+00,5.591108488845101254e-01
1.533622249633664544e-02,1.634051972739347214e+00,5.619973476922416333e-01
1.643166696036068783e-02,1.669915066644012125e+00,5.645652358805498539e-01
1.752711142438473715e-02,1.706953081225919044e+00,5.665693338162346437e-01
1.862255588840878301e-02,1.745127268786987429e+00,5.677789588098104412e-01
1.971800035243282886e-02,1.784398654628827297e+00,5.680677121255457429e-01
2.081344481645687472e-02,1.824727902715412853e+00,5.675643197660162897e-01
2.190888928048092057e-02,1.866075209307505700e+00,5.668744585999768715e-01
2.300433374450496643e-02,1.908400221883892689e+00,5.673557028403994895e-01
2.409977820852901229e-02,1.951661980936210350e+00,5.713582013432693119e-01
2.519522267255305814e-02,1.995818882447953024e+00,5.822202122656130463e-01
2.629066713657710400e-02,2.040828659055019756e+00,6.036975132101888297e-01
2.738611160060114985e-02,2.086648378040250940e+00,6.386411981310722297e-01
2.848155606462519571e-02,2.133234454445424255e+00,6.873549343092152375e-01
2.957700052864924503e-02,2.180542677695898934e+00,7.469247412188011470e-01
3.067244499267329089e-02,2.228528250230020102e+00,8.134224293482540391e-01
3.176788945669733327e-02,2.277145836708754700e+00,8.891485726585905969e-01
3.286333392072137566e-02,2.326349622460056388e+00,9.947310865977921912e-01
3.395877838474542498e-02,2.376093379878168044e+00,1.172973361327891650e+00
3.505422284876947431e-02,2.426330541566994015e+00,1.461746773153784096e+00
3.614966731279351669e-02,2.477014279075679060e+00,1.883494347698200899e+00
3.724511177681756602e-02,2.528097586136078601e+00,2.586617006206329172e+00
3.834055624084160840e-02,2.579533365370027198e+00,3.917768214529906867e+00
3.943600070486565773e-02,2.631274517492243614e+00,5.821189451823546079e+00
4.053144516888970011e-02,2.683274032093896366e+00,7.453936335956809600e+00
4.162688963291374944e-02,2.735485079148559873e+00,7.849128364110746325e+00
4.272233409693779183e-02,2.787861100442965867e+00,6.788549284876303602e+00
4.381777856096184115e-02,2.840355900191473104e+00,4.943707296009400842e+00
4.491322302498588354e-02,2.892923734154252191e+00,3.229191213903581659e+00
4.600866748900993286e-02,2.945519396636505860e+00,2.122462300282469183e+00
4.710411195303397525e-02,2.998098304806437131e+00,1.530721033662283848e+00
4.819955641705802457e-02,3.050616579826868513e+00,1.186987476207600700e+00
4.929500088108207390e-02,3.103031124353215375e+00,9.690908655334244948e-01
5.039044534510611628e-02,3.155299696007889843e+00,8.513707892133466348e-01
5.148588980913015867e-02,3.207380976496019276e+00,8.099553362156578507e-01
5.258133427315420799e-02,3.259234636080818426e+00,8.111688044961802291e-01
5.367677873717825038e-02,3.310821393189937289e+00,8.297152322027178117e-01
5.477222320120229970e-02,3.362103068972925435e+00,8.535089750651713159e-01
5.586766766522634903e-02,3.413042636678247366e+00,8.785513002580215280e-01
5.696311212925039141e-02,3.463604265763128076e+00,9.040706182571458527e-01
5.805855659327444074e-02,3.513753360691836747e+00,9.301049217942819469e-01
5.915400105729849006e-02,3.563456594417870882e+00,9.566653711377844926e-01
6.024944552132253245e-02,3.612681936583011399e+00,9.835889549917894437e-01
6.134488998534658177e-02,3.661398676497410687e+00,1.010605388080422218e+00
6.244033444937061722e-02,3.709577440999728637e+00,1.037426561966710015e+00
6.353577891339466654e-02,3.757190207320562525e+00,1.063803944550931746e+00
6.463122337741870893e-02,3.804210311098631614e+00,1.089551947023308376e+00
6.572666784144275132e-02,3.850612449722722985e+00,1.114549055215442896e+00
6.682211230546680758e-02,3.896372681186762055e+00,1.138728001442855353e+00
6.791755676949084997e-02,3.941468418666467688e+00,1.162062478599126036e+00
6.901300123351489235e-02,3.985878421037687414e+00,1.184554325452595647e+00
7.010844569753894862e-02,4.029582779565373585e+00,1.206222874037066184e+00
7.120389016156299100e-02,4.072562901003568214e+00,1.227096831551538259e+00
7.229933462558703339e-02,4.114801487351205544e+00,1.247208484766599401e+00
7.339477908961108965e-02,4.156282512512445848e+00,1.266589796567148429e+00
7.449022355363513204e-02,4.196991196112824341e+00,1.285269923576864093e+00
7.558566801765917442e-02,4.236913974721958631e+00,1.303273756729137922e+00
7.668111248168321681e-02,4.276038470731981178e+00,1.320621153062948361e+00
7.777655694570725919e-02,4.314353459137809210e+00,1.337326624463233582e+00
7.887200140973131546e-02,4.351848832461213235e+00,1.353399292825575806e+00
7.996744587375535784e-02,4.388515564053459883e+00,1.368843008870859412e+00
8.106289033777940023e-02,4.424345670006411879e+00,1.383656536825537353e+00
8.215833480180345649e-02,4.459332169892677555e+00,1.397833756675499695e+00
8.325377926582749888e-02,4.493469046547573953e+00,1.411363848494748607e+00
8.434922372985154126e-02,4.526751205096624986e+00,1.424231442635051748e+00
8.544466819387558365e-02,4.559174431421955553e+00,1.436416721040172373e+00
8.654011265789963991e-02,4.590735350251884839e+00,1.447895463903499547e+00
8.763555712192368230e-02,4.621431383046855856e+00,1.458639053048462086e+00
8.873100158594772469e-02,4.651260705844729948e+00,1.468614432612377119e+00
8.982644604997176707e-02,4.680222207217641817e+00,1.477784048731814792e+00
9.092189051399580946e-02,4.708315446482365552e+00,1.486105791335273985e+00
9.201733497801986572e-02,4.735540612295238816e+00,1.493532983135192893e+00
9.311277944204390811e-02,4.761898481752292689e+00,1.500014472757494888e+00
9.420822390606795049e-02,4.787390380105672527e+00,1.505494909525237679e+00
9.530366837009200676e-02,4.812018141196292120e+00,1.509915324462513420e+00
9.639911283411604914e-02,4.835784068694353621e+00,1.513214158050432356e+00
9.749455729814009153e-02,4.858690898229250266e+00,1.515328920793105327e+00
9.859000176216414779e-02,4.880741760481287272e+00,1.516198727334368224e+00
9.968544622618819018e-02,4.901940145299911400e+00,1.515767941734907254e+00
1.007808906902122326e-01,4.922289866904221434e+00,1.513991180116674551e+00
1.018763351542362888e-01,4.941795030214087170e+00,1.510839847675270686e+00
1.029717796182603173e-01,4.960459998353005773e+00,1.506310170096724965e+00
1.040672240822843597e-01,4.978289361356918796e+00,1.500432314080869300e+00
1.051626685463084160e-01,4.995287906116670840e+00,1.493279492310931822e+00
1.062581130103324584e-01,5.011460587576086922e+00,1.484974908531567550e+00
1.073535574743565008e-01,5.026812501201860961e+00,1.475692915445321107e+00
1.084490019383805570e-01,5.041348856736418860e+00,1.465649131995589549e+00
1.095444464024045994e-01,5.055074953240454860e+00,1.455073162981399104e+00
1.106398908664286418e-01,5.067996155427272775e+00,1.444158877894559323e+00
1.117353353304526981e-01,5.080117871287010978e+00,1.432994454107338278e+00
1.128307797944767404e-01,5.091445530996034918e+00,1.421493792412851009e+00
1.139262242585007828e-01,5.101984567102967105e+00,1.409391005549355258e+00
1.150216687225248391e-01,5.111740395979782470e+00,1.396430232166414820e+00
1.161171131865488815e-01,5.120718400525180236e+00,1.382985868033692833e+00
1.172125576505729239e-01,5.128923914103626913e+00,1.371449319646893317e+00
1.183080021145969801e-01,5.136362205702624806e+00,1.368651322832468820e+00
1.194034465786210225e-01,5.143038466288995636e+00,1.388856900608432143e+00
1.204988910426450649e-01,5.148957796343205828e+00,1.454782182738370233e+00
1.215943355066691212e-01,5.154125194550080558e+00,1.592228420900253072e+00
1.226897799706931635e-01,5.158545547622665595e+00,1.819951255468600371e+00
1.237852244347171921e-01,5.162223621236160298e+00,2.152764994502559759e+00
1.248806688987412344e-01,5.165164052047598098e+00,2.641133857332337964e+00
1.259761133627652907e-01,5.167371340776519162e+00,3.432315255355331995e+00
1.270715578267893331e-01,5.168849846322101094e+00,4.743231172990527433e+00
1.281670022908133755e-01,5.169603780891752542e+00,6.664940451695532175e+00
1.292624467548374179e-01,5.169637206116087569e+00,8.978150105796798286e+00
1.303578912188614602e-01,5.168954030125319399e+00,1.115599131545770817e+01
1.314533356828855026e-01,5.167558005562587375e+00,1.255023441586688548e+01
1.325487801469095728e-01,5.165452728509250413e+00,1.268690577822351884e+01
1.336442246109336152e-01,5.162641638298098634e+00,1.151618293140302285e+01
1.347396690749576575e-01,5.159128018190526355e+00,9.449835419071606069e+00
1.358351135389816999e-01,5.154914996894111923e+00,7.152416628018040790e+00
1.369305580030057423e-01,5.150005550895275341e+00,5.216839965271261370e+00
1.380260024670297847e-01,5.144402507590279505e+00,3.905548263282888843e+00
1.391214469310538548e-01,5.138108549180754991e+00,3.112518487136460621e+00
1.402168913950778972e-01,5.131126217327998340e+00,2.597499143873550409e+00
1.413123358591019396e-01,5.123457918519068954e+00,2.217547176209438753e+00
1.424077803231259820e-01,5.115105930156469860e+00,1.935431898454480715e+00
1.435032247871500244e-01,5.106072407318261952e+00,1.743181658866983730e+00
1.445986692511740668e-01,5.096359390186156801e+00,1.623106206463450940e+00
1.456941137151981369e-01,5.085968812114392890e+00,1.548989001006433552e+00
1.467895581792221793e-01,5.074902508318968941e+00,1.498374273651692068e+00
1.478850026432462217e-01,5.063162225166557562e+00,1.458317349550692255e+00
1.489804471072702641e-01,5.050749630041765137e+00,1.424006158612790340e+00
1.500758915712943065e-01,5.037666321771917310e+00,1.395139655301042891e+00
1.511713360353183488e-01,5.023913841587589246e+00,1.372936604905800051e+00
1.522667804993423912e-01,5.009493684597833507e+00,1.358422364990960585e+00
1.533622249633664336e-01,4.994407311757329992e+00,1.351763998963907198e+00
1.544576694273904760e-01,4.978656162303911614e+00,1.352254506944178924e+00
1.555531138914145184e-01,4.962241666642860594e+00,1.358597909105242696e+00
1.566485583554385608e-01,4.945165259654587864e+00,1.369254312012743613e+00
1.577440028194626309e-01,4.927428394401650813e+00,1.382716455308618420e+00
1.588394472834866733e-01,4.909032556209765197e+00,1.397677713664469357e+00
1.599348917475107157e-01,4.889979277097008747e+00,1.413103035218640224e+00
1.610303362115347581e-01,4.870270150524403263e+00,1.428233213267633861e+00
1.621257806755588005e-01,4.849906846440008579e+00,1.442552435271838851e+00
1.632212251395828428e-01,4.828891126587272709e+00,1.455741066811506945e+00
1.643166696036069130e-01,4.807224860047823789e+00,1.467627040736117161e+00
1.654121140676309554e-01,4.784910038987283620e+00,1.478142673180192102e+00
1.665075585316549978e-01,4.761948794570878718e+00,1.487289517494584601e+00
1.676030029956790401e-01,4.738343413015602579e+00,1.495111511943002958e+00
1.686984474597030825e-01,4.714096351742862012e+00,1.501675523816606628e+00
1.697938919237271249e-01,4.689210255595148702e+00,1.507057969387631591e+00
1.708893363877511673e-01,4.663687973077992766e+00,1.511336144408065296e+00
1.719847808517752374e-01,4.637532572588001223e+00,1.514583028014301336e+00
1.730802253157992798e-01,4.610747358585125077e+00,1.516864552665783350e+00
1.741756697798233222e-01,4.583335887666919461e+00,1.518238526611581429e+00
1.752711142438473646e-01,4.555301984500180978e+00,1.518754611959868717e+00
1.763665587078714070e-01,4.526649757564960019e+00,1.518454919492598698e+00
1.774620031718954494e-01,4.497383614663375440e+00,1.517374920421912909e+00
1.785574476359194918e-01,4.467508278145392531e+00,1.515544469262327665e+00
1.796528920999435341e-01,4.437028799802209100e+00,1.512988815162345624e+00
1.807483365639675765e-01,4.405950575376038181e+00,1.509729529304693285e+00
1.818437810279916189e-01,4.374279358635824622e+00,1.505785312475547588e+00
1.829392254920156613e-01,4.342021274965066624e+00,1.501172669917638203e+00
1.840346699560397314e-01,4.309182834409364560e+00,1.495906459109648923e+00
1.851301144200637738e-01,4.275770944130285578e+00,1.490000318870755569e+00
1.862255588840878162e-01,4.241792920209930706e+00,1.483466996728942444e+00
1.873210033481118586e-01,4.207256498753483065e+00,1.476318590299845912e+00
1.884164478121359010e-01,4.172169846234090151e+00,1.468566717575323421e+00
1.895118922761599434e-01,4.136541569026786824e+00,1.460222630296384994e+00
1.906073367401840135e-01,4.100380722077227702e+00,1.451297281840313369e+00
1.917027812042080559e-01,4.063696816652875299e+00,1.441801359130424620e+00
1.927982256682320983e-01,4.026499827124445652e+00,1.431745285599073769e+00
1.938936701322561407e-01,3.988800196726977720e+00,1.421139200173264339e+00
1.949891145962801831e-01,3.950608842252089747e+00,1.409992915874826558e+00
1.960845590603042254e-01,3.911937157623786021e+00,1.398315857804817597e+00
1.971800035243282956e-01,3.872797016313606733e+00,1.386116981870957110e+00
1.982754479883523380e-01,3.833200772551861757e+00,1.373404669585856608e+00
1.993708924523763804e-01,3.793161261297553377e+00,1.360186595706731172e+00
2.004663369164004227e-01,3.752691796928038226e+00,1.346469560993641235e+00
2.015617813804244651e-01,3.711806170618054956e+00,1.332259281123739481e+00
2.026572258444485075e-01,3.670518646378534644e+00,1.317560118227373955e+00
2.037526703084725777e-01,3.628843955729680104e+00,1.302374738824176870e+00
2.048481147724966200e-01,3.586797290989500731e+00,1.286703676531225637e+00
2.059435592365206347e-01,3.544394297160886165e+00,1.270544773950961659e+00
2.070390037005446771e-01,3.501651062407775239e+00,1.253892470564464956e+00
2.081344481645687194e-01,3.458584107114194950e+00,1.236736900652896987e+00
2.092298926285927896e-01,3.415210371527153121e+00,1.219062759663406492e+00
2.103253370926168320e-01,3.371547201988602360e+00,1.200847899726843915e+00
2.114207815566408744e-01,3.327612335768534546e+00,1.182061624439708636e+00
2.125162260206649167e-01,3.283423884517174152e+00,1.162662681655013630e+00
2.136116704846889591e-01,3.239000316359336828e+00,1.142597011869931123e+00
2.147071149487130015e-01,3.194360436661624725e+00,1.121795425549306113e+00
2.158025594127370717e-01,3.149523367508783256e+00,1.100171585641595451e+00
2.168980038767611140e-01,3.104508525931191976e+00,1.077621026687919814e+00
2.179934483407851564e-01,3.059335600932841182e+00,1.054022518926815755e+00
2.190888928048091988e-01,3.014024529373154682e+00,1.029244005791652983e+00
2.201843372688332134e-01,2.968595470765995170e+00,1.003156722153886404e+00
2.212797817328572836e-01,2.923068781059633192e+00,9.756630355831970025e-01
2.223752261968813260e-01,2.877464985471343439e+00,9.467458618764030831e-01
2.234706706609053961e-01,2.831804750453891018e+00,9.165493703173829276e-01
2.245661151249294107e-01,2.786108854875842589e+00,8.854993989839455848e-01
2.256615595889534809e-01,2.740398160503558778e+00,8.544611469453747832e-01
2.267570040529774955e-01,2.694693581875538868e+00,8.248997417906606122e-01
2.278524485170015657e-01,2.649016055664810576e+00,7.989472524143143017e-01
2.289478929810256080e-01,2.603386509628128564e+00,7.792291521952519062e-01
2.300433374450496782e-01,2.557825831243074610e+00,7.684983005074979001e-01
2.311387819090736928e-01,2.512354836137718817e+00,7.701978396096156310e-01
2.322342263730977630e-01,2.466994236417715314e+00,7.937712129709036946e-01
2.333296708371217776e-01,2.421764608999317225e+00,8.703349657249070948e-01
2.344251153011458477e-01,2.376686364054610312e+00,1.068407383265222554e+00
2.355205597651698901e-01,2.331779713678253430e+00,1.465770118193440386e+00
2.366160042291939603e-01,2.287064640882420008e+00,2.131068381447882576e+00
2.377114486932179749e-01,2.242560869026603232e+00,3.385630956631083155e+00
2.388068931572420450e-01,2.198287831787096636e+00,5.969842780771111634e+00
2.399023376212660597e-01,2.154264643768730281e+00,9.529115606109504810e+00
2.409977820852901298e-01,2.110510071857348624e+00,1.157618698785810274e+01
2.420932265493141722e-01,2.067042507413623387e+00,1.010916877280251391e+01
2.431886710133382423e-01,2.023879939392403404e+00,6.655112666609541705e+00
2.442841154773622570e-01,1.981039928484900958e+00,4.187080471678609861e+00
2.453795599413863271e-01,1.938539582360230273e+00,3.037316107936997689e+00
2.464750044054103417e-01,1.896395532087471691e+00,2.353046968079417489e+00
2.475704488694343841e-01,1.854623909808200244e+00,1.953321737438122430e+00
2.486658933334584543e-01,1.813240327727155377e+00,1.714806497052688172e+00
2.497613377974824689e-01,1.772259858479805494e+00,1.513955370309497894e+00
2.508567822615065390e-01,1.731697016929817812e+00,1.319474067316566801e+00
2.519522267255305814e-01,1.691565743442702496e+00,1.148028477321549889e+00
2.530476711895546238e-01,1.651879388674754923e+00,1.018220200665509445e+00
2.541431156535786662e-01,1.612650699909044638e+00,9.337673501212281346e-01
2.552385601176027086e-01,1.573891808963224115e+00,8.838249285143495726e-01
2.563340045816267510e-01,1.535614221686919745e+00,8.518860725069175022e-01
2.574294490456507933e-01,1.497828809058437294e+00,8.244180373704463882e-01
2.585248935096748357e-01,1.460545799884940266e+00,7.940258858847100143e-01
2.596203379736989336e-01,1.423774775101190881e+00,7.584861101942753647e-01
2.607157824377229205e-01,1.387524663657664803e+00,7.186259212019834308e-01
2.618112269017470184e-01,1.351803739979514418e+00,6.765746684770173047e-01
2.629066713657710053e-01,1.316619622974253279e+00,6.346933796421175833e-01
2.640021158297951032e-01,1.281979276557687619e+00,5.950298164766089082e-01
2.650975602938191455e-01,1.247889011663253944e+00,5.590829609479655016e-01
2.661930047578431879e-01,1.214354489694734029e+00,5.277271976856005020e-01
2.672884492218672303e-01,1.181380727375876738e+00,5.012261505495796410e-01
2.683838936858912727e-01,1.148972102947271035e+00,4.793151288627792717e-01
2.694793381499153151e-01,1.117132363656389460e+00,4.613416186346238623e-01
2.705747826139393575e-01,1.085864634482564650e+00,4.464398998226840054e-01
2.716702270779633999e-01,1.055171428034471282e+00,4.337027640237555159e-01
2.727656715419874978e-01,1.025054655558591543e+00,4.223161137010023047e-01
2.738611160060114846e-01,9.955156389880582823e-01,4.116390566074342727e-01
2.749565604700355270e-01,9.665551239669100125e-01,4.012310175085712638e-01
2.760520049340595694e-01,9.381732937770536074e-01,3.908392159549631817e-01
2.771474493980836118e-01,9.103697840971610722e-01,3.803630828233680039e-01
2.782428938621077097e-01,8.831436985222250735e-01,3.698098864620256720e-01
2.793383383261316966e-01,8.564936247694220350e-01,3.592515178381854302e-01
2.804337827901557945e-01,8.304176515000433190e-01,3.487881727317505010e-01
2.815292272541797813e-01,8.049133856837369372e-01,3.385213882070945424e-01
2.826246717182038792e-01,7.799779704345486397e-01,3.285366459372466297e-01
2.837201161822279216e-01,7.556081032489745386e-01,3.188943918800634103e-01
2.848155606462519640e-01,7.318000545761090825e-01,3.096276370005726086e-01
2.859110051102760064e-01,7.085496866542007055e-01,3.007441113602030147e-01
2.870064495743000488e-01,6.858524725472512351e-01,2.922310838125483090e-01
2.881018940383240912e-01,6.637035153188726166e-01,2.840612947651735554e-01
2.891973385023481335e-01,6.420975672836277681e-01,2.761988668824172932e-01
2.902927829663721759e-01,6.210290492758279157e-01,2.686044726395925841e-01
2.913882274303962738e-01,6.004920698818662084e-01,2.612393926415936818e-01
2.924836718944202607e-01,5.804804445828073423e-01,2.540683676432498594e-01
2.935791163584443586e-01,5.609877147564563682e-01,2.470613262347672867e-01
2.946745608224683455e-01,5.420071664936968459e-01,2.401941700821014214e-01
2.957700052864924434e-01,5.235318491838903965e-01,2.334488380125485374e-01
2.968654497505164858e-01,5.055545938282893781e-01,2.268128685722537452e-01
2.979608942145405281e-01,4.880680310457102267e-01,2.202786551256920577e-01
2.990563386785645705e-01,4.710646087325598974e-01,2.138425510317472078e-01
3.001517831425886129e-01,4.545366093489088821e-01,2.075039435384435638e-01
3.012472276066126553e-01,4.384761667992777556e-01,2.012643789040984843e-01
3.023426720706366977e-01,4.228752828844302147e-01,1.951267904088931082e-01
3.034381165346607401e-01,4.077258432998767668e-01,1.890948561630889646e-01
3.045335609986847825e-01,3.930196331619641437e-01,1.831724949064243990e-01
3.056290054627088248e-01,3.787483520446084939e-01,1.773634947258466432e-01
3.067244499267328672e-01,3.649036285107991051e-01,1.716712609720079386e-01
3.078198943907569096e-01,3.514770341281129307e-01,1.660986648308621083e-01
3.089153388547809520e-01,3.384600969581404994e-01,1.606479721113238668e-01
3.100107833188050499e-01,3.258443145124275686e-01,1.553208321058604791e-01
3.111062277828290368e-01,3.136211661691167274e-01,1.501183081564743116e-01
3.122016722468531347e-01,3.017821250504304498e-01,1.450409342068745833e-01
3.132971167108771215e-01,2.903186693504459792e-01,1.400887846704607087e-01
3.143925611749012194e-01,2.792222931329274571e-01,1.352615480438993933e-01
3.154880056389252618e-01,2.684845165778932397e-01,1.305585975198350346e-01
3.165834501029493042e-01,2.580968956980341789e-01,1.259790543478138125e-01
3.176788945669733466e-01,2.480510315235944785e-01,1.215218416765277976e-01
3.187743390309973890e-01,2.383385787644616283e-01,1.171857281464725314e-01
3.198697834950214314e-01,2.289512539556479431e-01,1.129693615807988438e-01
3.209652279590454738e-01,2.198808430972923889e-01,1.088712938185014967e-01
3.220606724230695161e-01,2.111192087972142695e-01,1.048899981150023253e-01
3.231561168870936140e-01,2.026582969287917535e-01,1.010238806728179090e-01
3.242515613511176009e-01,1.944901428140822230e-01,9.727128782825074371e-02
3.253470058151416988e-01,1.866068769463780641e-01,9.363051027563633333e-02
3.264424502791656857e-01,1.790007302634698538e-01,9.009978549376701507e-02
3.275378947431897836e-01,1.716640389856940729e-01,8.667729930369422187e-02
3.286333392072138260e-01,1.645892490334927571e-01,8.336118724862090490e-02
3.297287836712378128e-01,1.577689200369283840e-01,8.014953626821029464e-02
3.308242281352619107e-01,1.511957289529423654e-01,7.704038695332651732e-02
3.319196725992858976e-01,1.448624733040461687e-01,7.403173651420359713e-02
3.330151170633099955e-01,1.387620740540131681e-01,7.112154247967730769e-02
3.341105615273339824e-01,1.328875781347413354e-01,6.830772706216618750e-02
3.352060059913580803e-01,1.272321606385880821e-01,6.558818206982333643e-02
3.363014504553821227e-01,1.217891266923187971e-01,6.296077422003296120e-02
3.373968949194061651e-01,1.165519130260108394e-01,6.042335069739470516e-02
3.384923393834302074e-01,1.115140892512500592e-01,5.797374480515378459e-02
3.395877838474542498e-01,1.066693588644394702e-01,5.560978157339518252e-02
3.406832283114782922e-01,1.020115599874801965e-01,5.332928320678641948e-02
3.417786727755023346e-01,9.753466586064603316e-02,5.113007427816407963e-02
3.428741172395263770e-01,9.323278510107216310e-02,4.900998659751339831e-02
3.439695617035504749e-01,8.910016173986563814e-02,4.696686370792951121e-02
3.450650061675744618e-01,8.513117505129971785e-02,4.499856498030039426e-02
3.461604506315985597e-01,8.132033918584335996e-02,4.310296929496291313e-02
3.472558950956225465e-01,7.766230262021814323e-02,4.127797831332030015e-02
3.483513395596466444e-01,7.415184743555060243e-02,3.952151935236974251e-02
3.494467840236706868e-01,7.078388843604038749e-02,3.783154788390222234e-02
3.505422284876947292e-01,6.755347211860009138e-02,3.620604968466508561e-02
3.516376729517187716e-01,6.445577550405438838e-02,3.464304266720503317e-02
3.527331174157428140e-01,6.148610484155184186e-02,3.314057842319975689e-02
3.538285618797668564e-01,5.863989419446582335e-02,3.169674350946353331e-02
3.549240063437908987e-01,5.591270391871927536e-02,3.030966050720504054e-02
3.560194508078149411e-01,5.330021904239475722e-02,2.897748888237094630e-02
3.571148952718389835e-01,5.079824755505863570e-02,2.769842567240590400e-02
3.582103397358630259e-01,4.840271861559360123e-02,2.647070602254221472e-02
3.593057841998870683e-01,4.610968068689169641e-02,2.529260359190432794e-02
3.604012286639111107e-01,4.391529960444829489e-02,2.416243084643499711e-02
3.614966731279351531e-01,4.181585658718168369e-02,2.307853925407180734e-02
3.625921175919592510e-01,3.980774619617831467e-02,2.203931939385599462e-02
3.636875620559832378e-01,3.788747424921201645e-02,2.104320099000626249e-02
3.647830065200073357e-01,3.605165569654426166e-02,2.008865287897326074e-02
3.658784509840313226e-01,3.429701246468856018e-02,1.917418291676833628e-02
3.669738954480554205e-01,3.262037127273910431e-02,1.829833783156751756e-02
3.680693399120794629e-01,3.101866142805798782e-02,1.745970302690968631e-02
3.691647843761035053e-01,2.948891260474056572e-02,1.665690233826857755e-02
3.702602288401275477e-01,2.802825261076422395e-02,1.588859774667076424e-02
3.713556733041515900e-01,2.663390514803689463e-02,1.515348905179028996e-02
3.724511177681756324e-01,2.530318756879160885e-02,1.445031350632730062e-02
3.735465622321996748e-01,2.403350863362318721e-02,1.377784541446816155e-02
3.746420066962237172e-01,2.282236627332130674e-02,1.313489569546156567e-02
3.757374511602478151e-01,2.166734535866452968e-02,1.252031141457335406e-02
3.768328956242718020e-01,2.056611548186158822e-02,1.193297528354973075e-02
3.779283400882958999e-01,1.951642875098393015e-02,1.137180513153124295e-02
3.790237845523198867e-01,1.851611760221083536e-02,1.083575334953519424e-02
3.801192290163439846e-01,1.756309263043557417e-02,1.032380630934209148e-02
3.812146734803680270e-01,1.665534044182762075e-02,9.834983759552953786e-03
3.823101179443920694e-01,1.579092152995510701e-02,9.368338200595242166e-03
3.834055624084161118e-01,1.496796817751736008e-02,8.922954240858656239e-03
3.845010068724400987e-01,1.418468238576567168e-02,8.497947936288385851e-03
3.855964513364641966e-01,1.343933383210949538e-02,8.092466114930578491e-03
3.866918958004882390e-01,1.273025785911061601e-02,7.705685689616091107e-03
3.877873402645122813e-01,1.205585349466217239e-02,7.336812960009089432e-03
3.888827847285363237e-01,1.141458150511509735e-02,6.985082906454394280e-03
3.899782291925603661e-01,1.080496248258624309e-02,6.649758477775640636e-03
3.910736736565844085e-01,1.022557496648122087e-02,6.330129874444257766e-03
3.921691181206084509e-01,9.675053601577844262e-03,6.025513829949942675e-03
3.932645625846324933e-01,9.152087331374014756e-03,5.735252890951321111e-03
3.943600070486565912e-01,8.655417628722501464e-03,5.458714698780253206e-03
3.954554515126805780e-01,8.183836763842371187e-03,5.195291273661784524e-03
3.965508959767046759e-01,7.736186109828455289e-03,4.944398302963178872e-03
3.976463404407286628e-01,7.311354485813119711e-03,4.705474434758978239e-03
3.987417849047527607e-01,6.908276538510957701e-03,4.477980578298809342e-03
3.998372293687768031e-01,6.525931161889381681e-03,4.261399212286338598e-03
4.009326738328008455e-01,6.163339955307792391e-03,4.055233702204852526e-03
4.020281182968248879e-01,5.819565719093216030e-03,3.859007626952624601e-03
4.031235627608489303e-01,5.493710989199794732e-03,3.672264116754026322e-03
4.042190072248729726e-01,5.184916609173687539e-03,3.494565202008015174e-03
4.053144516888970150e-01,4.892360339857956993e-03,3.325491174123794674e-03
4.064098961529210574e-01,4.615255507235770278e-03,3.164639959333783760e-03
4.075053406169451553e-01,4.352849686208045028e-03,3.011626504662011719e-03
4.086007850809691422e-01,4.104423422877179727e-03,2.866082178414999185e-03
4.096962295449932401e-01,3.869288991381182249e-03,2.727654183067139068e-03
4.107916740090172270e-01,3.646789188228941221e-03,2.596004983100415591e-03
4.118871184730412693e-01,3.436296161284902676e-03,2.470811746326387684e-03
4.129825629370653672e-01,3.237210274296485179e-03,2.351765799780126259e-03
4.140780074010893541e-01,3.048959005725957860e-03,2.238572099747932875e-03
4.151734518651134520e-01,2.870995881344743164e-03,2.130948715945676572e-03
4.162688963291374389e-01,2.702799440595523260e-03,2.028626330238589900e-03
4.173643407931615368e-01,2.543872236005777828e-03,1.931347749769791750e-03
4.184597852571855792e-01,2.393739863630864502e-03,1.838867433326060469e-03
4.195552297212096216e-01,2.251950026931371154e-03,1.750951033094187053e-03
4.206506741852336639e-01,2.118071630017313942e-03,1.667374949068622415e-03
4.217461186492577063e-01,1.991693901847084100e-03,1.587925897611240774e-03
4.228415631132817487e-01,1.872425550548237469e-03,1.512400493863256395e-03
4.239370075773057911e-01,1.759893946109071950e-03,1.440604846933964209e-03
4.250324520413298335e-01,1.653744331416938558e-03,1.372354168129321771e-03
4.261278965053539314e-01,1.553639061835128052e-03,1.307472392696166445e-03
4.272233409693779183e-01,1.459256870792983215e-03,1.245791813325956496e-03
4.283187854334020161e-01,1.370292162265506755e-03,1.187152726415576258e-03
4.294142298974260030e-01,1.286454329233897116e-03,1.131403090659146215e-03
4.305096743614501009e-01,1.207467096206406602e-03,1.078398196617198594e-03
4.316051188254741433e-01,1.133067887362632781e-03,1.028000348924351269e-03
4.327005632894981857e-01,1.063007217310374484e-03,9.800785588256126328e-04
4.337960077535222281e-01,9.970481057723643362e-04,9.345082485095929136e-04
4.348914522175462705e-01,9.349655135067611511e-04,8.911709651174350199e-04
4.359868966815703129e-01,8.765458015704407236e-04,8.499541066990379387e-04
4.370823411455943552e-01,8.215862105382290125e-04,8.107506573180434757e-04
4.381777856096183976e-01,7.698943597806657884e-04,7.734589316498077360e-04
4.392732300736424400e-01,7.212877685463211282e-04,7.379823311700026449e-04
4.403686745376664269e-01,6.755933942829586529e-04,7.042291078100660056e-04
4.414641190016905803e-01,6.326471902178305981e-04,6.721121373494824735e-04
4.425595634657145672e-01,5.922936815642411640e-04,6.415487023274716021e-04
4.436550079297386096e-01,5.543855588721539711e-04,6.124602833206008136e-04
4.447504523937626519e-01,5.187832874224981112e-04,5.847723577029851835e-04
4.458458968577867498e-01,4.853547341911793305e-04,5.584142079169279477e-04
4.469413413218107922e-01,4.539748100746622984e-04,5.333187371502691758e-04
4.480367857858347791e-01,4.245251270947689322e-04,5.094222924135956591e-04
4.491322302498588215e-01,3.968936704856055090e-04,4.866644952733679324e-04
4.502276747138829194e-01,3.709744852423614179e-04,4.649880801625974809e-04
4.513231191779069618e-01,3.466673754022895964e-04,4.443387385290723836e-04
4.524185636419310041e-01,3.238776186698854795e-04,4.246649724850395436e-04
4.535140081059549910e-01,3.025156903544506883e-04,4.059179507355147802e-04
4.546094525699791444e-01,2.824970028865933513e-04,3.880513751081119864e-04
4.557048970340031313e-01,2.637416549351016565e-04,3.710213504297504546e-04
4.568003414980271737e-01,2.461741930282545588e-04,3.547862618825988867e-04
4.578957859620512161e-01,2.297233829717706792e-04,3.393066565515352457e-04
4.589912304260753140e-01,2.143219931988548212e-04,3.245451325559075249e-04
4.600866748900993564e-01,1.999065866318280957e-04,3.104662312673100088e-04
4.611821193541233432e-01,1.864173236196353493e-04,2.970363367240004418e-04
4.622775638181473856e-01,1.737977727107862288e-04,2.842235777713885184e-04
4.633730082821714835e-01,1.619947315113327575e-04,2.719977367258009210e-04
4.644684527461955259e-01,1.509580559548521887e-04,2.603301624638206316e-04
4.655638972102195683e-01,1.406404968242926524e-04,2.491936862940837753e-04
4.666593416742435552e-01,1.309975452800160112e-04,2.385625439339880986e-04
4.677547861382675976e-01,1.219872850878370954e-04,2.284123001039438600e-04
4.688502306022916954e-01,1.135702527477129619e-04,2.187197782049202406e-04
4.699456750663157378e-01,1.057093035525354845e-04,2.094629918774635398e-04
4.710411195303397802e-01,9.836948550555266451e-05,2.006210824413832852e-04
4.721365639943637671e-01,9.151791849186277877e-05,1.921742576955792650e-04
4.732320084583879205e-01,8.512367993784053272e-05,1.841037347587831630e-04
4.743274529224119074e-01,7.915769585212638240e-05,1.763916851169948735e-04
4.754228973864359498e-01,7.359263864026164203e-05,1.690211853394072263e-04
4.765183418504599921e-01,6.840282822683998879e-05,1.619761663093804201e-04
4.776137863144840900e-01,6.356413983596282649e-05,1.552413686414038881e-04
4.787092307785081324e-01,5.905391569312584259e-05,1.488022986548949932e-04
4.798046752425321193e-01,5.485088175231323210e-05,1.426451877674843956e-04
4.809001197065561617e-01,5.093506841532104910e-05,1.367569532294355468e-04
4.819955641705802596e-01,4.728773600862901913e-05,1.311251625544001187e-04
4.830910086346043020e-01,4.389130309657868234e-05,1.257379969595448998e-04
4.841864530986283444e-01,4.072928015467254802e-05,1.205842210141668571e-04
4.852818975626523312e-01,3.778620541956692283e-05,1.156531502494862726e-04
4.863773420266764846e-01,3.504758460768818488e-05,1.109346215723223451e-04
4.874727864907004715e-01,3.249983483685390476e-05,1.064189683170406150e-04
4.885682309547245139e-01,3.013022966260625216e-05,1.020969906625286607e-04
4.896636754187485563e-01,2.792684935571090586e-05,9.795993477022602914e-05
4.907591198827726542e-01,2.587853162041533795e-05,9.399946553167112004e-05
4.918545643467966966e-01,2.397482774576174916e-05,9.020765013802451023e-05
4.929500088108206834e-01,2.220595799868439412e-05,8.657693127726940403e-05
4.940454532748447258e-01,2.056277260959625522e-05,8.310011299305072115e-05
4.951408977388687682e-01,1.903671255507192846e-05,7.977033846947571719e-05
4.962363422028928661e-01,1.761977412070537557e-05,7.658107499433808210e-05
4.973317866669169085e-01,1.630447454654719442e-05,7.352609608382297307e-05
4.984272311309408954e-01,1.508382018258924699e-05,7.059946682865006994e-05
4.995226755949649378e-01,1.395127632814061027e-05,6.779552954124455058e-05
5.006181200589890912e-01,1.290073875214384140e-05,6.510888995787486480e-05
5.017135645230130780e-01,1.192650617528957190e-05,6.253440058562728589e-05
5.028090089870370649e-01,1.102325615565228341e-05,6.006715394178484919e-05
5.039044534510611628e-01,1.018602089618355539e-05,5.770246902962229436e-05
5.049998979150852607e-01,9.410164058073397080e-06,5.543587564059968188e-05
5.060953423791092476e-01,8.691361020366918547e-06,5.326311112616753456e-05
5.071907868431332345e-01,8.025578355391678429e-06,5.118010658871383571e-05
5.082862313071573324e-01,7.409055050809944898e-06,4.918297631682369629e-05
5.093816757711814303e-01,6.838285291715479766e-06,4.726801049485376068e-05
5.104771202352054171e-01,6.310002247855061061e-06,4.543166845187128765e-05
5.115725646992295150e-01,5.821162391874986628e-06,4.367056928034845442e-05
5.126680091632535019e-01,5.368930579653248356e-06,4.198148108372783718e-05
5.137634536272775998e-01,4.950667247284160256e-06,4.036131981752653550e-05
5.148588980913015867e-01,4.563914652716012028e-06,3.880713487656328340e-05
5.159543425553256846e-01,4.206386241609340717e-06,3.731611369664142986e-05
5.170497870193496714e-01,3.875953979137371654e-06,3.588556396774058991e-05
5.181452314833737693e-01,3.570638432141951955e-06,3.451291273211759227e-05
5.192406759473978672e-01,3.288599234657459907e-06,3.319570441456590589e-05
5.203361204114218541e-01,3.028125219141330801e-06,3.193159000471986104e-05
5.214315648754458410e-01,2.787625738686307366e-06,3.071832158637699366e-05
5.225270093394699389e-01,2.565623088676585724e-06,2.955375336162714697e-05
5.236224538034940368e-01,2.360744642116140558e-06,2.843583486873699700e-05
5.247178982675180237e-01,2.171715502631028967e-06,2.736260409278080301e-05
5.258133427315420105e-01,1.997351741139059825e-06,2.633218169660723088e-05
5.269087871955661084e-01,1.836554943195666148e-06,2.534277717283356729e-05
5.280042316595902063e-01,1.688305254095651828e-06,2.439267056312751264e-05
5.290996761236141932e-01,1.551657009221766052e-06,2.348022339269496960e-05
5.301951205876382911e-01,1.425732948027105526e-06,2.260386603457311598e-05
5.312905650516622780e-01,1.309719520642644966e-06,2.176209495524699650e-05
5.323860095156863759e-01,1.202862885718842871e-06,2.095347689490269195e-05
5.334814539797103627e-01,1.104463967640437186e-06,2.017663280727963795e-05
5.345768984437344606e-01,1.013875623628644058e-06,1.943025304919714815e-05
5.356723429077584475e-01,9.304978274229621762e-07,1.871307318526165871e-05
5.367677873717825454e-01,8.537755910319107554e-07,1.802389584685155853e-05
5.378632318358066433e-01,7.831946356283568789e-07,1.736156548154495343e-05
5.389586762998306302e-01,7.182792601182466591e-07,1.672498209577845792e-05
5.400541207638546171e-01,6.585891111800951139e-07,1.611308858056986049e-05
5.411495652278787150e-01,6.037168761196000519e-07,1.552487365443729319e-05
5.422450096919028129e-01,5.532859602190108067e-07,1.495937147818181685e-05
5.433404541559267997e-01,5.069482072384363112e-07,1.441565842676942404e-05
5.444358986199507866e-01,4.643816446088555555e-07,1.389284563131208869e-05
5.455313430839749955e-01,4.252890177358987831e-07,1.339009015794928137e-05
5.466267875479989824e-01,3.893953205791888439e-07,1.290657284594994563e-05
5.477222320120229693e-01,3.564469426715977763e-07,1.244152146226551724e-05
5.488176764760470672e-01,3.262094422257334813e-07,1.199418753910264778e-05
5.499131209400710540e-01,2.984665713035397101e-07,1.156386012061896902e-05
5.510085654040951519e-01,2.730186919796352225e-07,1.114985586534752921e-05
5.521040098681191388e-01,2.496816655139712820e-07,1.075152249047756432e-05
5.531994543321432367e-01,2.282854466229613517e-07,1.036822655092600698e-05
5.542948987961672236e-01,2.086735541351479479e-07,9.999375623118618190e-06
5.553903432601913215e-01,1.907015545728254919e-07,9.644394885459688503e-06
5.564857877242154194e-01,1.742360846735269694e-07,9.302720648853435919e-06
5.575812321882394063e-01,1.591547622016848528e-07,8.973838806463334548e-06
5.586766766522633931e-01,1.453445265920588876e-07,8.657240034440325896e-06
5.597721211162874910e-01,1.327013062453631737e-07,8.352438836999357972e-06
5.608675655803115889e-01,1.211293372361250491e-07,8.058973509555135848e-06
5.619630100443355758e-01,1.105403103012110525e-07,7.776390725650161225e-06
5.630584545083595627e-01,1.008530936967135866e-07,7.504264363123209296e-06
5.641538989723837716e-01,9.199328905504676352e-08,7.242205172156383041e-06
5.652493434364077585e-01,8.389186452179866343e-08,6.989793498415827427e-06
5.663447879004317453e-01,7.648574854422794613e-08,6.746657391104618994e-06
5.674402323644558432e-01,6.971712208394125032e-08,6.512456119158908113e-06
5.685356768284799411e-01,6.353241420191328769e-08,6.286823980796496263e-06
5.696311212925039280e-01,5.788265988277948800e-08,6.069433234727007458e-06
5.707265657565279149e-01,5.272279192263295182e-08,5.859960383768870207e-06
5.718220102205520128e-01,4.801176867313100726e-08,5.658134743336998427e-06
5.729174546845761107e-01,4.371113247406403413e-08,5.463606258533407270e-06
5.740128991486000976e-01,3.978646908657915870e-08,5.276144953257189791e-06
5.751083436126241955e-01,3.620554432276172619e-08,5.095448207931745153e-06
5.762037880766481823e-01,3.293909919770612215e-08,4.921265584743580886e-06
5.772992325406721692e-01,2.996046703253780940e-08,4.753385109948289988e-06
5.783946770046962671e-01,2.724460064925516293e-08,4.591510156415312955e-06
5.794901214687203650e-01,2.476899133703270779e-08,4.435424890164648169e-06
5.805855659327443519e-01,2.251313123388682687e-08,4.284947681562351848e-06
5.816810103967683387e-01,2.045790560512597867e-08,4.139846093129454551e-06
5.827764548607925477e-01,1.858579854687356791e-08,3.999890783401889757e-06
5.838718993248165345e-01,1.688114330646675751e-08,3.864941384262816776e-06
5.849673437888405214e-01,1.532910673893739362e-08,3.734754892255080232e-06
5.860627882528646193e-01,1.391654683968374101e-08,3.609198664432151045e-06
5.871582327168887172e-01,1.263116084849572729e-08,3.488078497569195061e-06
5.882536771809127041e-01,1.146172905076174648e-08,3.371213317798461469e-06
5.893491216449366910e-01,1.039814828036424682e-08,3.258475343212480160e-06
5.904445661089607889e-01,9.430995630325548485e-09,3.149686538539541535e-06
5.915400105729848867e-01,8.551836024252852922e-09,3.044733832432163996e-06
5.926354550370088736e-01,7.752761110500351417e-09,2.943439858914843877e-06
5.937308995010329715e-01,7.026674837761203149e-09,2.845678536584195432e-06
5.948263439650569584e-01,6.367108521943687054e-09,2.751336269906451022e-06
5.959217884290810563e-01,5.768098304083349633e-09,2.660281178066348389e-06
5.970172328931050432e-01,5.224169190694682485e-09,2.572369918948272514e-06
5.981126773571291411e-01,4.730427225233321300e-09,2.487513778709721400e-06
5.992081218211531279e-01,4.282348632486403696e-09,2.405600696217763996e-06
6.003035662851772258e-01,3.875805737053800750e-09,2.326522041381256196e-06
6.013990107492013237e-01,3.506984104177938609e-09,2.250140777702061846e-06
6.024944552132253106e-01,3.172517170687893870e-09,2.176393814328328433e-06
6.035898996772492975e-01,2.869337792110589195e-09,2.105229712475011391e-06
6.046853441412733954e-01,2.594418210617047692e-09,2.036425970176249845e-06
6.057807886052974933e-01,2.345386357332366328e-09,1.970063419967453465e-06
6.068762330693214802e-01,2.119695468981925452e-09,1.905910991790898796e-06
6.079716775333454670e-01,1.915262744201443133e-09,1.843940146854365268e-06
6.090671219973695649e-01,1.730098142557926217e-09,1.784038929489313846e-06
6.101625664613936628e-01,1.562571474089420729e-09,1.726291959991059300e-06
6.112580109254176497e-01,1.410860887155297398e-09,1.670416584401328387e-06
6.123534553894417476e-01,1.273618740604668577e-09,1.616484681193207917e-06
6.134488998534657345e-01,1.149418981749369073e-09,1.564325844696199823e-06
6.145443443174898324e-01,1.037113985034873746e-09,1.513969212231902530e-06
6.156397887815138192e-01,9.355463720137861953e-10,1.465286042532011391e-06
6.167352332455379171e-01,8.436836068197610113e-10,1.418168856095407811e-06
6.178306777095619040e-01,7.607092444922458306e-10,1.372722733526091939e-06
6.189261221735860019e-01,7.445646953395671424e-10,1.442802209377473081e-06
6.200215666376100998e-01,7.447796054554712722e-10,1.550231890590745188e-06
6.211170111016340867e-01,7.449943756383189188e-10,1.666136614080524314e-06
6.222124555656580736e-01,7.452090030144098779e-10,1.791218305845619581e-06
6.233079000296821714e-01,7.454234847531591835e-10,1.926239599713588038e-06
6.244033444937062693e-01,7.456378180665629561e-10,2.072029309306337235e-06
6.254987889577302562e-01,7.458520002086762452e-10,2.229488415677486606e-06
6.265942334217542431e-01,7.460660284750935596e-10,2.399596622099141073e-06
6.276896778857784520e-01,7.462799002024391174e-10,2.583419533100523893e-06
6.287851223498024389e-01,7.464936127678593709e-10,2.782116521170335904e-06
6.298805668138264258e-01,7.467071635885258707e-10,2.996949351676449439e-06
6.309760112778505237e-01,7.469205501211410257e-10,3.229291644634924795e-06
6.320714557418745105e-01,7.471337698614533748e-10,3.480639261166828417e-06
6.331669002058986084e-01,7.473468203437747206e-10,3.752621712904972395e-06
6.342623446699225953e-01,7.475596991405059478e-10,4.047014704645353069e-06
6.353577891339466932e-01,7.477724038616684259e-10,4.365753934248996092e-06
6.364532335979706801e-01,7.479849321544424418e-10,4.710950289718714090e-06
6.375486780619947780e-01,7.481972817027052197e-10,5.084906601738087491e-06
6.386441225260188759e-01,7.484094502265834164e-10,5.490136131391253041e-06
6.397395669900428627e-01,7.486214354820056167e-10,5.929382997793925231e-06
6.408350114540668496e-01,7.488332352602588609e-10,6.405644779827477540e-06
6.419304559180909475e-01,7.490448473875575807e-10,6.922197560836916008e-06
6.430259003821150454e-01,7.492562697246103628e-10,7.482623726419531217e-06
6.441213448461390323e-01,7.494675001661963296e-10,8.090842874564479687e-06
6.452167893101630192e-01,7.496785366407443108e-10,8.751146256235285456e-06
6.463122337741872281e-01,7.498893771099210108e-10,9.468235235399986168e-06
6.474076782382112150e-01,7.501000195682175219e-10,1.024726434318607202e-05
6.485031227022352018e-01,7.503104620425500028e-10,1.109388960493294557e-05
6.495985671662591887e-01,7.505207025918547737e-10,1.201432294581844899e-05
6.506940116302833976e-01,7.507307393066979904e-10,1.301539363618447799e-05
6.517894560943073845e-01,7.509405703088833543e-10,1.410461792869268686e-05
6.528849005583313714e-01,7.511501937510682997e-10,1.529027827474154148e-05
6.539803450223554693e-01,7.513596078163841121e-10,1.658151379882272125e-05
6.550757894863795672e-01,7.515688107180580094e-10,1.798842407021531564e-05
6.561712339504035540e-01,7.517778006990444265e-10,1.952218865981808781e-05
6.572666784144276519e-01,7.519865760316567127e-10,2.119520552778186582e-05
6.583621228784516388e-01,7.521951350172064817e-10,2.302125198303033661e-05
6.594575673424756257e-01,7.524034759856450278e-10,2.501567282316366565e-05
6.605530118064997236e-01,7.526115972952084665e-10,2.719560134585547557e-05
6.616484562705238215e-01,7.528194973320727991e-10,2.958022027366979584e-05
6.627439007345478084e-01,7.530271745100041198e-10,3.219107131921358002e-05
6.638393451985717952e-01,7.532346272700214352e-10,3.505242421613783999e-05
6.649347896625960042e-01,7.534418540800583481e-10,3.819171865089316265e-05
6.660302341266199910e-01,7.536488534346309442e-10,4.164009576672348447e-05
6.671256785906439779e-01,7.538556238545104355e-10,4.543303991155446590e-05
6.682211230546679648e-01,7.540621638863972509e-10,4.961115622677988833e-05
6.693165675186921737e-01,7.542684721026006075e-10,5.422111570707073688e-05
6.704120119827161606e-01,7.544745471007232511e-10,5.931680670859667154e-05
6.715074564467401474e-01,7.546803875033461968e-10,6.496074076952974331e-05
6.726029009107642453e-01,7.548859919577226729e-10,7.122577127326725442e-05
6.736983453747883432e-01,7.550913591354709260e-10,7.819719617549870765e-05
6.747937898388123301e-01,7.552964877322720933e-10,8.597533098287961568e-05
6.758892343028363170e-01,7.555013764675736589e-10,9.467865565173769931e-05
6.769846787668604149e-01,7.557060240842946668e-10,1.044476593191827438e-04
6.780801232308845128e-01,7.559104293485339332e-10,1.154495300502717935e-04
6.791755676949084997e-01,7.561145910492845657e-10,1.278838634358505093e-04
6.802710121589325976e-01,7.563185079981471383e-10,1.419895944365425226e-04
6.813664566229565844e-01,7.565221790290521725e-10,1.580533922318610172e-04
6.824619010869806823e-01,7.567256029979825149e-10,1.764197995157417310e-04
6.835573455510046692e-01,7.569287787826976788e-10,1.975034482294138406e-04
6.846527900150287671e-01,7.571317052824651145e-10,2.218037473302543114e-04
6.857482344790527540e-01,7.573343814177926158e-10,2.499225217146367937e-04
6.868436789430767409e-01,7.575368061301641396e-10,2.825851962481679635e-04
6.879391234071009498e-01,7.577389783817795541e-10,3.206662847466905776e-04
6.890345678711249366e-01,7.579408971552953175e-10,3.652201967472118145e-04
6.901300123351489235e-01,7.581425614535717747e-10,4.175187842967437841e-04
6.912254567991730214e-01,7.583439702994210734e-10,4.790977550465953935e-04
6.923209012631971193e-01,7.585451227353572529e-10,5.518153590289970583e-04
6.934163457272211062e-01,7.587460178233529490e-10,6.379291975051960871e-04
6.945117901912450931e-01,7.589466546445947557e-10,7.402018110320877442e-04
6.956072346552691910e-01,7.591470322992451004e-10,8.620553805097634810e-04
6.967026791192932889e-01,7.593471499062039124e-10,1.007815562902947791e-03
6.977981235833172757e-01,7.595470066028754616e-10,1.183124620626660331e-03
6.988935680473413736e-01,7.597466015449373683e-10,1.395685195694956141e-03
6.999890125113653605e-01,7.599459339061107502e-10,1.656656839257285253e-03
7.010844569753894584e-01,7.601450028779371939e-10,1.983332062550118274e-03
7.021799014394134453e-01,7.603438076695530381e-10,2.404249452470516146e-03
7.032753459034375432e-01,7.605423475074696536e-10,2.968687166072124170e-03
7.043707903674615300e-01,7.607406216353565153e-10,3.763306954501017404e-03
7.054662348314856279e-01,7.609386293138258248e-10,4.939115275842590087e-03
7.065616792955097258e-01,7.611363698202193051e-10,6.753934560168554403e-03
7.076571237595337127e-01,7.613338424483988200e-10,9.670373011239729102e-03
7.087525682235576996e-01,7.615310465085383385e-10,1.493236283200011401e-02
7.098480126875817975e-01,7.617279813269190005e-10,2.915838271478878377e-02
7.109434571516058954e-01,7.619246462457268716e-10,2.639543573600139359e-01
7.120389016156298823e-01,0.000000000000000000e+00,0.000000000000000000e+00
7.131343460796538691e-01,0.000000000000000000e+00,0.000000000000000000e+00
7.142297905436779670e-01,0.000000000000000000e+00,0.000000000000000000e+00
7.153252350077020649e-01,0.000000000000000000e+00,0.000000000000000000e+00
7.164206794717260518e-01,0.000000000000000000e+00,0.000000000000000000e+00
7.175161239357501497e-01,0.000000000000000000e+00,0.000000000000000000e+00
7.186115683997741366e-01,0.000000000000000000e+00,0.000000000000000000e+00
7.197070128637982345e-01,0.000000000000000000e+00,0.000000000000000000e+00
7.208024573278222213e-01,0.000000000000000000e+00,0.000000000000000000e+00
7.218979017918463192e-01,0.000000000000000000e+00,0.000000000000000000e+00
7.229933462558703061e-01,0.000000000000000000e+00,0.000000000000000000e+00
7.240887907198944040e-01,0.000000000000000000e+00,0.000000000000000000e+00
7.251842351839185019e-01,0.000000000000000000e+00,0.000000000000000000e+00
7.262796796479424888e-01,0.000000000000000000e+00,0.000000000000000000e+00
7.273751241119664757e-01,0.000000000000000000e+00,0.000000000000000000e+00
7.284705685759905736e-01,0.000000000000000000e+00,0.000000000000000000e+00
7.295660130400146715e-01,0.000000000000000000e+00,0.000000000000000000e+00
7.306614575040386583e-01,0.000000000000000000e+00,0.000000000000000000e+00
7.317569019680626452e-01,0.000000000000000000e+00,0.000000000000000000e+00
7.328523464320868541e-01,0.000000000000000000e+00,0.000000000000000000e+00
7.339477908961108410e-01,0.000000000000000000e+00,0.000000000000000000e+00
7.350432353601348279e-01,0.000000000000000000e+00,0.000000000000000000e+00
7.361386798241589258e-01,0.000000000000000000e+00,0.000000000000000000e+00
7.372341242881830237e-01,0.000000000000000000e+00,0.000000000000000000e+00
7.383295687522070105e-01,0.000000000000000000e+00,0.000000000000000000e+00
7.394250132162309974e-01,0.000000000000000000e+00,0.000000000000000000e+00
7.405204576802550953e-01,0.000000000000000000e+00,0.000000000000000000e+00
7.416159021442790822e-01,0.000000000000000000e+00,0.000000000000000000e+00
7.427113466083031801e-01,0.000000000000000000e+00,0.000000000000000000e+00
7.438067910723272780e-01,0.000000000000000000e+00,0.000000000000000000e+00
7.449022355363512649e-01,0.000000000000000000e+00,0.000000000000000000e+00
7.459976800003752517e-01,0.000000000000000000e+00,0.000000000000000000e+00
7.470931244643993496e-01,0.000000000000000000e+00,0.000000000000000000e+00
7.481885689284234475e-01,0.000000000000000000e+00,0.000000000000000000e+00
7.492840133924474344e-01,0.000000000000000000e+00,0.000000000000000000e+00
7.503794578564714213e-01,0.000000000000000000e+00,0.000000000000000000e+00
7.514749023204956302e-01,0.000000000000000000e+00,0.000000000000000000e+00
7.525703467845196171e-01,0.000000000000000000e+00,0.000000000000000000e+00
7.536657912485436039e-01,0.000000000000000000e+00,0.000000000000000000e+00
7.547612357125677018e-01,0.000000000000000000e+00,0.000000000000000000e+00
7.558566801765917997e-01,0.000000000000000000e+00,0.000000000000000000e+00
7.569521246406157866e-01,0.000000000000000000e+00,0.000000000000000000e+00
7.580475691046397735e-01,0.000000000000000000e+00,0.000000000000000000e+00
7.591430135686638714e-01,0.000000000000000000e+00,0.000000000000000000e+00
7.602384580326879693e-01,0.000000000000000000e+00,0.000000000000000000e+00
7.613339024967119562e-01,0.000000000000000000e+00,0.000000000000000000e+00
7.624293469607360541e-01,0.000000000000000000e+00,0.000000000000000000e+00
7.635247914247600409e-01,0.000000000000000000e+00,0.000000000000000000e+00
7.646202358887841388e-01,0.000000000000000000e+00,0.000000000000000000e+00
7.657156803528081257e-01,0.000000000000000000e+00,0.000000000000000000e+00
7.668111248168322236e-01,0.000000000000000000e+00,0.000000000000000000e+00
7.679065692808562105e-01,0.000000000000000000e+00,0.000000000000000000e+00
7.690020137448801973e-01,0.000000000000000000e+00,0.000000000000000000e+00
7.700974582089044063e-01,0.000000000000000000e+00,0.000000000000000000e+00
7.711929026729283931e-01,0.000000000000000000e+00,0.000000000000000000e+00
7.722883471369523800e-01,0.000000000000000000e+00,0.000000000000000000e+00
7.733837916009764779e-01,0.000000000000000000e+00,0.000000000000000000e+00
7.744792360650005758e-01,0.000000000000000000e+00,0.000000000000000000e+00
7.755746805290245627e-01,0.000000000000000000e+00,0.000000000000000000e+00
7.766701249930485496e-01,0.000000000000000000e+00,0.000000000000000000e+00
7.777655694570726475e-01,0.000000000000000000e+00,0.000000000000000000e+00
7.788610139210967453e-01,0.000000000000000000e+00,0.000000000000000000e+00
7.799564583851207322e-01,0.000000000000000000e+00,0.000000000000000000e+00
7.810519028491448301e-01,0.000000000000000000e+00,0.000000000000000000e+00
7.821473473131688170e-01,0.000000000000000000e+00,0.000000000000000000e+00
7.832427917771929149e-01,0.000000000000000000e+00,0.000000000000000000e+00
7.843382362412169018e-01,0.000000000000000000e+00,0.000000000000000000e+00
7.854336807052409997e-01,0.000000000000000000e+00,0.000000000000000000e+00
7.865291251692649865e-01,0.000000000000000000e+00,0.000000000000000000e+00
7.876245696332890844e-01,0.000000000000000000e+00,0.000000000000000000e+00
7.887200140973131823e-01,0.000000000000000000e+00,0.000000000000000000e+00
7.898154585613371692e-01,0.000000000000000000e+00,0.000000000000000000e+00
7.909109030253611561e-01,0.000000000000000000e+00,0.000000000000000000e+00
7.920063474893852540e-01,0.000000000000000000e+00,0.000000000000000000e+00
7.931017919534093519e-01,0.000000000000000000e+00,0.000000000000000000e+00
7.941972364174333388e-01,0.000000000000000000e+00,0.000000000000000000e+00
7.952926808814573256e-01,0.000000000000000000e+00,0.000000000000000000e+00
7.963881253454814235e-01,0.000000000000000000e+00,0.000000000000000000e+00
7.974835698095055214e-01,0.000000000000000000e+00,0.000000000000000000e+00
7.985790142735295083e-01,0.000000000000000000e+00,0.000000000000000000e+00
7.996744587375536062e-01,0.000000000000000000e+00,0.000000000000000000e+00
8.007699032015775931e-01,0.000000000000000000e+00,0.000000000000000000e+00
8.018653476656016910e-01,0.000000000000000000e+00,0.000000000000000000e+00
8.029607921296256778e-01,0.000000000000000000e+00,0.000000000000000000e+00
8.040562365936497757e-01,0.000000000000000000e+00,0.000000000000000000e+00
8.051516810576737626e-01,0.000000000000000000e+00,0.000000000000000000e+00
8.062471255216978605e-01,0.000000000000000000e+00,0.000000000000000000e+00
8.073425699857219584e-01,0.000000000000000000e+00,0.000000000000000000e+00
8.084380144497459453e-01,0.000000000000000000e+00,0.000000000000000000e+00
8.095334589137699322e-01,0.000000000000000000e+00,0.000000000000000000e+00
8.106289033777940300e-01,0.000000000000000000e+00,0.000000000000000000e+00
8.117243478418181279e-01,0.000000000000000000e+00,0.000000000000000000e+00
8.128197923058421148e-01,0.000000000000000000e+00,0.000000000000000000e+00
8.139152367698661017e-01,0.000000000000000000e+00,0.000000000000000000e+00
8.150106812338903106e-01,0.000000000000000000e+00,0.000000000000000000e+00
8.161061256979142975e-01,0.000000000000000000e+00,0.000000000000000000e+00
8.172015701619382844e-01,0.000000000000000000e+00,0.000000000000000000e+00
8.182970146259623823e-01,0.000000000000000000e+00,0.000000000000000000e+00
8.193924590899864802e-01,0.000000000000000000e+00,0.000000000000000000e+00
8.204879035540104670e-01,0.000000000000000000e+00,0.000000000000000000e+00
8.215833480180344539e-01,0.000000000000000000e+00,0.000000000000000000e+00
8.226787924820585518e-01,0.000000000000000000e+00,0.000000000000000000e+00
8.237742369460825387e-01,0.000000000000000000e+00,0.000000000000000000e+00
8.248696814101066366e-01,0.000000000000000000e+00,0.000000000000000000e+00
8.259651258741307345e-01,0.000000000000000000e+00,0.000000000000000000e+00
8.270605703381547213e-01,0.000000000000000000e+00,0.000000000000000000e+00
8.281560148021787082e-01,0.000000000000000000e+00,0.000000000000000000e+00
8.292514592662028061e-01,0.000000000000000000e+00,0.000000000000000000e+00
8.303469037302269040e-01,0.000000000000000000e+00,0.000000000000000000e+00
8.314423481942508909e-01,0.000000000000000000e+00,0.000000000000000000e+00
8.325377926582748778e-01,0.000000000000000000e+00,0.000000000000000000e+00
8.336332371222990867e-01,0.000000000000000000e+00,0.000000000000000000e+00
8.347286815863230736e-01,0.000000000000000000e+00,0.000000000000000000e+00
8.358241260503470604e-01,0.000000000000000000e+00,0.000000000000000000e+00
8.369195705143711583e-01,0.000000000000000000e+00,0.000000000000000000e+00
8.380150149783952562e-01,0.000000000000000000e+00,0.000000000000000000e+00
8.391104594424192431e-01,0.000000000000000000e+00,0.000000000000000000e+00
8.402059039064432300e-01,0.000000000000000000e+00,0.000000000000000000e+00
8.413013483704673279e-01,0.000000000000000000e+00,0.000000000000000000e+00
8.423967928344914258e-01,0.000000000000000000e+00,0.000000000000000000e+00
8.434922372985154126e-01,0.000000000000000000e+00,0.000000000000000000e+00
8.445876817625395105e-01,0.000000000000000000e+00,0.000000000000000000e+00
8.456831262265634974e-01,0.000000000000000000e+00,0.000000000000000000e+00
8.467785706905875953e-01,0.000000000000000000e+00,0.000000000000000000e+00
8.478740151546115822e-01,0.000000000000000000e+00,0.000000000000000000e+00
8.489694596186356801e-01,0.000000000000000000e+00,0.000000000000000000e+00
8.500649040826596670e-01,0.000000000000000000e+00,0.000000000000000000e+00
8.511603485466836538e-01,0.000000000000000000e+00,0.000000000000000000e+00
8.522557930107078628e-01,0.000000000000000000e+00,0.000000000000000000e+00
8.533512374747318496e-01,0.000000000000000000e+00,0.000000000000000000e+00
8.544466819387558365e-01,0.000000000000000000e+00,0.000000000000000000e+00
8.555421264027798234e-01,0.000000000000000000e+00,0.000000000000000000e+00
8.566375708668040323e-01,0.000000000000000000e+00,0.000000000000000000e+00
8.577330153308280192e-01,0.000000000000000000e+00,0.000000000000000000e+00
8.588284597948520060e-01,0.000000000000000000e+00,0.000000000000000000e+00
8.599239042588761039e-01,0.000000000000000000e+00,0.000000000000000000e+00
8.610193487229002018e-01,0.000000000000000000e+00,0.000000000000000000e+00
8.621147931869241887e-01,0.000000000000000000e+00,0.000000000000000000e+00
8.632102376509482866e-01,0.000000000000000000e+00,0.000000000000000000e+00
8.643056821149722735e-01,0.000000000000000000e+00,0.000000000000000000e+00
8.654011265789963714e-01,0.000000000000000000e+00,0.000000000000000000e+00
8.664965710430203583e-01,0.000000000000000000e+00,0.000000000000000000e+00
8.675920155070444562e-01,0.000000000000000000e+00,0.000000000000000000e+00
8.686874599710684430e-01,0.000000000000000000e+00,0.000000000000000000e+00
8.697829044350925409e-01,0.000000000000000000e+00,0.000000000000000000e+00
8.708783488991166388e-01,0.000000000000000000e+00,0.000000000000000000e+00
8.719737933631406257e-01,0.000000000000000000e+00,0.000000000000000000e+00
8.730692378271646126e-01,0.000000000000000000e+00,0.000000000000000000e+00
8.741646822911887105e-01,0.000000000000000000e+00,0.000000000000000000e+00
8.752601267552128084e-01,0.000000000000000000e+00,0.000000000000000000e+00
8.763555712192367952e-01,0.000000000000000000e+00,0.000000000000000000e+00
8.774510156832607821e-01,0.000000000000000000e+00,0.000000000000000000e+00
8.785464601472848800e-01,0.000000000000000000e+00,0.000000000000000000e+00
8.796419046113088669e-01,0.000000000000000000e+00,0.000000000000000000e+00
8.807373490753328538e-01,0.000000000000000000e+00,0.000000000000000000e+00
8.818327935393570627e-01,0.000000000000000000e+00,0.000000000000000000e+00
8.829282380033811606e-01,0.000000000000000000e+00,0.000000000000000000e+00
8.840236824674051475e-01,0.000000000000000000e+00,0.000000000000000000e+00
8.851191269314291343e-01,0.000000000000000000e+00,0.000000000000000000e+00
8.862145713954532322e-01,0.000000000000000000e+00,0.000000000000000000e+00
8.873100158594772191e-01,0.000000000000000000e+00,0.000000000000000000e+00
8.884054603235012060e-01,0.000000000000000000e+00,0.000000000000000000e+00
8.895009047875253039e-01,0.000000000000000000e+00,0.000000000000000000e+00
8.905963492515495128e-01,0.000000000000000000e+00,0.000000000000000000e+00
8.916917937155734997e-01,0.000000000000000000e+00,0.000000000000000000e+00
8.927872381795974865e-01,0.000000000000000000e+00,0.000000000000000000e+00
8.938826826436215844e-01,0.000000000000000000e+00,0.000000000000000000e+00
8.949781271076455713e-01,0.000000000000000000e+00,0.000000000000000000e+00
8.960735715716695582e-01,0.000000000000000000e+00,0.000000000000000000e+00
8.971690160356936561e-01,0.000000000000000000e+00,0.000000000000000000e+00
8.982644604997176430e-01,0.000000000000000000e+00,0.000000000000000000e+00
8.993599049637418519e-01,0.000000000000000000e+00,0.000000000000000000e+00
9.004553494277658388e-01,0.000000000000000000e+00,0.000000000000000000e+00
9.015507938917899367e-01,0.000000000000000000e+00,0.000000000000000000e+00
9.026462383558139235e-01,0.000000000000000000e+00,0.000000000000000000e+00
9.037416828198379104e-01,0.000000000000000000e+00,0.000000000000000000e+00
9.048371272838620083e-01,0.000000000000000000e+00,0.000000000000000000e+00
9.059325717478859952e-01,0.000000000000000000e+00,0.000000000000000000e+00
9.070280162119099820e-01,0.000000000000000000e+00,0.000000000000000000e+00
9.081234606759340799e-01,0.000000000000000000e+00,0.000000000000000000e+00
9.092189051399582889e-01,0.000000000000000000e+00,0.000000000000000000e+00
9.103143496039822757e-01,0.000000000000000000e+00,0.000000000000000000e+00
9.114097940680062626e-01,0.000000000000000000e+00,0.000000000000000000e+00
9.125052385320303605e-01,0.000000000000000000e+00,0.000000000000000000e+00
9.136006829960543474e-01,0.000000000000000000e+00,0.000000000000000000e+00
9.146961274600783343e-01,0.000000000000000000e+00,0.000000000000000000e+00
9.157915719241024322e-01,0.000000000000000000e+00,0.000000000000000000e+00
9.168870163881264190e-01,0.000000000000000000e+00,0.000000000000000000e+00
9.179824608521506280e-01,0.000000000000000000e+00,0.000000000000000000e+00
9.190779053161746148e-01,0.000000000000000000e+00,0.000000000000000000e+00
9.201733497801987127e-01,0.000000000000000000e+00,0.000000000000000000e+00
9.212687942442226996e-01,0.000000000000000000e+00,0.000000000000000000e+00
9.223642387082466865e-01,0.000000000000000000e+00,0.000000000000000000e+00
9.234596831722707844e-01,0.000000000000000000e+00,0.000000000000000000e+00
9.245551276362947712e-01,0.000000000000000000e+00,0.000000000000000000e+00
9.256505721003187581e-01,0.000000000000000000e+00,0.000000000000000000e+00
9.267460165643429670e-01,0.000000000000000000e+00,0.000000000000000000e+00
9.278414610283670649e-01,0.000000000000000000e+00,0.000000000000000000e+00
9.289369054923910518e-01,0.000000000000000000e+00,0.000000000000000000e+00
9.300323499564150387e-01,0.000000000000000000e+00,0.000000000000000000e+00
9.311277944204391366e-01,0.000000000000000000e+00,0.000000000000000000e+00
9.322232388844631235e-01,0.000000000000000000e+00,0.000000000000000000e+00
9.333186833484871103e-01,0.000000000000000000e+00,0.000000000000000000e+00
9.344141278125112082e-01,0.000000000000000000e+00,0.000000000000000000e+00
9.355095722765351951e-01,0.000000000000000000e+00,0.000000000000000000e+00
9.366050167405594040e-01,0.000000000000000000e+00,0.000000000000000000e+00
9.377004612045833909e-01,0.000000000000000000e+00,0.000000000000000000e+00
9.387959056686074888e-01,0.000000000000000000e+00,0.000000000000000000e+00
9.398913501326314757e-01,0.000000000000000000e+00,0.000000000000000000e+00
9.409867945966554625e-01,0.000000000000000000e+00,0.000000000000000000e+00
9.420822390606795604e-01,0.000000000000000000e+00,0.000000000000000000e+00
9.431776835247035473e-01,0.000000000000000000e+00,0.000000000000000000e+00
9.442731279887275342e-01,0.000000000000000000e+00,0.000000000000000000e+00
9.453685724527517431e-01,0.000000000000000000e+00,0.000000000000000000e+00
9.464640169167758410e-01,0.000000000000000000e+00,0.000000000000000000e+00
9.475594613807998279e-01,0.000000000000000000e+00,0.000000000000000000e+00
9.486549058448238148e-01,0.000000000000000000e+00,0.000000000000000000e+00
9.497503503088479127e-01,0.000000000000000000e+00,0.000000000000000000e+00
9.508457947728718995e-01,0.000000000000000000e+00,0.000000000000000000e+00
9.519412392368958864e-01,0.000000000000000000e+00,0.000000000000000000e+00
9.530366837009199843e-01,0.000000000000000000e+00,0.000000000000000000e+00
9.541321281649441932e-01,0.000000000000000000e+00,0.000000000000000000e+00
9.552275726289681801e-01,0.000000000000000000e+00,0.000000000000000000e+00
9.563230170929921670e-01,0.000000000000000000e+00,0.000000000000000000e+00
9.574184615570162649e-01,0.000000000000000000e+00,0.000000000000000000e+00
9.585139060210402517e-01,0.000000000000000000e+00,0.000000000000000000e+00
9.596093504850642386e-01,0.000000000000000000e+00,0.000000000000000000e+00
9.607047949490883365e-01,0.000000000000000000e+00,0.000000000000000000e+00
9.618002394131123234e-01,0.000000000000000000e+00,0.000000000000000000e+00
9.628956838771363103e-01,0.000000000000000000e+00,0.000000000000000000e+00
9.639911283411605192e-01,0.000000000000000000e+00,0.000000000000000000e+00
9.650865728051846171e-01,0.000000000000000000e+00,0.000000000000000000e+00
9.661820172692086039e-01,0.000000000000000000e+00,0.000000000000000000e+00
9.672774617332325908e-01,0.000000000000000000e+00,0.000000000000000000e+00
9.683729061972566887e-01,0.000000000000000000e+00,0.000000000000000000e+00
9.694683506612806756e-01,0.000000000000000000e+00,0.000000000000000000e+00
9.705637951253046625e-01,0.000000000000000000e+00,0.000000000000000000e+00
9.716592395893287604e-01,0.000000000000000000e+00,0.000000000000000000e+00
9.727546840533529693e-01,0.000000000000000000e+00,0.000000000000000000e+00
9.738501285173769562e-01,0.000000000000000000e+00,0.000000000000000000e+00
9.749455729814009430e-01,0.000000000000000000e+00,0.000000000000000000e+00
9.760410174454250409e-01,0.000000000000000000e+00,0.000000000000000000e+00
9.771364619094490278e-01,0.000000000000000000e+00,0.000000000000000000e+00
9.782319063734730147e-01,0.000000000000000000e+00,0.000000000000000000e+00
9.793273508374971126e-01,0.000000000000000000e+00,0.000000000000000000e+00
9.804227953015210995e-01,0.000000000000000000e+00,0.000000000000000000e+00
9.815182397655453084e-01,0.000000000000000000e+00,0.000000000000000000e+00
9.826136842295692952e-01,0.000000000000000000e+00,0.000000000000000000e+00
9.837091286935933931e-01,0.000000000000000000e+00,0.000000000000000000e+00
9.848045731576173800e-01,0.000000000000000000e+00,0.000000000000000000e+00
9.859000176216413669e-01,0.000000000000000000e+00,0.000000000000000000e+00
9.869954620856654648e-01,0.000000000000000000e+00,0.000000000000000000e+00
9.880909065496894517e-01,0.000000000000000000e+00,0.000000000000000000e+00
9.891863510137134385e-01,0.000000000000000000e+00,0.000000000000000000e+00
9.902817954777375364e-01,0.000000000000000000e+00,0.000000000000000000e+00
9.913772399417617454e-01,0.000000000000000000e+00,0.000000000000000000e+00
9.924726844057857322e-01,0.000000000000000000e+00,0.000000000000000000e+00
9.935681288698097191e-01,0.000000000000000000e+00,0.000000000000000000e+00
9.946635733338338170e-01,0.000000000000000000e+00,0.000000000000000000e+00
9.957590177978578039e-01,0.000000000000000000e+00,0.000000000000000000e+00
9.968544622618817908e-01,0.000000000000000000e+00,0.000000000000000000e+00
9.979499067259058886e-01,0.000000000000000000e+00,0.000000000000000000e+00
9.990453511899298755e-01,0.000000000000000000e+00,0.000000000000000000e+00
1.000140795653954084e+00,0.000000000000000000e+00,0.000000000000000000e+00
1.001236240117978182e+00,0.000000000000000000e+00,0.000000000000000000e+00
1.002331684582002058e+00,0.000000000000000000e+00,0.000000000000000000e+00
1.003427129046026156e+00,0.000000000000000000e+00,0.000000000000000000e+00
1.004522573510050254e+00,0.000000000000000000e+00,0.000000000000000000e+00
1.005618017974074130e+00,0.000000000000000000e+00,0.000000000000000000e+00
1.006713462438098228e+00,0.000000000000000000e+00,0.000000000000000000e+00
1.007808906902122326e+00,0.000000000000000000e+00,0.000000000000000000e+00
1.008904351366146424e+00,0.000000000000000000e+00,0.000000000000000000e+00
1.009999795830170521e+00,0.000000000000000000e+00,0.000000000000000000e+00
1.011095240294194397e+00,0.000000000000000000e+00,0.000000000000000000e+00
1.012190684758218495e+00,0.000000000000000000e+00,0.000000000000000000e+00
1.013286129222242593e+00,0.000000000000000000e+00,0.000000000000000000e+00
1.014381573686266469e+00,0.000000000000000000e+00,0.000000000000000000e+00
1.015477018150290567e+00,0.000000000000000000e+00,0.000000000000000000e+00
1.016572462614314665e+00,0.000000000000000000e+00,0.000000000000000000e+00
1.017667907078338541e+00,0.000000000000000000e+00,0.000000000000000000e+00
1.018763351542362861e+00,0.000000000000000000e+00,0.000000000000000000e+00
1.019858796006386958e+00,0.000000000000000000e+00,0.000000000000000000e+00
1.020954240470410834e+00,0.000000000000000000e+00,0.000000000000000000e+00
1.022049684934434932e+00,0.000000000000000000e+00,0.000000000000000000e+00
1.023145129398459030e+00,0.000000000000000000e+00,0.000000000000000000e+00
1.024240573862482906e+00,0.000000000000000000e+00,0.000000000000000000e+00
1.025336018326507004e+00,0.000000000000000000e+00,0.000000000000000000e+00
1.026431462790531102e+00,0.000000000000000000e+00,0.000000000000000000e+00
1.027526907254555200e+00,0.000000000000000000e+00,0.000000000000000000e+00
1.028622351718579297e+00,0.000000000000000000e+00,0.000000000000000000e+00
1.029717796182603173e+00,0.000000000000000000e+00,0.000000000000000000e+00
1.030813240646627271e+00,0.000000000000000000e+00,0.000000000000000000e+00
1.031908685110651369e+00,0.000000000000000000e+00,0.000000000000000000e+00
1.033004129574675245e+00,0.000000000000000000e+00,0.000000000000000000e+00
1.034099574038699343e+00,0.000000000000000000e+00,0.000000000000000000e+00
1.035195018502723441e+00,0.000000000000000000e+00,0.000000000000000000e+00
1.036290462966747539e+00,0.000000000000000000e+00,0.000000000000000000e+00
1.037385907430771637e+00,0.000000000000000000e+00,0.000000000000000000e+00
1.038481351894795734e+00,0.000000000000000000e+00,0.000000000000000000e+00
1.039576796358819610e+00,0.000000000000000000e+00,0.000000000000000000e+00
1.040672240822843708e+00,0.000000000000000000e+00,0.000000000000000000e+00
1.041767685286867806e+00,0.000000000000000000e+00,0.000000000000000000e+00
1.042863129750891682e+00,0.000000000000000000e+00,0.000000000000000000e+00
1.043958574214915780e+00,0.000000000000000000e+00,0.000000000000000000e+00
1.045054018678939878e+00,0.000000000000000000e+00,0.000000000000000000e+00
1.046149463142963976e+00,0.000000000000000000e+00,0.000000000000000000e+00
1.047244907606988074e+00,0.000000000000000000e+00,0.000000000000000000e+00
1.048340352071011949e+00,0.000000000000000000e+00,0.000000000000000000e+00
1.049435796535036047e+00,0.000000000000000000e+00,0.000000000000000000e+00
1.050531240999060145e+00,0.000000000000000000e+00,0.000000000000000000e+00
1.051626685463084021e+00,0.000000000000000000e+00,0.000000000000000000e+00
1.052722129927108119e+00,0.000000000000000000e+00,0.000000000000000000e+00
1.053817574391132217e+00,0.000000000000000000e+00,0.000000000000000000e+00
1.054913018855156315e+00,0.000000000000000000e+00,0.000000000000000000e+00
1.056008463319180413e+00,0.000000000000000000e+00,0.000000000000000000e+00
1.057103907783204511e+00,0.000000000000000000e+00,0.000000000000000000e+00
1.058199352247228386e+00,0.000000000000000000e+00,0.000000000000000000e+00
1.059294796711252484e+00,0.000000000000000000e+00,0.000000000000000000e+00
1.060390241175276582e+00,0.000000000000000000e+00,0.000000000000000000e+00
1.061485685639300458e+00,0.000000000000000000e+00,0.000000000000000000e+00
1.062581130103324556e+00,0.000000000000000000e+00,0.000000000000000000e+00
1.063676574567348654e+00,0.000000000000000000e+00,0.000000000000000000e+00
1.064772019031372752e+00,0.000000000000000000e+00,0.000000000000000000e+00
1.065867463495396850e+00,0.000000000000000000e+00,0.000000000000000000e+00
1.066962907959420725e+00,0.000000000000000000e+00,0.000000000000000000e+00
1.068058352423444823e+00,0.000000000000000000e+00,0.000000000000000000e+00
1.069153796887468921e+00,0.000000000000000000e+00,0.000000000000000000e+00
1.070249241351492797e+00,0.000000000000000000e+00,0.000000000000000000e+00
1.071344685815516895e+00,0.000000000000000000e+00,0.000000000000000000e+00
1.072440130279540993e+00,0.000000000000000000e+00,0.000000000000000000e+00
1.073535574743565091e+00,0.000000000000000000e+00,0.000000000000000000e+00
1.074631019207589189e+00,0.000000000000000000e+00,0.000000000000000000e+00
1.075726463671613287e+00,0.000000000000000000e+00,0.000000000000000000e+00
1.076821908135637162e+00,0.000000000000000000e+00,0.000000000000000000e+00
1.077917352599661260e+00,0.000000000000000000e+00,0.000000000000000000e+00
1.079012797063685358e+00,0.000000000000000000e+00,0.000000000000000000e+00
1.080108241527709234e+00,0.000000000000000000e+00,0.000000000000000000e+00
1.081203685991733332e+00,0.000000000000000000e+00,0.000000000000000000e+00
1.082299130455757430e+00,0.000000000000000000e+00,0.000000000000000000e+00
1.083394574919781528e+00,0.000000000000000000e+00,0.000000000000000000e+00
1.084490019383805626e+00,0.000000000000000000e+00,0.000000000000000000e+00
1.085585463847829502e+00,0.000000000000000000e+00,0.000000000000000000e+00
1.086680908311853599e+00,0.000000000000000000e+00,0.000000000000000000e+00
1.087776352775877697e+00,0.000000000000000000e+00,0.000000000000000000e+00
1.088871797239901573e+00,0.000000000000000000e+00,0.000000000000000000e+00
1.089967241703925671e+00,0.000000000000000000e+00,0.000000000000000000e+00
1.091062686167949991e+00,0.000000000000000000e+00,0.000000000000000000e+00
1.092158130631973867e+00,0.000000000000000000e+00,0.000000000000000000e+00
1.093253575095997965e+00,0.000000000000000000e+00,0.000000000000000000e+00
1.094349019560022063e+00,0.000000000000000000e+00,0.000000000000000000e+00
1.095444464024045939e+00,0.000000000000000000e+00,0.000000000000000000e+00
1.096539908488070036e+00,0.000000000000000000e+00,0.000000000000000000e+00
1.097635352952094134e+00,0.000000000000000000e+00,0.000000000000000000e+00
1.098730797416118010e+00,0.000000000000000000e+00,0.000000000000000000e+00
1.099826241880142108e+00,0.000000000000000000e+00,0.000000000000000000e+00
1.100921686344166206e+00,0.000000000000000000e+00,0.000000000000000000e+00
1.102017130808190304e+00,0.000000000000000000e+00,0.000000000000000000e+00
1.103112575272214402e+00,0.000000000000000000e+00,0.000000000000000000e+00
1.104208019736238278e+00,0.000000000000000000e+00,0.000000000000000000e+00
1.105303464200262376e+00,0.000000000000000000e+00,0.000000000000000000e+00
1.106398908664286473e+00,0.000000000000000000e+00,0.000000000000000000e+00
1.107494353128310349e+00,0.000000000000000000e+00,0.000000000000000000e+00
1.108589797592334447e+00,0.000000000000000000e+00,0.000000000000000000e+00
1.109685242056358767e+00,0.000000000000000000e+00,0.000000000000000000e+00
1.110780686520382643e+00,0.000000000000000000e+00,0.000000000000000000e+00
1.111876130984406741e+00,0.000000000000000000e+00,0.000000000000000000e+00
1.112971575448430839e+00,0.000000000000000000e+00,0.000000000000000000e+00
1.114067019912454715e+00,0.000000000000000000e+00,0.000000000000000000e+00
1.115162464376478813e+00,0.000000000000000000e+00,0.000000000000000000e+00
1.116257908840502910e+00,0.000000000000000000e+00,0.000000000000000000e+00
1.117353353304526786e+00,0.000000000000000000e+00,0.000000000000000000e+00
1.118448797768551106e+00,0.000000000000000000e+00,0.000000000000000000e+00
1.119544242232574982e+00,0.000000000000000000e+00,0.000000000000000000e+00
1.120639686696599080e+00,0.000000000000000000e+00,0.000000000000000000e+00
1.121735131160623178e+00,0.000000000000000000e+00,0.000000000000000000e+00
1.122830575624647054e+00,0.000000000000000000e+00,0.000000000000000000e+00
1.123926020088671152e+00,0.000000000000000000e+00,0.000000000000000000e+00
1.125021464552695249e+00,0.000000000000000000e+00,0.000000000000000000e+00
1.126116909016719125e+00,0.000000000000000000e+00,0.000000000000000000e+00
1.127212353480743223e+00,0.000000000000000000e+00,0.000000000000000000e+00
1.128307797944767543e+00,0.000000000000000000e+00,0.000000000000000000e+00
1.129403242408791419e+00,0.000000000000000000e+00,0.000000000000000000e+00
1.130498686872815517e+00,0.000000000000000000e+00,0.000000000000000000e+00
1.131594131336839615e+00,0.000000000000000000e+00,0.000000000000000000e+00
1.132689575800863491e+00,0.000000000000000000e+00,0.000000000000000000e+00
1.133785020264887589e+00,0.000000000000000000e+00,0.000000000000000000e+00
1.134880464728911686e+00,0.000000000000000000e+00,0.000000000000000000e+00
1.135975909192935562e+00,0.000000000000000000e+00,0.000000000000000000e+00
1.137071353656959882e+00,0.000000000000000000e+00,0.000000000000000000e+00
1.138166798120983758e+00,0.000000000000000000e+00,0.000000000000000000e+00
1.139262242585007856e+00,0.000000000000000000e+00,0.000000000000000000e+00
1.140357687049031954e+00,0.000000000000000000e+00,0.000000000000000000e+00
1.141453131513055830e+00,0.000000000000000000e+00,0.000000000000000000e+00
1.142548575977079928e+00,0.000000000000000000e+00,0.000000000000000000e+00
1.143644020441104026e+00,0.000000000000000000e+00,0.000000000000000000e+00
1.144739464905127901e+00,0.000000000000000000e+00,0.000000000000000000e+00
1.145834909369152221e+00,0.000000000000000000e+00,0.000000000000000000e+00
1.146930353833176319e+00,0.000000000000000000e+00,0.000000000000000000e+00
1.148025798297200195e+00,0.000000000000000000e+00,0.000000000000000000e+00
1.149121242761224293e+00,0.000000000000000000e+00,0.000000000000000000e+00
1.150216687225248391e+00,0.000000000000000000e+00,0.000000000000000000e+00
1.151312131689272267e+00,0.000000000000000000e+00,0.000000000000000000e+00
1.152407576153296365e+00,0.000000000000000000e+00,0.000000000000000000e+00
1.153503020617320463e+00,0.000000000000000000e+00,0.000000000000000000e+00
1.154598465081344338e+00,0.000000000000000000e+00,0.000000000000000000e+00
1.155693909545368658e+00,0.000000000000000000e+00,0.000000000000000000e+00
1.156789354009392534e+00,0.000000000000000000e+00,0.000000000000000000e+00
1.157884798473416632e+00,0.000000000000000000e+00,0.000000000000000000e+00
1.158980242937440730e+00,0.000000000000000000e+00,0.000000000000000000e+00
1.160075687401464606e+00,0.000000000000000000e+00,0.000000000000000000e+00
1.161171131865488704e+00,0.000000000000000000e+00,0.000000000000000000e+00
1.162266576329512802e+00,0.000000000000000000e+00,0.000000000000000000e+00
1.163362020793536677e+00,0.000000000000000000e+00,0.000000000000000000e+00
1.164457465257560997e+00,0.000000000000000000e+00,0.000000000000000000e+00
1.165552909721585095e+00,0.000000000000000000e+00,0.000000000000000000e+00
1.166648354185608971e+00,0.000000000000000000e+00,0.000000000000000000e+00
1.167743798649633069e+00,0.000000000000000000e+00,0.000000000000000000e+00
1.168839243113657167e+00,0.000000000000000000e+00,0.000000000000000000e+00
1.169934687577681043e+00,0.000000000000000000e+00,0.000000000000000000e+00
1.171030132041705141e+00,0.000000000000000000e+00,0.000000000000000000e+00
1.172125576505729239e+00,0.000000000000000000e+00,0.000000000000000000e+00
1.173221020969753337e+00,0.000000000000000000e+00,0.000000000000000000e+00
1.174316465433777434e+00,0.000000000000000000e+00,0.000000000000000000e+00
1.175411909897801310e+00,0.000000000000000000e+00,0.000000000000000000e+00
1.176507354361825408e+00,0.000000000000000000e+00,0.000000000000000000e+00
1.177602798825849506e+00,0.000000000000000000e+00,0.000000000000000000e+00
1.178698243289873382e+00,0.000000000000000000e+00,0.000000000000000000e+00
1.179793687753897480e+00,0.000000000000000000e+00,0.000000000000000000e+00
1.180889132217921578e+00,0.000000000000000000e+00,0.000000000000000000e+00
1.181984576681945454e+00,0.000000000000000000e+00,0.000000000000000000e+00
1.183080021145969773e+00,0.000000000000000000e+00,0.000000000000000000e+00
1.184175465609993871e+00,0.000000000000000000e+00,0.000000000000000000e+00
1.185270910074017747e+00,0.000000000000000000e+00,0.000000000000000000e+00
1.186366354538041845e+00,0.000000000000000000e+00,0.000000000000000000e+00
1.187461799002065943e+00,0.000000000000000000e+00,0.000000000000000000e+00
1.188557243466089819e+00,0.000000000000000000e+00,0.000000000000000000e+00
1.189652687930113917e+00,0.000000000000000000e+00,0.000000000000000000e+00
1.190748132394138015e+00,0.000000000000000000e+00,0.000000000000000000e+00
1.191843576858162113e+00,0.000000000000000000e+00,0.000000000000000000e+00
1.192939021322186210e+00,0.000000000000000000e+00,0.000000000000000000e+00
1.194034465786210086e+00,0.000000000000000000e+00,0.000000000000000000e+00
1.195129910250234184e+00,0.000000000000000000e+00,0.000000000000000000e+00
1.196225354714258282e+00,0.000000000000000000e+00,0.000000000000000000e+00
1.197320799178282158e+00,0.000000000000000000e+00,0.000000000000000000e+00
1.198416243642306256e+00,0.000000000000000000e+00,0.000000000000000000e+00
1.199511688106330354e+00,0.000000000000000000e+00,0.000000000000000000e+00
1.200607132570354452e+00,0.000000000000000000e+00,0.000000000000000000e+00
1.201702577034378550e+00,0.000000000000000000e+00,0.000000000000000000e+00
1.202798021498402647e+00,0.000000000000000000e+00,0.000000000000000000e+00
1.203893465962426523e+00,0.000000000000000000e+00,0.000000000000000000e+00
1.204988910426450621e+00,0.000000000000000000e+00,0.000000000000000000e+00
1.206084354890474719e+00,0.000000000000000000e+00,0.000000000000000000e+00
1.207179799354498595e+00,0.000000000000000000e+00,0.000000000000000000e+00
1.208275243818522693e+00,0.000000000000000000e+00,0.000000000000000000e+00
1.209370688282546791e+00,0.000000000000000000e+00,0.000000000000000000e+00
1.210466132746570889e+00,0.000000000000000000e+00,0.000000000000000000e+00
1.211561577210594987e+00,0.000000000000000000e+00,0.000000000000000000e+00
1.212657021674618862e+00,0.000000000000000000e+00,0.000000000000000000e+00
1.213752466138642960e+00,0.000000000000000000e+00,0.000000000000000000e+00
1.214847910602667058e+00,0.000000000000000000e+00,0.000000000000000000e+00
1.215943355066690934e+00,0.000000000000000000e+00,0.000000000000000000e+00
1.217038799530715032e+00,0.000000000000000000e+00,0.000000000000000000e+00
1.218134243994739130e+00,0.000000000000000000e+00,0.000000000000000000e+00
1.219229688458763228e+00,0.000000000000000000e+00,0.000000000000000000e+00
1.220325132922787326e+00,0.000000000000000000e+00,0.000000000000000000e+00
1.221420577386811424e+00,0.000000000000000000e+00,0.000000000000000000e+00
1.222516021850835299e+00,0.000000000000000000e+00,0.000000000000000000e+00
1.223611466314859397e+00,0.000000000000000000e+00,0.000000000000000000e+00
1.224706910778883495e+00,0.000000000000000000e+00,0.000000000000000000e+00
1.225802355242907371e+00,0.000000000000000000e+00,0.000000000000000000e+00
1.226897799706931469e+00,0.000000000000000000e+00,0.000000000000000000e+00
1.227993244170955567e+00,0.000000000000000000e+00,0.000000000000000000e+00
1.229088688634979665e+00,0.000000000000000000e+00,0.000000000000000000e+00
1.230184133099003763e+00,0.000000000000000000e+00,0.000000000000000000e+00
1.231279577563027638e+00,0.000000000000000000e+00,0.000000000000000000e+00
1.232375022027051736e+00,0.000000000000000000e+00,0.000000000000000000e+00
1.233470466491075834e+00,0.000000000000000000e+00,0.000000000000000000e+00
1.234565910955099710e+00,0.000000000000000000e+00,0.000000000000000000e+00
1.235661355419123808e+00,0.000000000000000000e+00,0.000000000000000000e+00
1.236756799883147906e+00,0.000000000000000000e+00,0.000000000000000000e+00
1.237852244347172004e+00,0.000000000000000000e+00,0.000000000000000000e+00
1.238947688811196102e+00,0.000000000000000000e+00,0.000000000000000000e+00
1.240043133275220200e+00,0.000000000000000000e+00,0.000000000000000000e+00
1.241138577739244075e+00,0.000000000000000000e+00,0.000000000000000000e+00
1.242234022203268173e+00,0.000000000000000000e+00,0.000000000000000000e+00
1.243329466667292271e+00,0.000000000000000000e+00,0.000000000000000000e+00
1.244424911131316147e+00,0.000000000000000000e+00,0.000000000000000000e+00
1.245520355595340245e+00,0.000000000000000000e+00,0.000000000000000000e+00
1.246615800059364343e+00,0.000000000000000000e+00,0.000000000000000000e+00
1.247711244523388441e+00,0.000000000000000000e+00,0.000000000000000000e+00
1.248806688987412539e+00,0.000000000000000000e+00,0.000000000000000000e+00
1.249902133451436415e+00,0.000000000000000000e+00,0.000000000000000000e+00
1.250997577915460512e+00,0.000000000000000000e+00,0.000000000000000000e+00
1.252093022379484610e+00,0.000000000000000000e+00,0.000000000000000000e+00
1.253188466843508486e+00,0.000000000000000000e+00,0.000000000000000000e+00
1.254283911307532584e+00,0.000000000000000000e+00,0.000000000000000000e+00
1.255379355771556904e+00,0.000000000000000000e+00,0.000000000000000000e+00
1.256474800235580780e+00,0.000000000000000000e+00,0.000000000000000000e+00
1.257570244699604878e+00,0.000000000000000000e+00,0.000000000000000000e+00
1.258665689163628976e+00,0.000000000000000000e+00,0.000000000000000000e+00
1.259761133627652852e+00,0.000000000000000000e+00,0.000000000000000000e+00
1.260856578091676949e+00,0.000000000000000000e+00,0.000000000000000000e+00
1.261952022555701047e+00,0.000000000000000000e+00,0.000000000000000000e+00
1.263047467019724923e+00,0.000000000000000000e+00,0.000000000000000000e+00
1.264142911483749021e+00,0.000000000000000000e+00,0.000000000000000000e+00
1.265238355947773119e+00,0.000000000000000000e+00,0.000000000000000000e+00
1.266333800411797217e+00,0.000000000000000000e+00,0.000000000000000000e+00
1.267429244875821315e+00,0.000000000000000000e+00,0.000000000000000000e+00
1.268524689339845191e+00,0.000000000000000000e+00,0.000000000000000000e+00
1.269620133803869289e+00,0.000000000000000000e+00,0.000000000000000000e+00
1.270715578267893386e+00,0.000000000000000000e+00,0.000000000000000000e+00
1.271811022731917262e+00,0.000000000000000000e+00,0.000000000000000000e+00
1.272906467195941360e+00,0.000000000000000000e+00,0.000000000000000000e+00
1.274001911659965680e+00,0.000000000000000000e+00,0.000000000000000000e+00
1.275097356123989556e+00,0.000000000000000000e+00,0.000000000000000000e+00
1.276192800588013654e+00,0.000000000000000000e+00,0.000000000000000000e+00
1.277288245052037752e+00,0.000000000000000000e+00,0.000000000000000000e+00
1.278383689516061628e+00,0.000000000000000000e+00,0.000000000000000000e+00
1.279479133980085725e+00,0.000000000000000000e+00,0.000000000000000000e+00
1.280574578444109823e+00,0.000000000000000000e+00,0.000000000000000000e+00
1.281670022908133699e+00,0.000000000000000000e+00,0.000000000000000000e+00
1.282765467372158019e+00,0.000000000000000000e+00,0.000000000000000000e+00
1.283860911836181895e+00,0.000000000000000000e+00,0.000000000000000000e+00
1.284956356300205993e+00,0.000000000000000000e+00,0.000000000000000000e+00
1.286051800764230091e+00,0.000000000000000000e+00,0.000000000000000000e+00
1.287147245228253967e+00,0.000000000000000000e+00,0.000000000000000000e+00
1.288242689692278065e+00,0.000000000000000000e+00,0.000000000000000000e+00
1.289338134156302162e+00,0.000000000000000000e+00,0.000000000000000000e+00
1.290433578620326038e+00,0.000000000000000000e+00,0.000000000000000000e+00
1.291529023084350136e+00,0.000000000000000000e+00,0.000000000000000000e+00
1.292624467548374456e+00,0.000000000000000000e+00,0.000000000000000000e+00
1.293719912012398332e+00,0.000000000000000000e+00,0.000000000000000000e+00
1.294815356476422430e+00,0.000000000000000000e+00,0.000000000000000000e+00
1.295910800940446528e+00,0.000000000000000000e+00,0.000000000000000000e+00
1.297006245404470404e+00,0.000000000000000000e+00,0.000000000000000000e+00
1.298101689868494502e+00,0.000000000000000000e+00,0.000000000000000000e+00
1.299197134332518377e+00,0.000000000000000000e+00,0.000000000000000000e+00
1.300292578796542475e+00,0.000000000000000000e+00,0.000000000000000000e+00
1.301388023260566795e+00,0.000000000000000000e+00,0.000000000000000000e+00
1.302483467724590671e+00,0.000000000000000000e+00,0.000000000000000000e+00
1.303578912188614769e+00,0.000000000000000000e+00,0.000000000000000000e+00
1.304674356652638867e+00,0.000000000000000000e+00,0.000000000000000000e+00
1.305769801116662743e+00,0.000000000000000000e+00,0.000000000000000000e+00
1.306865245580686841e+00,0.000000000000000000e+00,0.000000000000000000e+00
1.307960690044710939e+00,0.000000000000000000e+00,0.000000000000000000e+00
1.309056134508734814e+00,0.000000000000000000e+00,0.000000000000000000e+00
1.310151578972759134e+00,0.000000000000000000e+00,0.000000000000000000e+00
1.311247023436783232e+00,0.000000000000000000e+00,0.000000000000000000e+00
1.312342467900807108e+00,0.000000000000000000e+00,0.000000000000000000e+00
1.313437912364831206e+00,0.000000000000000000e+00,0.000000000000000000e+00
1.314533356828855304e+00,0.000000000000000000e+00,0.000000000000000000e+00
1.315628801292879180e+00,0.000000000000000000e+00,0.000000000000000000e+00
1.316724245756903278e+00,0.000000000000000000e+00,0.000000000000000000e+00
1.317819690220927153e+00,0.000000000000000000e+00,0.000000000000000000e+00
1.318915134684951251e+00,0.000000000000000000e+00,0.000000000000000000e+00
1.320010579148975571e+00,0.000000000000000000e+00,0.000000000000000000e+00
1.321106023612999447e+00,0.000000000000000000e+00,0.000000000000000000e+00
1.322201468077023545e+00,0.000000000000000000e+00,0.000000000000000000e+00
1.323296912541047643e+00,0.000000000000000000e+00,0.000000000000000000e+00
1.324392357005071519e+00,0.000000000000000000e+00,0.000000000000000000e+00
1.325487801469095617e+00,0.000000000000000000e+00,0.000000000000000000e+00
1.326583245933119715e+00,0.000000000000000000e+00,0.000000000000000000e+00
1.327678690397143590e+00,0.000000000000000000e+00,0.000000000000000000e+00
1.328774134861167910e+00,0.000000000000000000e+00,0.000000000000000000e+00
1.329869579325192008e+00,0.000000000000000000e+00,0.000000000000000000e+00
1.330965023789215884e+00,0.000000000000000000e+00,0.000000000000000000e+00
1.332060468253239982e+00,0.000000000000000000e+00,0.000000000000000000e+00
1.333155912717263858e+00,0.000000000000000000e+00,0.000000000000000000e+00
1.334251357181287956e+00,0.000000000000000000e+00,0.000000000000000000e+00
1.335346801645312054e+00,0.000000000000000000e+00,0.000000000000000000e+00
1.336442246109335930e+00,0.000000000000000000e+00,0.000000000000000000e+00
1.337537690573360250e+00,0.000000000000000000e+00,0.000000000000000000e+00
1.338633135037384347e+00,0.000000000000000000e+00,0.000000000000000000e+00
1.339728579501408223e+00,0.000000000000000000e+00,0.000000000000000000e+00
1.340824023965432321e+00,0.000000000000000000e+00,0.000000000000000000e+00
1.341919468429456419e+00,0.000000000000000000e+00,0.000000000000000000e+00
1.343014912893480295e+00,0.000000000000000000e+00,0.000000000000000000e+00
1.344110357357504393e+00,0.000000000000000000e+00,0.000000000000000000e+00
1.345205801821528491e+00,0.000000000000000000e+00,0.000000000000000000e+00
1.346301246285552367e+00,0.000000000000000000e+00,0.000000000000000000e+00
1.347396690749576686e+00,0.000000000000000000e+00,0.000000000000000000e+00
1.348492135213600562e+00,0.000000000000000000e+00,0.000000000000000000e+00
1.349587579677624660e+00,0.000000000000000000e+00,0.000000000000000000e+00
1.350683024141648758e+00,0.000000000000000000e+00,0.000000000000000000e+00
1.351778468605672634e+00,0.000000000000000000e+00,0.000000000000000000e+00
1.352873913069696732e+00,0.000000000000000000e+00,0.000000000000000000e+00
1.353969357533720830e+00,0.000000000000000000e+00,0.000000000000000000e+00
1.355064801997744706e+00,0.000000000000000000e+00,0.000000000000000000e+00
1.356160246461769026e+00,0.000000000000000000e+00,0.000000000000000000e+00
1.357255690925793123e+00,0.000000000000000000e+00,0.000000000000000000e+00
1.358351135389816999e+00,0.000000000000000000e+00,0.000000000000000000e+00
1.359446579853841097e+00,0.000000000000000000e+00,0.000000000000000000e+00
1.360542024317865195e+00,0.000000000000000000e+00,0.000000000000000000e+00
1.361637468781889071e+00,0.000000000000000000e+00,0.000000000000000000e+00
1.362732913245913169e+00,0.000000000000000000e+00,0.000000000000000000e+00
1.363828357709937267e+00,0.000000000000000000e+00,0.000000000000000000e+00
1.364923802173961365e+00,0.000000000000000000e+00,0.000000000000000000e+00
1.366019246637985463e+00,0.000000000000000000e+00,0.000000000000000000e+00
1.367114691102009338e+00,0.000000000000000000e+00,0.000000000000000000e+00
1.368210135566033436e+00,0.000000000000000000e+00,0.000000000000000000e+00
1.369305580030057534e+00,0.000000000000000000e+00,0.000000000000000000e+00
