# omega(Hartree) S(1/Hartree) dS(1/Hartree)
1.095444464024046072e-03,3.453404278025410168e+00,1.712615682871537004e+01
2.190888928048092144e-03,3.443380089573164327e+00,5.998562574503012890e+00
3.286333392072138000e-03,3.439536333908456811e+00,3.205501319678887739e+00
4.381777856096184288e-03,3.441395996254189349e+00,2.246768323376059140e+00
5.477222320120230144e-03,3.448533638224449582e+00,1.755529002759287138e+00
6.572666784144275999e-03,3.460567736998197752e+00,1.478397390118074917e+00
7.668111248168322722e-03,3.477154200599151590e+00,1.350909867143312848e+00
8.763555712192368577e-03,3.497980864969273629e+00,1.300336632419131000e+00
9.859000176216414432e-03,3.522762814193845404e+00,1.280202395326526021e+00
1.095444464024046029e-02,3.551238393850944863e+00,1.272499110041406256e+00
1.204988910426450614e-02,3.583165810505513527e+00,1.272186882890675497e+00
1.314533356828855200e-02,3.618320228967880414e+00,1.277825696158310098e+00
1.424077803231259785e-02,3.656491294011106952e+00,1.288437322334582191e+00
1.533622249633664544e-02,3.697481015488354394e+00,1.302961612941443192e+00
1.643166696036068783e-02,3.741101965760162074e+00,1.320374079260754785e+00
1.752711142438473715e-02,3.787175746490693662e+00,1.339824795085383657e+00
1.862255588840878301e-02,3.835531688541641504e+00,1.360683155313519466e+00
1.971800035243282886e-02,3.886005754162768611e+00,1.382516650014764092e+00
2.081344481645687472e-02,3.938439615190005405e+00,1.405044276309578066e+00
2.190888928048092057e-02,3.992679884676050062e+00,1.428088976843306046e+00
2.300433374450496643e-02,4.048577482456159338e+00,1.451538983860009902e+00
2.409977820852901229e-02,4.105987117711730860e+00,1.475319944402924577e+00
2.519522267255305814e-02,4.164766873719229601e+00,1.499376352311355687e+00
2.629066713657710400e-02,4.224777881762909360e+00,1.523659954409635642e+00
2.738611160060114985e-02,4.285884072685973933e+00,1.548122955138610202e+00
2.848155606462519571e-02,4.347951995832767480e+00,1.572714346167072286e+00
2.957700052864924503e-02,4.410850696215288025e+00,1.597378155131114141e+00
3.067244499267329089e-02,4.474451641675041280e+00,1.622052828669035218e+00
3.176788945669733327e-02,4.538628692618273952e+00,1.646671236894452495e+00
3.286333392072137566e-02,4.603258107620277428e+00,1.671160980531963158e+00
3.395877838474542498e-02,4.668218578801626606e+00,1.695444825203722417e+00
3.505422284876947431e-02,4.733391291487376584e+00,1.719441146821614419e+00
3.614966731279351669e-02,4.798660003114791905e+00,1.743064340208994922e+00
3.724511177681756602e-02,4.863911136866195584e+00,1.766225164893311383e+00
3.834055624084160840e-02,4.929033885910961033e+00,1.788831034444499757e+00
3.943600070486565773e-02,4.993920324551242906e+00,1.810786266450139514e+00
4.053144516888970011e-02,5.058465522933386360e+00,1.831992338890680694e+00
4.162688963291374944e-02,5.122567662351793061e+00,1.852348220472613383e+00
4.272233409693779183e-02,5.186128148494294265e+00,1.871750877581780603e+00
4.381777856096184115e-02,5.249051720304257707e+00,1.890096103410741080e+00
4.491322302498588354e-02,5.311246552431121870e+00,1.907279867506379789e+00
4.600866748900993286e-02,5.372624349526805787e+00,1.923200450329620725e+00
4.710411195303397525e-02,5.433100430917122026e+00,1.937761680747473569e+00
4.819955641705802457e-02,5.492593804431547433e+00,1.950877660073697228e+00
4.929500088108207390e-02,5.551027228415245318e+00,1.962479337732624174e+00
5.039044534510611628e-02,5.608327261173595701e+00,1.972523218956439006e+00
5.148588980913015867e-02,5.664424297309222922e+00,1.981002190363223114e+00
5.258133427315420799e-02,5.719252590607751152e+00,1.987957864590047530e+00
5.367677873717825038e-02,5.772750263307401930e+00,1.993492794721092753e+00
5.477222320120229970e-02,5.824859301753453344e+00,1.997779298903359368e+00
5.586766766522634903e-02,5.875525538586864549e+00,2.001059509342561160e+00
5.696311212925039141e-02,5.924698621751596228e+00,2.003629162874186687e+00
5.805855659327444074e-02,5.972331970723332439e+00,2.005797174977880015e+00
5.915400105729849006e-02,6.018382720468197000e+00,2.007817769092763882e+00
6.024944552132253245e-02,6.062811653729029970e+00,2.009808478894718142e+00
6.134488998534658177e-02,6.105583122314907740e+00,2.011705790774773295e+00
6.244033444937061722e-02,6.146664958131763612e+00,2.013382377548402768e+00
6.353577891339466654e-02,6.186028374744386049e+00,2.015160875048376710e+00
6.463122337741870893e-02,6.223647860297973011e+00,2.019080830448646946e+00
6.572666784144275132e-02,6.259501062657270687e+00,2.031270351675170893e+00
6.682211230546680758e-02,6.293568667638362868e+00,2.065227189345474557e+00
6.791755676949084997e-02,6.325834271217336102e+00,2.143973684404175462e+00
6.901300123351489235e-02,6.356284246601282995e+00,2.296219168881935779e+00
7.010844569753894862e-02,6.384907607038348587e+00,2.543524112095297607e+00
7.120389016156299100e-02,6.411695865231627600e+00,2.891625582624719470e+00
7.229933462558703339e-02,6.436642890200322320e+00,3.362547321042845816e+00
7.339477908961108965e-02,6.459744762407310326e+00,4.088270849827521758e+00
7.449022355363513204e-02,6.480999627943970332e+00,5.369742511977978694e+00
7.558566801765917442e-02,6.500407552529297028e+00,7.818751118614916784e+00
7.668111248168321681e-02,6.517970376046137382e+00,1.294973250268292730e+01
7.777655694570725919e-02,6.533691568299097696e+00,2.085434264729928699e+01
7.887200140973131546e-02,6.547576086640409798e+00,2.655461260976304416e+01
7.996744587375535784e-02,6.559630236070457698e+00,2.481629435072642309e+01
8.106289033777940023e-02,6.569861532378045155e+00,1.742542807605168065e+01
8.215833480180345649e-02,6.578278568847562902e+00,1.057922167737647712e+01
8.325377926582749888e-02,6.584890887018675087e+00,6.928550386148518925e+00
8.434922372985154126e-02,6.589708851946314283e+00,5.141135630571739945e+00
8.544466819387558365e-02,6.592743532371300397e+00,4.151978717651974904e+00
8.654011265789963991e-02,6.594006586173175144e+00,3.552716981908561777e+00
8.763555712192368230e-02,6.593510151449761381e+00,3.117333564272068536e+00
8.873100158594772469e-02,6.591266743520013627e+00,2.774513870108675562e+00
8.982644604997176707e-02,6.587289158133995848e+00,2.521314188277981483e+00
9.092189051399580946e-02,6.581590381129870160e+00,2.353392580538277823e+00
9.201733497801986572e-02,6.574183504757244556e+00,2.250995237032273444e+00
9.311277944204390811e-02,6.565081650859159623e+00,2.189519382491841526e+00
9.420822390606795049e-02,6.554297901080397892e+00,2.149611054420925704e+00
9.530366837009200676e-02,6.541845234249041852e+00,2.119938386302343769e+00
9.639911283411604914e-02,6.527736471055361811e+00,2.095445083665130159e+00
9.749455729814009153e-02,6.511984226135608900e+00,2.074638451578904697e+00
9.859000176216414779e-02,6.494600867647214670e+00,2.057509515585553839e+00
9.968544622618819018e-02,6.475598484407414368e+00,2.044344508903306767e+00
1.007808906902122326e-01,6.454988860648732896e+00,2.035211738897031442e+00
1.018763351542362888e-01,6.432783458430262336e+00,2.029845809612280672e+00
1.029717796182603173e-01,6.408993407727305858e+00,2.027716867390963351e+00
1.040672240822843597e-01,6.383629504205903693e+00,2.028154567783692741e+00
1.051626685463084160e-01,6.356702214673235041e+00,2.030461226860248214e+00
1.062581130103324584e-01,6.328221690177145753e+00,2.033990355941500461e+00
1.073535574743565008e-01,6.298197786710948876e+00,2.038189215122741871e+00
1.084490019383805570e-01,6.266640093459532324e+00,2.042613339163624975e+00
1.095444464024045994e-01,6.233557968503206759e+00,2.046922909259581314e+00
1.106398908664286418e-01,6.198960581871608255e+00,2.050869388731200171e+00
1.117353353304526981e-01,6.162856965816495780e+00,2.054278408469916606e+00
1.128307797944767404e-01,6.125256072144130037e+00,2.057032599782112836e+00
1.139262242585007828e-01,6.086166836418446913e+00,2.059056326708460727e+00
1.150216687225248391e-01,6.045598248813250919e+00,2.060303110465067977e+00
1.161171131865488815e-01,6.003559431356835674e+00,2.060745841129962397e+00
1.172125576505729239e-01,5.960059721272140898e+00,2.060369507417803003e+00
1.183080021145969801e-01,5.915108760075749927e+00,2.059166024362669933e+00
1.194034465786210225e-01,5.868716588052516947e+00,2.057130710144799313e+00
1.204988910426450649e-01,5.820893743675255472e+00,2.054260001798231094e+00
1.215943355066691212e-01,5.771651367489281093e+00,2.050550062849943345e+00
1.226897799706931635e-01,5.721001309926486478e+00,2.045996008025351642e+00
1.237852244347171921e-01,5.668956242460411410e+00,2.040591535407255019e+00
1.248806688987412344e-01,5.615529771455272545e+00,2.034328813316613083e+00
1.259761133627652907e-01,5.560736554004584775e+00,2.027198512255202534e+00
1.270715578267893331e-01,5.504592414996347216e+00,2.019189908584959614e+00
1.281670022908133755e-01,5.447114464583919791e+00,2.010291009771985049e+00
1.292624467548374179e-01,5.388321215184519453e+00,2.000488669203011050e+00
1.303578912188614602e-01,5.328232697069775092e+00,1.989768671471805472e+00
1.314533356828855026e-01,5.266870571576041549e+00,1.978115775036611179e+00
1.325487801469095728e-01,5.204258240884522380e+00,1.965513706045834086e+00
1.336442246109336152e-01,5.140420953320839814e+00,1.951945097821340624e+00
1.347396690749576575e-01,5.075385903057094694e+00,1.937391373388141824e+00
1.358351135389816999e-01,5.009182323091841305e+00,1.921832570274867535e+00
1.369305580030057423e-01,4.941841570363028957e+00,1.905247105961703546e+00
1.380260024670297847e-01,4.873397201845666160e+00,1.887611486372114733e+00
1.391214469310538548e-01,4.803885040494694003e+00,1.868899962807585302e+00
1.402168913950778972e-01,4.733343229916571637e+00,1.849084146755561875e+00
1.413123358591019396e-01,4.661812276688404921e+00,1.828132601012478098e+00
1.424077803231259820e-01,4.589335079297785391e+00,1.806010436279250841e+00
1.435032247871500244e-01,4.515956942743986957e+00,1.782678954164790719e+00
1.445986692511740668e-01,4.441725577926524338e+00,1.758095392040994076e+00
1.456941137151981369e-01,4.366691085049638765e+00,1.732212830239639345e+00
1.467895581792221793e-01,4.290905920388992989e+00,1.704980309295349716e+00
1.478850026432462217e-01,4.214424845900777150e+00,1.676343138510773656e+00
1.489804471072702641e-01,4.137304861303605641e+00,1.646243204303844188e+00
1.500758915712943065e-01,4.059605118424975068e+00,1.614618708662416635e+00
1.511713360353183488e-01,3.981386817779363874e+00,1.581402015516883752e+00
1.522667804993423912e-01,3.902713087529026570e+00,1.546512944041871451e+00
1.533622249633664336e-01,3.823648845170308341e+00,1.509842705714079081e+00
1.544576694273904760e-01,3.744260642484762869e+00,1.471220903123387158e+00
1.555531138914145184e-01,3.664616494491849785e+00,1.430356129337020388e+00
1.566485583554385608e-01,3.584785693336793866e+00,1.386745449570472077e+00
1.577440028194626309e-01,3.504838608238665110e+00,1.339575804047042018e+00
1.588394472834866733e-01,3.424846472805826991e+00,1.287732085802379522e+00
1.599348917475107157e-01,3.344881161198432373e+00,1.230271852680465905e+00
1.610303362115347581e-01,3.265014954772269551e+00,1.168279935194494357e+00
1.621257806755588005e-01,3.185320300977612096e+00,1.109913972965398177e+00
1.632212251395828428e-01,3.105869566402426951e+00,1.080118640336487301e+00
1.643166696036069130e-01,3.026734785940935701e+00,1.127265798017991205e+00
1.654121140676309554e-01,2.947987410140236353e+00,1.302838009115982132e+00
1.665075585316549978e-01,2.869698052812818645e+00,1.655818587291751021e+00
1.676030029956790401e-01,2.791936241017107356e+00,2.404538103859148457e+00
1.686984474597030825e-01,2.714770169490849039e+00,4.185468139205555715e+00
1.697938919237271249e-01,2.638266461576363131e+00,9.040760592685590069e+00
1.708893363877511673e-01,2.562489938601955064e+00,1.647807037764514959e+01
1.719847808517752374e-01,2.487503399585335728e+00,1.609818596773602550e+01
1.730802253157992798e-01,2.413367412998038031e+00,8.768855817393646390e+00
1.741756697798233222e-01,2.340140122183720361e+00,4.818697593091549436e+00
1.752711142438473646e-01,2.267877065852361262e+00,3.340551191849346679e+00
1.763665587078714070e-01,2.196631014898485112e+00,2.628023851877587358e+00
1.774620031718954494e-01,2.126451826579481619e+00,2.116804071888083616e+00
1.785574476359194918e-01,2.057386316898671463e+00,1.774368883125674312e+00
1.796528920999435341e-01,1.989478151816836515e+00,1.593034338332197875e+00
1.807483365639675765e-01,1.922767757705871494e+00,1.483245839399271793e+00
1.818437810279916189e-01,1.857292251243383818e+00,1.377129173246712801e+00
1.829392254920156613e-01,1.793085388742095443e+00,1.257461539973223630e+00
1.840346699560397314e-01,1.730177534706315967e+00,1.133212251704857954e+00
1.851301144200637738e-01,1.668595649221072064e+00,1.018791785269876016e+00
1.862255588840878162e-01,1.608363293603717548e+00,9.250823102460289382e-01
1.873210033481118586e-01,1.549500653589387822e+00,8.564698654794332677e-01
1.884164478121359010e-01,1.492024579179838106e+00,8.107629941672744867e-01
1.895118922761599434e-01,1.435948640161465839e+00,7.813704775979658512e-01
1.906073367401840135e-01,1.381283196195687291e+00,7.605916535511263454e-01
1.917027812042080559e-01,1.328035480299351034e+00,7.421784592197596675e-01
1.927982256682320983e-01,1.276209694470171963e+00,7.223090969245841153e-01
1.938936701322561407e-01,1.225807116166246713e+00,6.993678923789879986e-01
1.949891145962801831e-01,1.176826214322825415e+00,6.732558150846204015e-01
1.960845590603042254e-01,1.129262773581283463e+00,6.447027973777889054e-01
1.971800035243282956e-01,1.083110025412861832e+00,6.147616211124690144e-01
1.982754479883523380e-01,1.038358784842828397e+00,5.844989265884976692e-01
1.993708924523763804e-01,9.949975915168064455e-01,5.548363589842342236e-01
2.004663369164004227e-01,9.530128539000836119e-01,5.264858021421393586e-01
2.015617813804244651e-01,9.123889954573831673e-01,4.999353826399400291e-01
2.026572258444485075e-01,8.731086017289667600e-01,4.754602424319477882e-01
2.037526703084725777e-01,8.351525672906842113e-01,4.531458897708929845e-01
2.048481147724966200e-01,7.985002416647616341e-01,4.329197657716474801e-01
2.059435592365206347e-01,7.631295733294054529e-01,4.145891942001049268e-01
2.070390037005446771e-01,7.290172510589798538e-01,3.978832485537235897e-01
2.081344481645687194e-01,6.961388419113800907e-01,3.824946138260105211e-01
2.092298926285927896e-01,6.644689252626050369e-01,3.681169076038628973e-01
2.103253370926168320e-01,6.339812223710705741e-01,3.544737164604772617e-01
2.114207815566408744e-01,6.046487210343508556e-01,3.413374035895648251e-01
2.125162260206649167e-01,5.764437949775514936e-01,3.285377497471061448e-01
2.136116704846889591e-01,5.493383176851085459e-01,3.159620368004378843e-01
2.147071149487130015e-01,5.233037704565819404e-01,3.035489909212158999e-01
2.158025594127370717e-01,4.983113445314449885e-01,2.912791282211367738e-01
2.168980038767611140e-01,4.743320371850409667e-01,2.791637128813815871e-01
2.179934483407851564e-01,4.513367417533833970e-01,2.672339863133029181e-01
2.190888928048091988e-01,4.292963315920748646e-01,2.555317365394924045e-01
2.201843372688332134e-01,4.081817380184554200e-01,2.441017573515231187e-01
2.212797817328572836e-01,3.879640223239975150e-01,2.329863451653333140e-01
2.223752261968813260e-01,3.686144419781682835e-01,2.222217072470929478e-01
2.234706706609053961e-01,3.501045111734047421e-01,2.118359954061944661e-01
2.245661151249294107e-01,3.324060558847358737e-01,2.018486111649212822e-01
2.256615595889534809e-01,3.154912636391057901e-01,1.922704255469553092e-01
2.267570040529774955e-01,2.993327282041134407e-01,1.831045943838555401e-01
2.278524485170015657e-01,2.839034894197287051e-01,1.743477079924330431e-01
2.289478929810256080e-01,2.691770684055753149e-01,1.659910773006913753e-01
2.300433374450496782e-01,2.551274983824718956e-01,1.580220173765989611e-01
2.311387819090736928e-01,2.417293513514458536e-01,1.504250388252411641e-01
2.322342263730977630e-01,2.289577608735320069e-01,1.431828959979507265e-01
2.333296708371217776e-01,2.167884411945817102e-01,1.362774688974381920e-01
2.344251153011458477e-01,2.051977029550233478e-01,1.296904746591255320e-01
2.355205597651698901e-01,1.941624657217314309e-01,1.234040165343675416e-01
2.366160042291939603e-01,1.836602675725172440e-01,1.174009852760092842e-01
2.377114486932179749e-01,1.736692719589824629e-01,1.116653313495527960e-01
2.388068931572420450e-01,1.641682720628112324e-01,1.061822276422509231e-01
2.399023376212660597e-01,1.551366928564230641e-01,1.009381422087032576e-01
2.409977820852901298e-01,1.465545910667939711e-01,9.592083960460782988e-02
2.420932265493141722e-01,1.384026532330924486e-01,9.111932788885795942e-02
2.431886710133382423e-01,1.306621920407703696e-01,8.652376661927689561e-02
2.442841154773622570e-01,1.233151411026082445e-01,8.212534924986257534e-02
2.453795599413863271e-01,1.163440483497907435e-01,7.791617135424233620e-02
2.464750044054103417e-01,1.097320681847732127e-01,7.388909409891721014e-02
2.475704488694343841e-01,1.034629525397761374e-01,7.003761045017828368e-02
2.486658933334584543e-01,9.752104097388490656e-02,6.635571975525798860e-02
2.497613377974824689e-01,9.189124993366983019e-02,6.283781465307103353e-02
2.508567822615065390e-01,8.655906129289360484e-02,5.947858277492463347e-02
2.519522267255305814e-01,8.151051027934902438e-02,5.627292441955883406e-02
2.530476711895546238e-01,7.673217288613323750e-02,5.321588634069585044e-02
2.541431156535786662e-01,7.221115286063926886e-02,5.030261097543154564e-02
2.552385601176027086e-01,6.793506835357659979e-02,4.752829984870117486e-02
2.563340045816267510e-01,6.389203830536299700e-02,4.488818950027551047e-02
2.574294490456507933e-01,6.007066863936345175e-02,4.237753806537716134e-02
2.585248935096748357e-01,5.646003832667462197e-02,3.999162057038967849e-02
2.596203379736989336e-01,5.304968537823571278e-02,3.772573104749629702e-02
2.607157824377229205e-01,4.982959281895154441e-02,3.557518970245795303e-02
2.618112269017470184e-01,4.679017468778633171e-02,3.353535355068395368e-02
2.629066713657710053e-01,4.392226210909817158e-02,3.160162915797870564e-02
2.640021158297951032e-01,4.121708946917172767e-02,2.976948634800489352e-02
2.650975602938191455e-01,3.866628073444162983e-02,2.803447197123041038e-02
2.661930047578431879e-01,3.626183593864028276e-02,2.639222304072879124e-02
2.672884492218672303e-01,3.399611786571749006e-02,2.483847873592155697e-02
2.683838936858912727e-01,3.186183895016930778e-02,2.336909094179892218e-02
2.694793381499153151e-01,2.985204841545997800e-02,2.198003313337413417e-02
2.705747826139393575e-01,2.796011966544140540e-02,2.066740752652066263e-02
2.716702270779633999e-01,2.617973794430877160e-02,1.942745050686454228e-02
2.727656715419874978e-01,2.450488827618393928e-02,1.825653641215292666e-02
2.738611160060114846e-01,2.292984369315807791e-02,1.715117978889488595e-02
2.749565604700355270e-01,2.144915376097485116e-02,1.610803627454218331e-02
2.760520049340595694e-01,2.005763340703936928e-02,1.512390226993788611e-02
2.771474493980836118e-01,1.875035205475285294e-02,1.419571357226029167e-02
2.782428938621077097e-01,1.752262306869458580e-02,1.332054313725499102e-02
2.793383383261316966e-01,1.636999350950409451e-02,1.249559812771440168e-02
2.804337827901557945e-01,1.528823420195729067e-02,1.171821639729618038e-02
2.815292272541797813e-01,1.427333011252781420e-02,1.098586253965382932e-02
2.826246717182038792e-01,1.332147103727708733e-02,1.029612362160235543e-02
2.837201161822279216e-01,1.242904259595470871e-02,9.646704700264492963e-03
2.848155606462519640e-01,1.159261753031278278e-02,9.035424211313078380e-03
2.859110051102760064e-01,1.080894730190450070e-02,8.460209299651147430e-03
2.870064495743000488e-01,1.007495398615208988e-02,7.919091152593574559e-03
2.881018940383240912e-01,9.387722456460342868e-03,7.410200382063703191e-03
2.891973385023481335e-01,8.744492854973681673e-03,6.931762494690631507e-03
2.902927829663721759e-01,8.142653342035252248e-03,6.482093476572731335e-03
2.913882274303962738e-01,7.579733121154761527e-03,6.059595515963770926e-03
2.924836718944202607e-01,7.053395730823631277e-03,5.662752876673141263e-03
2.935791163584443586e-01,6.561432598808048140e-03,5.290127933313807686e-03
2.946745608224683455e-01,6.101756851272990313e-03,4.940357372776801870e-03
2.957700052864924434e-01,5.672397370683953180e-03,4.612148564254322895e-03
2.968654497505164858e-01,5.271493095112230083e-03,4.304276096434529741e-03
2.979608942145405281e-01,4.897287553364035317e-03,4.015578479917735442e-03
2.990563386785645705e-01,4.548123627802829957e-03,3.744955009298302044e-03
3.001517831425886129e-01,4.222438538765160322e-03,3.491362779883246982e-03
3.012472276066126553e-01,3.918759044120146730e-03,3.253813852977339299e-03
3.023426720706366977e-01,3.635696845866388544e-03,3.031372561787652482e-03
3.034381165346607401e-01,3.371944198910477048e-03,2.823152952414406669e-03
3.045335609986847825e-01,3.126269713410496139e-03,2.628316351171649818e-03
3.056290054627088248e-01,2.897514346109022858e-03,2.446069052869458312e-03
3.067244499267328672e-01,2.684587571882970664e-03,2.275660121308848479e-03
3.078198943907569096e-01,2.486463731726522210e-03,2.116379297614228230e-03
3.089153388547809520e-01,2.302178548108859291e-03,1.967555007834641961e-03
3.100107833188050499e-01,2.130825804504923003e-03,1.828552466456857947e-03
3.111062277828290368e-01,1.971554179513767494e-03,1.698771867333253574e-03
3.122016722468531347e-01,1.823564233906663310e-03,1.577646660563701651e-03
3.132971167108771215e-01,1.686105540441351419e-03,1.464641906869433748e-03
3.143925611749012194e-01,1.558473953991941106e-03,1.359252707851219943e-03
3.154880056389252618e-01,1.440009015466713754e-03,1.261002707273656308e-03
3.165834501029493042e-01,1.330091483352826773e-03,1.169442659016054322e-03
3.176788945669733466e-01,1.228140988438325290e-03,1.084149058997433421e-03
3.187743390309973890e-01,1.133613807533596527e-03,1.004722838796937500e-03
3.198697834950214314e-01,1.046000748402950561e-03,9.307881156268531372e-04
3.209652279590454738e-01,9.648251450464186618e-04,8.619909995230598922e-04
3.220606724230695161e-01,8.896409545370583634e-04,7.979984516844591076e-04
3.231561168870936140e-01,8.200309548291549993e-04,7.384971952174158687e-04
3.242515613511176009e-01,7.556050354749388638e-04,6.831926729197985515e-04
3.253470058151416988e-01,6.959985805851158719e-04,6.318080533563955612e-04
3.264424502791656857e-01,6.408709369261539378e-04,5.840832806992568051e-04
3.275378947431897836e-01,5.899039648707405086e-04,5.397741681085398103e-04
3.286333392072138260e-01,5.428006682671128371e-04,4.986515329237716475e-04
3.297287836712378128e-01,4.992838993955798187e-04,4.605003719784707297e-04
3.308242281352619107e-01,4.590951344675508312e-04,4.251190746293336984e-04
3.319196725992858976e-01,4.219933185012298489e-04,3.923186741385646941e-04
3.330151170633099955e-01,3.877537737744370062e-04,3.619221337194521051e-04
3.341105615273339824e-01,3.561671709751502231e-04,3.337636680176963308e-04
3.352060059913580803e-01,3.270385579936555486e-04,3.076880968624199123e-04
3.363014504553821227e-01,3.001864449219588424e-04,2.835502314033659589e-04
3.373968949194061651e-01,2.754419421083360267e-04,2.612142910869925732e-04
3.384923393834302074e-01,2.526479477514880162e-04,2.405533494888698227e-04
3.395877838474542498e-01,2.316583837763835669e-04,2.214488090747376110e-04
3.406832283114782922e-01,2.123374766250926075e-04,2.037899029020625880e-04
3.417786727755023346e-01,1.945590808705809484e-04,1.874732224000134841e-04
3.428741172395263770e-01,1.782060432674017949e-04,1.724022700172393285e-04
3.439695617035504749e-01,1.631696055255055060e-04,1.584870361057435736e-04
3.450650061675744618e-01,1.493488431620588564e-04,1.456435984476720750e-04
3.461604506315985597e-01,1.366501390279470742e-04,1.337937439651853532e-04
3.472558950956225465e-01,1.249866886466911300e-04,1.228646106756736656e-04
3.483513395596466444e-01,1.142780373974759233e-04,1.127883507214783672e-04
3.494467840236706868e-01,1.044496452383259877e-04,1.035018110088994388e-04
3.505422284876947292e-01,9.543248066167958372e-05,9.494623382222463907e-05
3.516376729517187716e-01,8.716263836666426109e-05,8.706697263410079234e-05
3.527331174157428140e-01,7.958098319772086398e-05,7.981322624887234192e-05
3.538285618797668564e-01,7.263281543716438476e-05,7.313778698594615207e-05
3.549240063437908987e-01,6.626755919960961266e-05,6.699680518909541867e-05
3.560194508078149411e-01,6.043846974922710585e-05,6.134956639132404447e-05
3.571148952718389835e-01,5.510236142981344816e-05,5.615828331462357218e-05
3.582103397358630259e-01,5.021935203110018789e-05,5.138789894012793725e-05
3.593057841998870683e-01,4.575262543940965916e-05,4.700590294142761567e-05
3.604012286639111107e-01,4.166820948674558568e-05,4.298215874941034857e-05
3.614966731279351531e-01,3.793476904845859561e-05,3.928874166783385827e-05
3.625921175919592510e-01,3.452341284787026473e-05,3.589978680984127530e-05
3.636875620559832378e-01,3.140751381466936601e-05,3.279134702858290404e-05
3.647830065200073357e-01,2.856254129266425085e-05,2.994125938856917354e-05
3.658784509840313226e-01,2.596590551713988778e-05,2.732902090794727434e-05
3.669738954480554205e-01,2.359681182163700643e-05,2.493567119226786959e-05
3.680693399120794629e-01,2.143612670172742409e-05,2.274368445115854684e-05
3.691647843761035053e-01,1.946625126388751371e-05,2.073686643582530056e-05
3.702602288401275477e-01,1.767100521359944357e-05,1.890025984341235960e-05
3.713556733041515900e-01,1.603551857373827685e-05,1.722005544256990540e-05
3.724511177681756324e-01,1.454613070072350794e-05,1.568350864441914777e-05
3.735465622321996748e-01,1.319029728441402255e-05,1.427886244244737455e-05
3.746420066962237172e-01,1.195650417587396458e-05,1.299527567031234081e-05
3.757374511602478151e-01,1.083418601320030926e-05,1.182275453620494126e-05
3.768328956242718020e-01,9.813653120450302979e-06,1.075209135580946621e-05
3.779283400882958999e-01,8.886021650215809278e-06,9.774805175401360445e-06
3.790237845523198867e-01,8.043150608497477594e-06,8.883088376365176969e-06
3.801192290163439846e-01,7.277582066729139043e-06,8.069755350856403924e-06
3.812146734803680270e-01,6.582486997708508572e-06,7.328196036979021018e-06
3.823101179443920694e-01,5.951614830814368517e-06,6.652332337812217900e-06
3.834055624084161118e-01,5.379246419782318813e-06,6.036577176419798998e-06
3.845010068724400987e-01,4.860151426840869352e-06,5.475797406409943894e-06
3.855964513364641966e-01,4.389548340540914905e-06,4.965278683444767250e-06
3.866918958004882390e-01,3.963067104229320943e-06,4.500692339296605750e-06
3.877873402645122813e-01,3.576716692980540143e-06,4.078066992377569683e-06
3.888827847285363237e-01,3.226852122834082384e-06,3.693758724219060812e-06
3.899782291925603661e-01,2.910147082780331007e-06,3.344426906864349362e-06
3.910736736565844085e-01,2.623566459454344396e-06,3.027009237949457372e-06
3.921691181206084509e-01,2.364342699678872295e-06,2.738700540577091997e-06
3.932645625846324933e-01,2.129952347774598053e-06,2.476931181972717689e-06
3.943600070486565912e-01,1.918096367183827703e-06,2.239349322879490694e-06
3.954554515126805780e-01,1.726680215438706990e-06,2.023802387308972506e-06
3.965508959767046759e-01,1.553797184514523393e-06,1.828321870966995322e-06
3.976463404407286628e-01,1.397711702600230066e-06,1.651107684751900859e-06
3.987417849047527607e-01,1.256844861881667676e-06,1.490514712549654890e-06
3.998372293687768031e-01,1.129760573424166559e-06,1.345039746989530158e-06
4.009326738328008455e-01,1.015153733936994646e-06,1.213310474343173045e-06
4.020281182968248879e-01,9.118382907868522972e-07,1.094074034080242685e-06
4.031235627608489303e-01,8.187368829276308353e-07,9.861871671148332215e-07
4.042190072248729726e-01,7.348714409283740484e-07,8.886072551510265132e-07
4.053144516888970150e-01,6.593541260584016741e-07,8.003835270596229208e-07
4.064098961529210574e-01,5.913797930803837798e-07,7.206498844578895343e-07
4.075053406169451553e-01,5.302179192454840324e-07,6.486168773517871240e-07
4.086007850809691422e-01,4.752067495662176934e-07,5.835661873255821695e-07
4.096962295449932401e-01,4.257464925876809788e-07,5.248437869711682222e-07
4.107916740090172270e-01,3.812936974325656564e-07,4.718543793143574149e-07
4.118871184730412693e-01,3.413564797333948152e-07,4.240567419229674229e-07
4.129825629370653672e-01,3.054897143788273191e-07,3.809589026275562075e-07
4.140780074010893541e-01,2.732908154849856272e-07,3.421139211758513125e-07
4.151734518651134520e-01,2.443957025760200089e-07,3.071157913988319664e-07
4.162688963291374389e-01,2.184749578620214124e-07,2.755954752597449856e-07
4.173643407931615368e-01,1.952314970660424303e-07,2.472187488110282476e-07
4.184597852571855792e-01,1.743963071081524992e-07,2.216815292207744772e-07
4.195552297212096216e-01,1.557274197837873926e-07,1.987092123209715788e-07
4.206506741852336639e-01,1.390055437895467309e-07,1.780517048602609517e-07
4.217461186492577063e-01,1.240334278439882047e-07,1.594831307642262862e-07
4.228415631132817487e-01,1.106330619008650195e-07,1.427987323850842737e-07
4.239370075773057911e-01,9.864401862355110495e-08,1.278131704646552912e-07
4.250324520413298335e-01,8.792156073568149651e-08,1.143584739851226964e-07
4.261278965053539314e-01,7.833580681572818961e-08,1.022833189509265465e-07
4.272233409693779183e-01,6.976928239869688443e-08,9.145016902255972257e-08
4.283187854334020161e-01,6.211648192035865352e-08,8.173499114871414773e-08
4.294142298974260030e-01,5.528279943568527806e-08,7.302612695667550124e-08
4.305096743614501009e-01,4.918251647131946852e-08,6.522188401701079333e-08
4.316051188254741433e-01,4.373927719438676672e-08,5.823137896608405847e-08
4.327005632894981857e-01,3.888415900365942093e-08,5.197218421295033265e-08
4.337960077535222281e-01,3.455505877512622199e-08,4.636968208367655400e-08
4.348914522175462705e-01,3.069658745639334036e-08,4.135708661208499178e-08
4.359868966815703129e-01,2.725872360802771241e-08,3.687378565447012225e-08
4.370823411455943552e-01,2.419711018877689975e-08,3.286587347551991634e-08
4.381777856096183976e-01,2.147126603849093695e-08,2.928385154689805040e-08
4.392732300736424400e-01,1.904541480363020720e-08,2.608385629217417594e-08
4.403686745376664269e-01,1.688746246854385437e-08,2.322637088147800641e-08
4.414641190016905803e-01,1.496840207101061789e-08,2.067549422949150699e-08
4.425595634657145672e-01,1.326249143374640081e-08,1.839926331783203976e-08
4.436550079297386096e-01,1.174664649517370789e-08,1.636889102882014138e-08
4.447504523937626519e-01,1.040027399564994498e-08,1.455859896711771885e-08
4.458458968577867498e-01,9.204676280687294523e-09,1.294484437052504459e-08
4.469413413218107922e-01,8.143565417416504948e-09,1.150709323178256877e-08
4.480367857858347791e-01,7.202049541745916863e-09,1.022644695169069373e-08
4.491322302498588215e-01,6.367070329126398465e-09,9.086300339191710754e-09
4.502276747138829194e-01,5.626874614881506389e-09,8.071634666178122089e-09
4.513231191779069618e-01,4.970720089976210040e-09,7.168627366232896609e-09
4.524185636419310041e-01,4.389612646870512409e-09,6.365745620711051273e-09
4.535140081059549910e-01,3.874802701954176903e-09,5.651609357485671339e-09
4.546094525699791444e-01,3.419283133477414655e-09,5.017185337272698712e-09
4.557048970340031313e-01,3.016043163253062163e-09,4.453271648143530403e-09
4.568003414980271737e-01,2.659527663186433036e-09,3.952652705020970629e-09
4.578957859620512161e-01,2.344182719603679347e-09,3.507979756573156866e-09
4.589912304260753140e-01,2.065483550359832748e-09,3.113306948349855468e-09
4.600866748900993564e-01,1.819156084106010269e-09,2.762951172166086480e-09
4.611821193541233432e-01,1.601639043859619906e-09,2.452200901178649808e-09
4.622775638181473856e-01,1.409769550054273847e-09,2.176861543464930238e-09
4.633730082821714835e-01,1.240180606602988407e-09,1.932331052930493711e-09
4.644684527461955259e-01,1.090713856781023007e-09,1.715793931616164773e-09
4.655638972102195683e-01,9.588542204116398492e-10,1.523811942470129322e-09
4.666593416742435552e-01,8.427590827979423818e-10,1.353937826625079145e-09
4.677547861382675976e-01,7.402163056491096522e-10,1.203068489250914292e-09
4.688502306022916954e-01,6.501620863843975347e-10,1.069895099930427375e-09
4.699456750663157378e-01,5.706262084117217117e-10,9.515835774744605906e-10
4.710411195303397802e-01,5.118418251803633465e-10,8.658403594518008672e-10
4.721365639943637671e-01,5.122761027579013405e-10,8.800305118495202292e-10
4.732320084583879205e-01,5.127111567773403968e-10,8.955948636975699690e-10
4.743274529224119074e-01,5.131469677835392295e-10,9.127908980257975892e-10
4.754228973864359498e-01,5.135835165688870419e-10,9.319733797511968935e-10
4.765183418504599921e-01,5.140207841701462823e-10,9.536458917717824112e-10
4.776137863144840900e-01,5.144587518653468902e-10,9.785406376167288437e-10
4.787092307785081324e-01,5.148974011707210757e-10,1.007740815160727281e-09
4.798046752425321193e-01,5.153367138376829727e-10,1.042865325825533589e-09
4.809001197065561617e-01,5.157766718498529601e-10,1.086340781977348737e-09
4.819955641705802596e-01,5.162172574201223079e-10,1.141787405381683017e-09
4.830910086346043020e-01,5.166584529877611469e-10,1.214537400442254001e-09
4.841864530986283444e-01,5.171002412155644891e-10,1.312280152848652646e-09
4.852818975626523312e-01,5.175426049870425018e-10,1.445790927696260878e-09
4.863773420266764846e-01,5.179855274036477980e-10,1.629677673321206739e-09
4.874727864907004715e-01,5.184289917820418116e-10,1.883130103551178518e-09
4.885682309547245139e-01,5.188729816514001530e-10,2.230805707766613783e-09
4.896636754187485563e-01,5.193174807507564287e-10,2.704165655212843870e-09
4.907591198827726542e-01,5.197624730263803888e-10,3.343646904431744594e-09
4.918545643467966966e-01,5.202079426291964003e-10,4.202002745796812633e-09
4.929500088108206834e-01,5.206538739122333520e-10,5.349095468409889976e-09
4.940454532748447258e-01,5.211002514281140583e-10,6.878508390987918891e-09
4.951408977388687682e-01,5.215470599265780599e-10,8.916572547744061684e-09
4.962363422028928661e-01,5.219942843520353409e-10,1.163473742717853802e-08
4.973317866669169085e-01,5.224419098411594393e-10,1.526665163176314171e-08
4.984272311309408954e-01,5.228899217205078560e-10,2.013190656043172065e-08
4.995226755949649378e-01,5.233383055041808229e-10,2.666922088874593452e-08
5.006181200589890912e-01,5.237870468915063346e-10,3.548302739942767667e-08
5.017135645230130780e-01,5.242361317647605423e-10,4.740913730746982174e-08
5.028090089870370649e-01,5.246855461869185464e-10,6.360764749280951217e-08
5.039044534510611628e-01,5.251352763994338295e-10,8.569488637252195100e-08
5.049998979150852607e-01,5.255853088200504678e-10,1.159315035212520113e-07
5.060953423791092476e-01,5.260356300406427417e-10,1.574915997178672185e-07
5.071907868431332345e-01,5.264862268250848358e-10,2.148492687306850705e-07
5.082862313071573324e-01,5.269370861071500067e-10,2.943358817732295516e-07
5.093816757711814303e-01,5.273881949884344632e-10,4.049466033696987485e-07
5.104771202352054171e-01,5.278395407363140233e-10,5.595120834408576710e-07
5.115725646992295150e-01,5.282911107819264141e-10,7.764072426699141258e-07
5.126680091632535019e-01,5.287428927181756983e-10,1.082053020999610925e-06
5.137634536272775998e-01,5.291948742977698917e-10,1.514593350034119428e-06
5.148588980913015867e-01,5.296470434312838097e-10,2.129320606056983810e-06
5.159543425553256846e-01,5.300993881852413523e-10,3.006712513542221701e-06
5.170497870193496714e-01,5.305518967802316004e-10,4.264384585937443208e-06
5.181452314833737693e-01,5.310045575890424895e-10,6.074936388524960026e-06
5.192406759473978672e-01,5.314573591348257092e-10,8.692704264063122609e-06
5.203361204114218541e-01,5.319102900892789745e-10,1.249402607103539027e-05
5.214315648754458410e-01,5.323633392708574538e-10,1.803808561012920072e-05
5.225270093394699389e-01,5.328164956430061876e-10,2.615922298232125156e-05
5.236224538034940368e-01,5.332697483124158751e-10,3.810753457336723426e-05
5.247178982675180237e-01,5.337230865273015108e-10,5.576382027774451339e-05
5.258133427315420105e-01,5.341764996757034592e-10,8.196920736504516617e-05
5.269087871955661084e-01,5.346299772838112768e-10,1.210313719991594635e-04
5.280042316595902063e-01,5.350835090143080065e-10,1.795009814539667620e-04
5.290996761236141932e-01,5.355370846647354618e-10,2.673745686804707882e-04
5.301951205876382911e-01,5.359906941658829829e-10,4.003803676336692603e-04
5.312905650516622780e-01,5.364443275801955270e-10,6.117509940232636464e-04
5.323860095156863759e-01,5.368979751002013017e-10,1.090056755199863637e-03
5.334814539797103627e-01,5.373516270469612147e-10,3.332502058027867441e-03
5.345768984437344606e-01,5.378052738685379697e-10,1.019522198406635216e-01
5.356723429077584475e-01,0.000000000000000000e+00,0.000000000000000000e+00
5.367677873717825454e-01,0.000000000000000000e+00,0.000000000000000000e+00
5.378632318358066433e-01,0.000000000000000000e+00,0.000000000000000000e+00
5.389586762998306302e-01,0.000000000000000000e+00,0.000000000000000000e+00
5.400541207638546171e-01,0.000000000000000000e+00,0.000000000000000000e+00
5.411495652278787150e-01,0.000000000000000000e+00,0.000000000000000000e+00
5.422450096919028129e-01,0.000000000000000000e+00,0.000000000000000000e+00
5.433404541559267997e-01,0.000000000000000000e+00,0.000000000000000000e+00
5.444358986199507866e-01,0.000000000000000000e+00,0.000000000000000000e+00
5.455313430839749955e-01,0.000000000000000000e+00,0.000000000000000000e+00
5.466267875479989824e-01,0.000000000000000000e+00,0.000000000000000000e+00
5.477222320120229693e-01,0.000000000000000000e+00,0.000000000000000000e+00
5.488176764760470672e-01,0.000000000000000000e+00,0.000000000000000000e+00
5.499131209400710540e-01,0.000000000000000000e+00,0.000000000000000000e+00
5.510085654040951519e-01,0.000000000000000000e+00,0.000000000000000000e+00
5.521040098681191388e-01,0.000000000000000000e+00,0.000000000000000000e+00
5.531994543321432367e-01,0.000000000000000000e+00,0.000000000000000000e+00
5.542948987961672236e-01,0.000000000000000000e+00,0.000000000000000000e+00
5.553903432601913215e-01,0.000000000000000000e+00,0.000000000000000000e+00
5.564857877242154194e-01,0.000000000000000000e+00,0.000000000000000000e+00
5.575812321882394063e-01,0.000000000000000000e+00,0.000000000000000000e+00
5.586766766522633931e-01,0.000000000000000000e+00,0.000000000000000000e+00
5.597721211162874910e-01,0.000000000000000000e+00,0.000000000000000000e+00
5.608675655803115889e-01,0.000000000000000000e+00,0.000000000000000000e+00
5.619630100443355758e-01,0.000000000000000000e+00,0.000000000000000000e+00
5.630584545083595627e-01,0.000000000000000000e+00,0.000000000000000000e+00
5.641538989723837716e-01,0.000000000000000000e+00,0.000000000000000000e+00
5.652493434364077585e-01,0.000000000000000000e+00,0.000000000000000000e+00
5.663447879004317453e-01,0.000000000000000000e+00,0.000000000000000000e+00
5.674402323644558432e-01,0.000000000000000000e+00,0.000000000000000000e+00
5.685356768284799411e-01,0.000000000000000000e+00,0.000000000000000000e+00
5.696311212925039280e-01,0.000000000000000000e+00,0.000000000000000000e+00
5.707265657565279149e-01,0.000000000000000000e+00,0.000000000000000000e+00
5.718220102205520128e-01,0.000000000000000000e+00,0.000000000000000000e+00
5.729174546845761107e-01,0.000000000000000000e+00,0.000000000000000000e+00
5.740128991486000976e-01,0.000000000000000000e+00,0.000000000000000000e+00
5.751083436126241955e-01,0.000000000000000000e+00,0.000000000000000000e+00
5.762037880766481823e-01,0.000000000000000000e+00,0.000000000000000000e+00
5.772992325406721692e-01,0.000000000000000000e+00,0.000000000000000000e+00
5.783946770046962671e-01,0.000000000000000000e+00,0.000000000000000000e+00
5.794901214687203650e-01,0.000000000000000000e+00,0.000000000000000000e+00
5.805855659327443519e-01,0.000000000000000000e+00,0.000000000000000000e+00
5.816810103967683387e-01,0.000000000000000000e+00,0.000000000000000000e+00
5.827764548607925477e-01,0.000000000000000000e+00,0.000000000000000000e+00
5.838718993248165345e-01,0.000000000000000000e+00,0.000000000000000000e+00
5.849673437888405214e-01,0.000000000000000000e+00,0.000000000000000000e+00
5.860627882528646193e-01,0.000000000000000000e+00,0.000000000000000000e+00
5.871582327168887172e-01,0.000000000000000000e+00,0.000000000000000000e+00
5.882536771809127041e-01,0.000000000000000000e+00,0.000000000000000000e+00
5.893491216449366910e-01,0.000000000000000000e+00,0.000000000000000000e+00
5.904445661089607889e-01,0.000000000000000000e+00,0.000000000000000000e+00
5.915400105729848867e-01,0.000000000000000000e+00,0.000000000000000000e+00
5.926354550370088736e-01,0.000000000000000000e+00,0.000000000000000000e+00
5.937308995010329715e-01,0.000000000000000000e+00,0.000000000000000000e+00
5.948263439650569584e-01,0.000000000000000000e+00,0.000000000000000000e+00
5.959217884290810563e-01,0.000000000000000000e+00,0.000000000000000000e+00
5.970172328931050432e-01,0.000000000000000000e+00,0.000000000000000000e+00
5.981126773571291411e-01,0.000000000000000000e+00,0.000000000000000000e+00
5.992081218211531279e-01,0.000000000000000000e+00,0.000000000000000000e+00
6.003035662851772258e-01,0.000000000000000000e+00,0.000000000000000000e+00
6.013990107492013237e-01,0.000000000000000000e+00,0.000000000000000000e+00
6.024944552132253106e-01,0.000000000000000000e+00,0.000000000000000000e+00
6.035898996772492975e-01,0.000000000000000000e+00,0.000000000000000000e+00
6.046853441412733954e-01,0.000000000000000000e+00,0.000000000000000000e+00
6.057807886052974933e-01,0.000000000000000000e+00,0.000000000000000000e+00
6.068762330693214802e-01,0.000000000000000000e+00,0.000000000000000000e+00
6.079716775333454670e-01,0.000000000000000000e+00,0.000000000000000000e+00
6.090671219973695649e-01,0.000000000000000000e+00,0.000000000000000000e+00
6.101625664613936628e-01,0.000000000000000000e+00,0.000000000000000000e+00
6.112580109254176497e-01,0.000000000000000000e+00,0.000000000000000000e+00
6.123534553894417476e-01,0.000000000000000000e+00,0.000000000000000000e+00
6.134488998534657345e-01,0.000000000000000000e+00,0.000000000000000000e+00
6.145443443174898324e-01,0.000000000000000000e+00,0.000000000000000000e+00
6.156397887815138192e-01,0.000000000000000000e+00,0.000000000000000000e+00
6.167352332455379171e-01,0.000000000000000000e+00,0.000000000000000000e+00
6.178306777095619040e-01,0.000000000000000000e+00,0.000000000000000000e+00
6.189261221735860019e-01,0.000000000000000000e+00,0.000000000000000000e+00
6.200215666376100998e-01,0.000000000000000000e+00,0.000000000000000000e+00
6.211170111016340867e-01,0.000000000000000000e+00,0.000000000000000000e+00
6.222124555656580736e-01,0.000000000000000000e+00,0.000000000000000000e+00
6.233079000296821714e-01,0.000000000000000000e+00,0.000000000000000000e+00
6.244033444937062693e-01,0.000000000000000000e+00,0.000000000000000000e+00
6.254987889577302562e-01,0.000000000000000000e+00,0.000000000000000000e+00
6.265942334217542431e-01,0.000000000000000000e+00,0.000000000000000000e+00
6.276896778857784520e-01,0.000000000000000000e+00,0.000000000000000000e+00
6.287851223498024389e-01,0.000000000000000000e+00,0.000000000000000000e+00
6.298805668138264258e-01,0.000000000000000000e+00,0.000000000000000000e+00
6.309760112778505237e-01,0.000000000000000000e+00,0.000000000000000000e+00
6.320714557418745105e-01,0.000000000000000000e+00,0.000000000000000000e+00
6.331669002058986084e-01,0.000000000000000000e+00,0.000000000000000000e+00
6.342623446699225953e-01,0.000000000000000000e+00,0.000000000000000000e+00
6.353577891339466932e-01,0.000000000000000000e+00,0.000000000000000000e+00
6.364532335979706801e-01,0.000000000000000000e+00,0.000000000000000000e+00
6.375486780619947780e-01,0.000000000000000000e+00,0.000000000000000000e+00
6.386441225260188759e-01,0.000000000000000000e+00,0.000000000000000000e+00
6.397395669900428627e-01,0.000000000000000000e+00,0.000000000000000000e+00
6.408350114540668496e-01,0.000000000000000000e+00,0.000000000000000000e+00
6.419304559180909475e-01,0.000000000000000000e+00,0.000000000000000000e+00
6.430259003821150454e-01,0.000000000000000000e+00,0.000000000000000000e+00
6.441213448461390323e-01,0.000000000000000000e+00,0.000000000000000000e+00
6.452167893101630192e-01,0.000000000000000000e+00,0.000000000000000000e+00
6.463122337741872281e-01,0.000000000000000000e+00,0.000000000000000000e+00
6.474076782382112150e-01,0.000000000000000000e+00,0.000000000000000000e+00
6.485031227022352018e-01,0.000000000000000000e+00,0.000000000000000000e+00
6.495985671662591887e-01,0.000000000000000000e+00,0.000000000000000000e+00
6.506940116302833976e-01,0.000000000000000000e+00,0.000000000000000000e+00
6.517894560943073845e-01,0.000000000000000000e+00,0.000000000000000000e+00
6.528849005583313714e-01,0.000000000000000000e+00,0.000000000000000000e+00
6.539803450223554693e-01,0.000000000000000000e+00,0.000000000000000000e+00
6.550757894863795672e-01,0.000000000000000000e+00,0.000000000000000000e+00
6.561712339504035540e-01,0.000000000000000000e+00,0.000000000000000000e+00
6.572666784144276519e-01,0.000000000000000000e+00,0.000000000000000000e+00
6.583621228784516388e-01,0.000000000000000000e+00,0.000000000000000000e+00
6.594575673424756257e-01,0.000000000000000000e+00,0.000000000000000000e+00
6.605530118064997236e-01,0.000000000000000000e+00,0.000000000000000000e+00
6.616484562705238215e-01,0.000000000000000000e+00,0.000000000000000000e+00
6.627439007345478084e-01,0.000000000000000000e+00,0.000000000000000000e+00
6.638393451985717952e-01,0.000000000000000000e+00,0.000000000000000000e+00
6.649347896625960042e-01,0.000000000000000000e+00,0.000000000000000000e+00
6.660302341266199910e-01,0.000000000000000000e+00,0.000000000000000000e+00
6.671256785906439779e-01,0.000000000000000000e+00,0.000000000000000000e+00
6.682211230546679648e-01,0.000000000000000000e+00,0.000000000000000000e+00
6.693165675186921737e-01,0.000000000000000000e+00,0.000000000000000000e+00
6.704120119827161606e-01,0.000000000000000000e+00,0.000000000000000000e+00
6.715074564467401474e-01,0.000000000000000000e+00,0.000000000000000000e+00
6.726029009107642453e-01,0.000000000000000000e+00,0.000000000000000000e+00
6.736983453747883432e-01,0.000000000000000000e+00,0.000000000000000000e+00
6.747937898388123301e-01,0.000000000000000000e+00,0.000000000000000000e+00
6.758892343028363170e-01,0.000000000000000000e+00,0.000000000000000000e+00
6.769846787668604149e-01,0.000000000000000000e+00,0.000000000000000000e+00
6.780801232308845128e-01,0.000000000000000000e+00,0.000000000000000000e+00
6.791755676949084997e-01,0.000000000000000000e+00,0.000000000000000000e+00
6.802710121589325976e-01,0.000000000000000000e+00,0.000000000000000000e+00
6.813664566229565844e-01,0.000000000000000000e+00,0.000000000000000000e+00
6.824619010869806823e-01,0.000000000000000000e+00,0.000000000000000000e+00
6.835573455510046692e-01,0.000000000000000000e+00,0.000000000000000000e+00
6.846527900150287671e-01,0.000000000000000000e+00,0.000000000000000000e+00
6.857482344790527540e-01,0.000000000000000000e+00,0.000000000000000000e+00
6.868436789430767409e-01,0.000000000000000000e+00,0.000000000000000000e+00
6.879391234071009498e-01,0.000000000000000000e+00,0.000000000000000000e+00
6.890345678711249366e-01,0.000000000000000000e+00,0.000000000000000000e+00
6.901300123351489235e-01,0.000000000000000000e+00,0.000000000000000000e+00
6.912254567991730214e-01,0.000000000000000000e+00,0.000000000000000000e+00
6.923209012631971193e-01,0.000000000000000000e+00,0.000000000000000000e+00
6.934163457272211062e-01,0.000000000000000000e+00,0.000000000000000000e+00
6.945117901912450931e-01,0.000000000000000000e+00,0.000000000000000000e+00
6.956072346552691910e-01,0.000000000000000000e+00,0.000000000000000000e+00
6.967026791192932889e-01,0.000000000000000000e+00,0.000000000000000000e+00
6.977981235833172757e-01,0.000000000000000000e+00,0.000000000000000000e+00
6.988935680473413736e-01,0.000000000000000000e+00,0.000000000000000000e+00
6.999890125113653605e-01,0.000000000000000000e+00,0.000000000000000000e+00
7.010844569753894584e-01,0.000000000000000000e+00,0.000000000000000000e+00
7.021799014394134453e-01,0.000000000000000000e+00,0.000000000000000000e+00
7.032753459034375432e-01,0.000000000000000000e+00,0.000000000000000000e+00
7.043707903674615300e-01,0.000000000000000000e+00,0.000000000000000000e+00
7.054662348314856279e-01,0.000000000000000000e+00,0.000000000000000000e+00
7.065616792955097258e-01,0.000000000000000000e+00,0.000000000000000000e+00
7.076571237595337127e-01,0.000000000000000000e+00,0.000000000000000000e+00
7.087525682235576996e-01,0.000000000000000000e+00,0.000000000000000000e+00
7.098480126875817975e-01,0.000000000000000000e+00,0.000000000000000000e+00
7.109434571516058954e-01,0.000000000000000000e+00,0.000000000000000000e+00
7.120389016156298823e-01,0.000000000000000000e+00,0.000000000000000000e+00
7.131343460796538691e-01,0.000000000000000000e+00,0.000000000000000000e+00
7.142297905436779670e-01,0.000000000000000000e+00,0.000000000000000000e+00
7.153252350077020649e-01,0.000000000000000000e+00,0.000000000000000000e+00
7.164206794717260518e-01,0.000000000000000000e+00,0.000000000000000000e+00
7.175161239357501497e-01,0.000000000000000000e+00,0.000000000000000000e+00
7.186115683997741366e-01,0.000000000000000000e+00,0.000000000000000000e+00
7.197070128637982345e-01,0.000000000000000000e+00,0.000000000000000000e+00
7.208024573278222213e-01,0.000000000000000000e+00,0.000000000000000000e+00
7.218979017918463192e-01,0.000000000000000000e+00,0.000000000000000000e+00
7.229933462558703061e-01,0.000000000000000000e+00,0.000000000000000000e+00
7.240887907198944040e-01,0.000000000000000000e+00,0.000000000000000000e+00
7.251842351839185019e-01,0.000000000000000000e+00,0.000000000000000000e+00
7.262796796479424888e-01,0.000000000000000000e+00,0.000000000000000000e+00
7.273751241119664757e-01,0.000000000000000000e+00,0.000000000000000000e+00
7.284705685759905736e-01,0.000000000000000000e+00,0.000000000000000000e+00
7.295660130400146715e-01,0.000000000000000000e+00,0.000000000000000000e+00
7.306614575040386583e-01,0.000000000000000000e+00,0.000000000000000000e+00
7.317569019680626452e-01,0.000000000000000000e+00,0.000000000000000000e+00
7.328523464320868541e-01,0.000000000000000000e+00,0.000000000000000000e+00
7.339477908961108410e-01,0.000000000000000000e+00,0.000000000000000000e+00
7.350432353601348279e-01,0.000000000000000000e+00,0.000000000000000000e+00
7.361386798241589258e-01,0.000000000000000000e+00,0.000000000000000000e+00
7.372341242881830237e-01,0.000000000000000000e+00,0.000000000000000000e+00
7.383295687522070105e-01,0.000000000000000000e+00,0.000000000000000000e+00
7.394250132162309974e-01,0.000000000000000000e+00,0.000000000000000000e+00
7.405204576802550953e-01,0.000000000000000000e+00,0.000000000000000000e+00
7.416159021442790822e-01,0.000000000000000000e+00,0.000000000000000000e+00
7.427113466083031801e-01,0.000000000000000000e+00,0.000000000000000000e+00
7.438067910723272780e-01,0.000000000000000000e+00,0.000000000000000000e+00
7.449022355363512649e-01,0.000000000000000000e+00,0.000000000000000000e+00
7.459976800003752517e-01,0.000000000000000000e+00,0.000000000000000000e+00
7.470931244643993496e-01,0.000000000000000000e+00,0.000000000000000000e+00
7.481885689284234475e-01,0.000000000000000000e+00,0.000000000000000000e+00
7.492840133924474344e-01,0.000000000000000000e+00,0.000000000000000000e+00
7.503794578564714213e-01,0.000000000000000000e+00,0.000000000000000000e+00
7.514749023204956302e-01,0.000000000000000000e+00,0.000000000000000000e+00
7.525703467845196171e-01,0.000000000000000000e+00,0.000000000000000000e+00
7.536657912485436039e-01,0.000000000000000000e+00,0.000000000000000000e+00
7.547612357125677018e-01,0.000000000000000000e+00,0.000000000000000000e+00
7.558566801765917997e-01,0.000000000000000000e+00,0.000000000000000000e+00
7.569521246406157866e-01,0.000000000000000000e+00,0.000000000000000000e+00
7.580475691046397735e-01,0.000000000000000000e+00,0.000000000000000000e+00
7.591430135686638714e-01,0.000000000000000000e+00,0.000000000000000000e+00
7.602384580326879693e-01,0.000000000000000000e+00,0.000000000000000000e+00
7.613339024967119562e-01,0.000000000000000000e+00,0.000000000000000000e+00
7.624293469607360541e-01,0.000000000000000000e+00,0.000000000000000000e+00
7.635247914247600409e-01,0.000000000000000000e+00,0.000000000000000000e+00
7.646202358887841388e-01,0.000000000000000000e+00,0.000000000000000000e+00
7.657156803528081257e-01,0.000000000000000000e+00,0.000000000000000000e+00
7.668111248168322236e-01,0.000000000000000000e+00,0.000000000000000000e+00
7.679065692808562105e-01,0.000000000000000000e+00,0.000000000000000000e+00
7.690020137448801973e-01,0.000000000000000000e+00,0.000000000000000000e+00
7.700974582089044063e-01,0.000000000000000000e+00,0.000000000000000000e+00
7.711929026729283931e-01,0.000000000000000000e+00,0.000000000000000000e+00
7.722883471369523800e-01,0.000000000000000000e+00,0.000000000000000000e+00
7.733837916009764779e-01,0.000000000000000000e+00,0.000000000000000000e+00
7.744792360650005758e-01,0.000000000000000000e+00,0.000000000000000000e+00
7.755746805290245627e-01,0.000000000000000000e+00,0.000000000000000000e+00
7.766701249930485496e-01,0.000000000000000000e+00,0.000000000000000000e+00
7.777655694570726475e-01,0.000000000000000000e+00,0.000000000000000000e+00
7.788610139210967453e-01,0.000000000000000000e+00,0.000000000000000000e+00
7.799564583851207322e-01,0.000000000000000000e+00,0.000000000000000000e+00
7.810519028491448301e-01,0.000000000000000000e+00,0.000000000000000000e+00
7.821473473131688170e-01,0.000000000000000000e+00,0.000000000000000000e+00
7.832427917771929149e-01,0.000000000000000000e+00,0.000000000000000000e+00
7.843382362412169018e-01,0.000000000000000000e+00,0.000000000000000000e+00
7.854336807052409997e-01,0.000000000000000000e+00,0.000000000000000000e+00
7.865291251692649865e-01,0.000000000000000000e+00,0.000000000000000000e+00
7.876245696332890844e-01,0.000000000000000000e+00,0.000000000000000000e+00
7.887200140973131823e-01,0.000000000000000000e+00,0.000000000000000000e+00
7.898154585613371692e-01,0.000000000000000000e+00,0.000000000000000000e+00
7.909109030253611561e-01,0.000000000000000000e+00,0.000000000000000000e+00
7.920063474893852540e-01,0.000000000000000000e+00,0.000000000000000000e+00
7.931017919534093519e-01,0.000000000000000000e+00,0.000000000000000000e+00
7.941972364174333388e-01,0.000000000000000000e+00,0.000000000000000000e+00
7.952926808814573256e-01,0.000000000000000000e+00,0.000000000000000000e+00
7.963881253454814235e-01,0.000000000000000000e+00,0.000000000000000000e+00
7.974835698095055214e-01,0.000000000000000000e+00,0.000000000000000000e+00
7.985790142735295083e-01,0.000000000000000000e+00,0.000000000000000000e+00
7.996744587375536062e-01,0.000000000000000000e+00,0.000000000000000000e+00
8.007699032015775931e-01,0.000000000000000000e+00,0.000000000000000000e+00
8.018653476656016910e-01,0.000000000000000000e+00,0.000000000000000000e+00
8.029607921296256778e-01,0.000000000000000000e+00,0.000000000000000000e+00
8.040562365936497757e-01,0.000000000000000000e+00,0.000000000000000000e+00
8.051516810576737626e-01,0.000000000000000000e+00,0.000000000000000000e+00
8.062471255216978605e-01,0.000000000000000000e+00,0.000000000000000000e+00
8.073425699857219584e-01,0.000000000000000000e+00,0.000000000000000000e+00
8.084380144497459453e-01,0.000000000000000000e+00,0.000000000000000000e+00
8.095334589137699322e-01,0.000000000000000000e+00,0.000000000000000000e+00
8.106289033777940300e-01,0.000000000000000000e+00,0.000000000000000000e+00
8.117243478418181279e-01,0.000000000000000000e+00,0.000000000000000000e+00
8.128197923058421148e-01,0.000000000000000000e+00,0.000000000000000000e+00
8.139152367698661017e-01,0.000000000000000000e+00,0.000000000000000000e+00
8.150106812338903106e-01,0.000000000000000000e+00,0.000000000000000000e+00
8.161061256979142975e-01,0.000000000000000000e+00,0.000000000000000000e+00
8.172015701619382844e-01,0.000000000000000000e+00,0.000000000000000000e+00
8.182970146259623823e-01,0.000000000000000000e+00,0.000000000000000000e+00
8.193924590899864802e-01,0.000000000000000000e+00,0.000000000000000000e+00
8.204879035540104670e-01,0.000000000000000000e+00,0.000000000000000000e+00
8.215833480180344539e-01,0.000000000000000000e+00,0.000000000000000000e+00
8.226787924820585518e-01,0.000000000000000000e+00,0.000000000000000000e+00
8.237742369460825387e-01,0.000000000000000000e+00,0.000000000000000000e+00
8.248696814101066366e-01,0.000000000000000000e+00,0.000000000000000000e+00
8.259651258741307345e-01,0.000000000000000000e+00,0.000000000000000000e+00
8.270605703381547213e-01,0.000000000000000000e+00,0.000000000000000000e+00
8.281560148021787082e-01,0.000000000000000000e+00,0.000000000000000000e+00
8.292514592662028061e-01,0.000000000000000000e+00,0.000000000000000000e+00
8.303469037302269040e-01,0.000000000000000000e+00,0.000000000000000000e+00
8.314423481942508909e-01,0.000000000000000000e+00,0.000000000000000000e+00
8.325377926582748778e-01,0.000000000000000000e+00,0.000000000000000000e+00
8.336332371222990867e-01,0.000000000000000000e+00,0.000000000000000000e+00
8.347286815863230736e-01,0.000000000000000000e+00,0.000000000000000000e+00
8.358241260503470604e-01,0.000000000000000000e+00,0.000000000000000000e+00
8.369195705143711583e-01,0.000000000000000000e+00,0.000000000000000000e+00
8.380150149783952562e-01,0.000000000000000000e+00,0.000000000000000000e+00
8.391104594424192431e-01,0.000000000000000000e+00,0.000000000000000000e+00
8.402059039064432300e-01,0.000000000000000000e+00,0.000000000000000000e+00
8.413013483704673279e-01,0.000000000000000000e+00,0.000000000000000000e+00
8.423967928344914258e-01,0.000000000000000000e+00,0.000000000000000000e+00
8.434922372985154126e-01,0.000000000000000000e+00,0.000000000000000000e+00
8.445876817625395105e-01,0.000000000000000000e+00,0.000000000000000000e+00
8.456831262265634974e-01,0.000000000000000000e+00,0.000000000000000000e+00
8.467785706905875953e-01,0.000000000000000000e+00,0.000000000000000000e+00
8.478740151546115822e-01,0.000000000000000000e+00,0.000000000000000000e+00
8.489694596186356801e-01,0.000000000000000000e+00,0.000000000000000000e+00
8.500649040826596670e-01,0.000000000000000000e+00,0.000000000000000000e+00
8.511603485466836538e-01,0.000000000000000000e+00,0.000000000000000000e+00
8.522557930107078628e-01,0.000000000000000000e+00,0.000000000000000000e+00
8.533512374747318496e-01,0.000000000000000000e+00,0.000000000000000000e+00
8.544466819387558365e-01,0.000000000000000000e+00,0.000000000000000000e+00
8.555421264027798234e-01,0.000000000000000000e+00,0.000000000000000000e+00
8.566375708668040323e-01,0.000000000000000000e+00,0.000000000000000000e+00
8.577330153308280192e-01,0.000000000000000000e+00,0.000000000000000000e+00
8.588284597948520060e-01,0.000000000000000000e+00,0.000000000000000000e+00
8.599239042588761039e-01,0.000000000000000000e+00,0.000000000000000000e+00
8.610193487229002018e-01,0.000000000000000000e+00,0.000000000000000000e+00
8.621147931869241887e-01,0.000000000000000000e+00,0.000000000000000000e+00
8.632102376509482866e-01,0.000000000000000000e+00,0.000000000000000000e+00
8.643056821149722735e-01,0.000000000000000000e+00,0.000000000000000000e+00
8.654011265789963714e-01,0.000000000000000000e+00,0.000000000000000000e+00
8.664965710430203583e-01,0.000000000000000000e+00,0.000000000000000000e+00
8.675920155070444562e-01,0.000000000000000000e+00,0.000000000000000000e+00
8.686874599710684430e-01,0.000000000000000000e+00,0.000000000000000000e+00
8.697829044350925409e-01,0.000000000000000000e+00,0.000000000000000000e+00
8.708783488991166388e-01,0.000000000000000000e+00,0.000000000000000000e+00
8.719737933631406257e-01,0.000000000000000000e+00,0.000000000000000000e+00
8.730692378271646126e-01,0.000000000000000000e+00,0.000000000000000000e+00
8.741646822911887105e-01,0.000000000000000000e+00,0.000000000000000000e+00
8.752601267552128084e-01,0.000000000000000000e+00,0.000000000000000000e+00
8.763555712192367952e-01,0.000000000000000000e+00,0.000000000000000000e+00
8.774510156832607821e-01,0.000000000000000000e+00,0.000000000000000000e+00
8.785464601472848800e-01,0.000000000000000000e+00,0.000000000000000000e+00
8.796419046113088669e-01,0.000000000000000000e+00,0.000000000000000000e+00
8.807373490753328538e-01,0.000000000000000000e+00,0.000000000000000000e+00
8.818327935393570627e-01,0.000000000000000000e+00,0.000000000000000000e+00
8.829282380033811606e-01,0.000000000000000000e+00,0.000000000000000000e+00
8.840236824674051475e-01,0.000000000000000000e+00,0.000000000000000000e+00
8.851191269314291343e-01,0.000000000000000000e+00,0.000000000000000000e+00
8.862145713954532322e-01,0.000000000000000000e+00,0.000000000000000000e+00
8.873100158594772191e-01,0.000000000000000000e+00,0.000000000000000000e+00
8.884054603235012060e-01,0.000000000000000000e+00,0.000000000000000000e+00
8.895009047875253039e-01,0.000000000000000000e+00,0.000000000000000000e+00
8.905963492515495128e-01,0.000000000000000000e+00,0.000000000000000000e+00
8.916917937155734997e-01,0.000000000000000000e+00,0.000000000000000000e+00
8.927872381795974865e-01,0.000000000000000000e+00,0.000000000000000000e+00
8.938826826436215844e-01,0.000000000000000000e+00,0.000000000000000000e+00
8.949781271076455713e-01,0.000000000000000000e+00,0.000000000000000000e+00
8.960735715716695582e-01,0.000000000000000000e+00,0.000000000000000000e+00
8.971690160356936561e-01,0.000000000000000000e+00,0.000000000000000000e+00
8.982644604997176430e-01,0.000000000000000000e+00,0.000000000000000000e+00
8.993599049637418519e-01,0.000000000000000000e+00,0.000000000000000000e+00
9.004553494277658388e-01,0.000000000000000000e+00,0.000000000000000000e+00
9.015507938917899367e-01,0.000000000000000000e+00,0.000000000000000000e+00
9.026462383558139235e-01,0.000000000000000000e+00,0.000000000000000000e+00
9.037416828198379104e-01,0.000000000000000000e+00,0.000000000000000000e+00
9.048371272838620083e-01,0.000000000000000000e+00,0.000000000000000000e+00
9.059325717478859952e-01,0.000000000000000000e+00,0.000000000000000000e+00
9.070280162119099820e-01,0.000000000000000000e+00,0.000000000000000000e+00
9.081234606759340799e-01,0.000000000000000000e+00,0.000000000000000000e+00
9.092189051399582889e-01,0.000000000000000000e+00,0.000000000000000000e+00
9.103143496039822757e-01,0.000000000000000000e+00,0.000000000000000000e+00
9.114097940680062626e-01,0.000000000000000000e+00,0.000000000000000000e+00
9.125052385320303605e-01,0.000000000000000000e+00,0.000000000000000000e+00
9.136006829960543474e-01,0.000000000000000000e+00,0.000000000000000000e+00
9.146961274600783343e-01,0.000000000000000000e+00,0.000000000000000000e+00
9.157915719241024322e-01,0.000000000000000000e+00,0.000000000000000000e+00
9.168870163881264190e-01,0.000000000000000000e+00,0.000000000000000000e+00
9.179824608521506280e-01,0.000000000000000000e+00,0.000000000000000000e+00
9.190779053161746148e-01,0.000000000000000000e+00,0.000000000000000000e+00
9.201733497801987127e-01,0.000000000000000000e+00,0.000000000000000000e+00
9.212687942442226996e-01,0.000000000000000000e+00,0.000000000000000000e+00
9.223642387082466865e-01,0.000000000000000000e+00,0.000000000000000000e+00
9.234596831722707844e-01,0.000000000000000000e+00,0.000000000000000000e+00
9.245551276362947712e-01,0.000000000000000000e+00,0.000000000000000000e+00
9.256505721003187581e-01,0.000000000000000000e+00,0.000000000000000000e+00
9.267460165643429670e-01,0.000000000000000000e+00,0.000000000000000000e+00
9.278414610283670649e-01,0.000000000000000000e+00,0.000000000000000000e+00
9.289369054923910518e-01,0.000000000000000000e+00,0.000000000000000000e+00
9.300323499564150387e-01,0.000000000000000000e+00,0.000000000000000000e+00
9.311277944204391366e-01,0.000000000000000000e+00,0.000000000000000000e+00
9.322232388844631235e-01,0.000000000000000000e+00,0.000000000000000000e+00
9.333186833484871103e-01,0.000000000000000000e+00,0.000000000000000000e+00
9.344141278125112082e-01,0.000000000000000000e+00,0.000000000000000000e+00
9.355095722765351951e-01,0.000000000000000000e+00,0.000000000000000000e+00
9.366050167405594040e-01,0.000000000000000000e+00,0.000000000000000000e+00
9.377004612045833909e-01,0.000000000000000000e+00,0.000000000000000000e+00
9.387959056686074888e-01,0.000000000000000000e+00,0.000000000000000000e+00
9.398913501326314757e-01,0.000000000000000000e+00,0.000000000000000000e+00
9.409867945966554625e-01,0.000000000000000000e+00,0.000000000000000000e+00
9.420822390606795604e-01,0.000000000000000000e+00,0.000000000000000000e+00
9.431776835247035473e-01,0.000000000000000000e+00,0.000000000000000000e+00
9.442731279887275342e-01,0.000000000000000000e+00,0.000000000000000000e+00
9.453685724527517431e-01,0.000000000000000000e+00,0.000000000000000000e+00
9.464640169167758410e-01,0.000000000000000000e+00,0.000000000000000000e+00
9.475594613807998279e-01,0.000000000000000000e+00,0.000000000000000000e+00
9.486549058448238148e-01,0.000000000000000000e+00,0.000000000000000000e+00
9.497503503088479127e-01,0.000000000000000000e+00,0.000000000000000000e+00
9.508457947728718995e-01,0.000000000000000000e+00,0.000000000000000000e+00
9.519412392368958864e-01,0.000000000000000000e+00,0.000000000000000000e+00
9.530366837009199843e-01,0.000000000000000000e+00,0.000000000000000000e+00
9.541321281649441932e-01,0.000000000000000000e+00,0.000000000000000000e+00
9.552275726289681801e-01,0.000000000000000000e+00,0.000000000000000000e+00
9.563230170929921670e-01,0.000000000000000000e+00,0.000000000000000000e+00
9.574184615570162649e-01,0.000000000000000000e+00,0.000000000000000000e+00
9.585139060210402517e-01,0.000000000000000000e+00,0.000000000000000000e+00
9.596093504850642386e-01,0.000000000000000000e+00,0.000000000000000000e+00
9.607047949490883365e-01,0.000000000000000000e+00,0.000000000000000000e+00
9.618002394131123234e-01,0.000000000000000000e+00,0.000000000000000000e+00
9.628956838771363103e-01,0.000000000000000000e+00,0.000000000000000000e+00
9.639911283411605192e-01,0.000000000000000000e+00,0.000000000000000000e+00
9.650865728051846171e-01,0.000000000000000000e+00,0.000000000000000000e+00
9.661820172692086039e-01,0.000000000000000000e+00,0.000000000000000000e+00
9.672774617332325908e-01,0.000000000000000000e+00,0.000000000000000000e+00
9.683729061972566887e-01,0.000000000000000000e+00,0.000000000000000000e+00
9.694683506612806756e-01,0.000000000000000000e+00,0.000000000000000000e+00
9.705637951253046625e-01,0.000000000000000000e+00,0.000000000000000000e+00
9.716592395893287604e-01,0.000000000000000000e+00,0.000000000000000000e+00
9.727546840533529693e-01,0.000000000000000000e+00,0.000000000000000000e+00
9.738501285173769562e-01,0.000000000000000000e+00,0.000000000000000000e+00
9.749455729814009430e-01,0.000000000000000000e+00,0.000000000000000000e+00
9.760410174454250409e-01,0.000000000000000000e+00,0.000000000000000000e+00
9.771364619094490278e-01,0.000000000000000000e+00,0.000000000000000000e+00
9.782319063734730147e-01,0.000000000000000000e+00,0.000000000000000000e+00
9.793273508374971126e-01,0.000000000000000000e+00,0.000000000000000000e+00
9.804227953015210995e-01,0.000000000000000000e+00,0.000000000000000000e+00
9.815182397655453084e-01,0.000000000000000000e+00,0.000000000000000000e+00
9.826136842295692952e-01,0.000000000000000000e+00,0.000000000000000000e+00
9.837091286935933931e-01,0.000000000000000000e+00,0.000000000000000000e+00
9.848045731576173800e-01,0.000000000000000000e+00,0.000000000000000000e+00
9.859000176216413669e-01,0.000000000000000000e+00,0.000000000000000000e+00
9.869954620856654648e-01,0.000000000000000000e+00,0.000000000000000000e+00
9.880909065496894517e-01,0.000000000000000000e+00,0.000000000000000000e+00
9.891863510137134385e-01,0.000000000000000000e+00,0.000000000000000000e+00
9.902817954777375364e-01,0.000000000000000000e+00,0.000000000000000000e+00
9.913772399417617454e-01,0.000000000000000000e+00,0.000000000000000000e+00
9.924726844057857322e-01,0.000000000000000000e+00,0.000000000000000000e+00
9.935681288698097191e-01,0.000000000000000000e+00,0.000000000000000000e+00
9.946635733338338170e-01,0.000000000000000000e+00,0.000000000000000000e+00
9.957590177978578039e-01,0.000000000000000000e+00,0.000000000000000000e+00
9.968544622618817908e-01,0.000000000000000000e+00,0.000000000000000000e+00
9.979499067259058886e-01,0.000000000000000000e+00,0.000000000000000000e+00
9.990453511899298755e-01,0.000000000000000000e+00,0.000000000000000000e+00
1.000140795653954084e+00,0.000000000000000000e+00,0.000000000000000000e+00
1.001236240117978182e+00,0.000000000000000000e+00,0.000000000000000000e+00
1.002331684582002058e+00,0.000000000000000000e+00,0.000000000000000000e+00
1.003427129046026156e+00,0.000000000000000000e+00,0.000000000000000000e+00
1.004522573510050254e+00,0.000000000000000000e+00,0.000000000000000000e+00
1.005618017974074130e+00,0.000000000000000000e+00,0.000000000000000000e+00
1.006713462438098228e+00,0.000000000000000000e+00,0.000000000000000000e+00
1.007808906902122326e+00,0.000000000000000000e+00,0.000000000000000000e+00
1.008904351366146424e+00,0.000000000000000000e+00,0.000000000000000000e+00
1.009999795830170521e+00,0.000000000000000000e+00,0.000000000000000000e+00
1.011095240294194397e+00,0.000000000000000000e+00,0.000000000000000000e+00
1.012190684758218495e+00,0.000000000000000000e+00,0.000000000000000000e+00
1.013286129222242593e+00,0.000000000000000000e+00,0.000000000000000000e+00
1.014381573686266469e+00,0.000000000000000000e+00,0.000000000000000000e+00
1.015477018150290567e+00,0.000000000000000000e+00,0.000000000000000000e+00
1.016572462614314665e+00,0.000000000000000000e+00,0.000000000000000000e+00
1.017667907078338541e+00,0.000000000000000000e+00,0.000000000000000000e+00
1.018763351542362861e+00,0.000000000000000000e+00,0.000000000000000000e+00
1.019858796006386958e+00,0.000000000000000000e+00,0.000000000000000000e+00
1.020954240470410834e+00,0.000000000000000000e+00,0.000000000000000000e+00
1.022049684934434932e+00,0.000000000000000000e+00,0.000000000000000000e+00
1.023145129398459030e+00,0.000000000000000000e+00,0.000000000000000000e+00
1.024240573862482906e+00,0.000000000000000000e+00,0.000000000000000000e+00
1.025336018326507004e+00,0.000000000000000000e+00,0.000000000000000000e+00
1.026431462790531102e+00,0.000000000000000000e+00,0.000000000000000000e+00
1.027526907254555200e+00,0.000000000000000000e+00,0.000000000000000000e+00
1.028622351718579297e+00,0.000000000000000000e+00,0.000000000000000000e+00
1.029717796182603173e+00,0.000000000000000000e+00,0.000000000000000000e+00
1.030813240646627271e+00,0.000000000000000000e+00,0.000000000000000000e+00
1.031908685110651369e+00,0.000000000000000000e+00,0.000000000000000000e+00
1.033004129574675245e+00,0.000000000000000000e+00,0.000000000000000000e+00
1.034099574038699343e+00,0.000000000000000000e+00,0.000000000000000000e+00
1.035195018502723441e+00,0.000000000000000000e+00,0.000000000000000000e+00
1.036290462966747539e+00,0.000000000000000000e+00,0.000000000000000000e+00
1.037385907430771637e+00,0.000000000000000000e+00,0.000000000000000000e+00
1.038481351894795734e+00,0.000000000000000000e+00,0.000000000000000000e+00
1.039576796358819610e+00,0.000000000000000000e+00,0.000000000000000000e+00
1.040672240822843708e+00,0.000000000000000000e+00,0.000000000000000000e+00
1.041767685286867806e+00,0.000000000000000000e+00,0.000000000000000000e+00
1.042863129750891682e+00,0.000000000000000000e+00,0.000000000000000000e+00
1.043958574214915780e+00,0.000000000000000000e+00,0.000000000000000000e+00
1.045054018678939878e+00,0.000000000000000000e+00,0.000000000000000000e+00
1.046149463142963976e+00,0.000000000000000000e+00,0.000000000000000000e+00
1.047244907606988074e+00,0.000000000000000000e+00,0.000000000000000000e+00
1.048340352071011949e+00,0.000000000000000000e+00,0.000000000000000000e+00
1.049435796535036047e+00,0.000000000000000000e+00,0.000000000000000000e+00
1.050531240999060145e+00,0.000000000000000000e+00,0.000000000000000000e+00
1.051626685463084021e+00,0.000000000000000000e+00,0.000000000000000000e+00
1.052722129927108119e+00,0.000000000000000000e+00,0.000000000000000000e+00
1.053817574391132217e+00,0.000000000000000000e+00,0.000000000000000000e+00
1.054913018855156315e+00,0.000000000000000000e+00,0.000000000000000000e+00
1.056008463319180413e+00,0.000000000000000000e+00,0.000000000000000000e+00
1.057103907783204511e+00,0.000000000000000000e+00,0.000000000000000000e+00
1.058199352247228386e+00,0.000000000000000000e+00,0.000000000000000000e+00
1.059294796711252484e+00,0.000000000000000000e+00,0.000000000000000000e+00
1.060390241175276582e+00,0.000000000000000000e+00,0.000000000000000000e+00
1.061485685639300458e+00,0.000000000000000000e+00,0.000000000000000000e+00
1.062581130103324556e+00,0.000000000000000000e+00,0.000000000000000000e+00
1.063676574567348654e+00,0.000000000000000000e+00,0.000000000000000000e+00
1.064772019031372752e+00,0.000000000000000000e+00,0.000000000000000000e+00
1.065867463495396850e+00,0.000000000000000000e+00,0.000000000000000000e+00
1.066962907959420725e+00,0.000000000000000000e+00,0.000000000000000000e+00
1.068058352423444823e+00,0.000000000000000000e+00,0.000000000000000000e+00
1.069153796887468921e+00,0.000000000000000000e+00,0.000000000000000000e+00
1.070249241351492797e+00,0.000000000000000000e+00,0.000000000000000000e+00
1.071344685815516895e+00,0.000000000000000000e+00,0.000000000000000000e+00
1.072440130279540993e+00,0.000000000000000000e+00,0.000000000000000000e+00
1.073535574743565091e+00,0.000000000000000000e+00,0.000000000000000000e+00
1.074631019207589189e+00,0.000000000000000000e+00,0.000000000000000000e+00
1.075726463671613287e+00,0.000000000000000000e+00,0.000000000000000000e+00
1.076821908135637162e+00,0.000000000000000000e+00,0.000000000000000000e+00
1.077917352599661260e+00,0.000000000000000000e+00,0.000000000000000000e+00
1.079012797063685358e+00,0.000000000000000000e+00,0.000000000000000000e+00
1.080108241527709234e+00,0.000000000000000000e+00,0.000000000000000000e+00
1.081203685991733332e+00,0.000000000000000000e+00,0.000000000000000000e+00
1.082299130455757430e+00,0.000000000000000000e+00,0.000000000000000000e+00
1.083394574919781528e+00,0.000000000000000000e+00,0.000000000000000000e+00
1.084490019383805626e+00,0.000000000000000000e+00,0.000000000000000000e+00
1.085585463847829502e+00,0.000000000000000000e+00,0.000000000000000000e+00
1.086680908311853599e+00,0.000000000000000000e+00,0.000000000000000000e+00
1.087776352775877697e+00,0.000000000000000000e+00,0.000000000000000000e+00
1.088871797239901573e+00,0.000000000000000000e+00,0.000000000000000000e+00
1.089967241703925671e+00,0.000000000000000000e+00,0.000000000000000000e+00
1.091062686167949991e+00,0.000000000000000000e+00,0.000000000000000000e+00
1.092158130631973867e+00,0.000000000000000000e+00,0.000000000000000000e+00
1.093253575095997965e+00,0.000000000000000000e+00,0.000000000000000000e+00
1.094349019560022063e+00,0.000000000000000000e+00,0.000000000000000000e+00
1.095444464024045939e+00,0.000000000000000000e+00,0.000000000000000000e+00
1.096539908488070036e+00,0.000000000000000000e+00,0.000000000000000000e+00
1.097635352952094134e+00,0.000000000000000000e+00,0.000000000000000000e+00
1.098730797416118010e+00,0.000000000000000000e+00,0.000000000000000000e+00
1.099826241880142108e+00,0.000000000000000000e+00,0.000000000000000000e+00
1.100921686344166206e+00,0.000000000000000000e+00,0.000000000000000000e+00
1.102017130808190304e+00,0.000000000000000000e+00,0.000000000000000000e+00
1.103112575272214402e+00,0.000000000000000000e+00,0.000000000000000000e+00
1.104208019736238278e+00,0.000000000000000000e+00,0.000000000000000000e+00
1.105303464200262376e+00,0.000000000000000000e+00,0.000000000000000000e+00
1.106398908664286473e+00,0.000000000000000000e+00,0.000000000000000000e+00
1.107494353128310349e+00,0.000000000000000000e+00,0.000000000000000000e+00
1.108589797592334447e+00,0.000000000000000000e+00,0.000000000000000000e+00
1.109685242056358767e+00,0.000000000000000000e+00,0.000000000000000000e+00
1.110780686520382643e+00,0.000000000000000000e+00,0.000000000000000000e+00
1.111876130984406741e+00,0.000000000000000000e+00,0.000000000000000000e+00
1.112971575448430839e+00,0.000000000000000000e+00,0.000000000000000000e+00
1.114067019912454715e+00,0.000000000000000000e+00,0.000000000000000000e+00
1.115162464376478813e+00,0.000000000000000000e+00,0.000000000000000000e+00
1.116257908840502910e+00,0.000000000000000000e+00,0.000000000000000000e+00
1.117353353304526786e+00,0.000000000000000000e+00,0.000000000000000000e+00
1.118448797768551106e+00,0.000000000000000000e+00,0.000000000000000000e+00
1.119544242232574982e+00,0.000000000000000000e+00,0.000000000000000000e+00
1.120639686696599080e+00,0.000000000000000000e+00,0.000000000000000000e+00
1.121735131160623178e+00,0.000000000000000000e+00,0.000000000000000000e+00
1.122830575624647054e+00,0.000000000000000000e+00,0.000000000000000000e+00
1.123926020088671152e+00,0.000000000000000000e+00,0.000000000000000000e+00
1.125021464552695249e+00,0.000000000000000000e+00,0.000000000000000000e+00
1.126116909016719125e+00,0.000000000000000000e+00,0.000000000000000000e+00
1.127212353480743223e+00,0.000000000000000000e+00,0.000000000000000000e+00
1.128307797944767543e+00,0.000000000000000000e+00,0.000000000000000000e+00
1.129403242408791419e+00,0.000000000000000000e+00,0.000000000000000000e+00
1.130498686872815517e+00,0.000000000000000000e+00,0.000000000000000000e+00
1.131594131336839615e+00,0.000000000000000000e+00,0.000000000000000000e+00
1.132689575800863491e+00,0.000000000000000000e+00,0.000000000000000000e+00
1.133785020264887589e+00,0.000000000000000000e+00,0.000000000000000000e+00
1.134880464728911686e+00,0.000000000000000000e+00,0.000000000000000000e+00
1.135975909192935562e+00,0.000000000000000000e+00,0.000000000000000000e+00
1.137071353656959882e+00,0.000000000000000000e+00,0.000000000000000000e+00
1.138166798120983758e+00,0.000000000000000000e+00,0.000000000000000000e+00
1.139262242585007856e+00,0.000000000000000000e+00,0.000000000000000000e+00
1.140357687049031954e+00,0.000000000000000000e+00,0.000000000000000000e+00
1.141453131513055830e+00,0.000000000000000000e+00,0.000000000000000000e+00
1.142548575977079928e+00,0.000000000000000000e+00,0.000000000000000000e+00
1.143644020441104026e+00,0.000000000000000000e+00,0.000000000000000000e+00
1.144739464905127901e+00,0.000000000000000000e+00,0.000000000000000000e+00
1.145834909369152221e+00,0.000000000000000000e+00,0.000000000000000000e+00
1.146930353833176319e+00,0.000000000000000000e+00,0.000000000000000000e+00
1.148025798297200195e+00,0.000000000000000000e+00,0.000000000000000000e+00
1.149121242761224293e+00,0.000000000000000000e+00,0.000000000000000000e+00
1.150216687225248391e+00,0.000000000000000000e+00,0.000000000000000000e+00
1.151312131689272267e+00,0.000000000000000000e+00,0.000000000000000000e+00
1.152407576153296365e+00,0.000000000000000000e+00,0.000000000000000000e+00
1.153503020617320463e+00,0.000000000000000000e+00,0.000000000000000000e+00
1.154598465081344338e+00,0.000000000000000000e+00,0.000000000000000000e+00
1.155693909545368658e+00,0.000000000000000000e+00,0.000000000000000000e+00
1.156789354009392534e+00,0.000000000000000000e+00,0.000000000000000000e+00
1.157884798473416632e+00,0.000000000000000000e+00,0.000000000000000000e+00
1.158980242937440730e+00,0.000000000000000000e+00,0.000000000000000000e+00
1.160075687401464606e+00,0.000000000000000000e+00,0.000000000000000000e+00
1.161171131865488704e+00,0.000000000000000000e+00,0.000000000000000000e+00
1.162266576329512802e+00,0.000000000000000000e+00,0.000000000000000000e+00
1.163362020793536677e+00,0.000000000000000000e+00,0.000000000000000000e+00
1.164457465257560997e+00,0.000000000000000000e+00,0.000000000000000000e+00
1.165552909721585095e+00,0.000000000000000000e+00,0.000000000000000000e+00
1.166648354185608971e+00,0.000000000000000000e+00,0.000000000000000000e+00
1.167743798649633069e+00,0.000000000000000000e+00,0.000000000000000000e+00
1.168839243113657167e+00,0.000000000000000000e+00,0.000000000000000000e+00
1.169934687577681043e+00,0.000000000000000000e+00,0.000000000000000000e+00
1.171030132041705141e+00,0.000000000000000000e+00,0.000000000000000000e+00
1.172125576505729239e+00,0.000000000000000000e+00,0.000000000000000000e+00
1.173221020969753337e+00,0.000000000000000000e+00,0.000000000000000000e+00
1.174316465433777434e+00,0.000000000000000000e+00,0.000000000000000000e+00
1.175411909897801310e+00,0.000000000000000000e+00,0.000000000000000000e+00
1.176507354361825408e+00,0.000000000000000000e+00,0.000000000000000000e+00
1.177602798825849506e+00,0.000000000000000000e+00,0.000000000000000000e+00
1.178698243289873382e+00,0.000000000000000000e+00,0.000000000000000000e+00
1.179793687753897480e+00,0.000000000000000000e+00,0.000000000000000000e+00
1.180889132217921578e+00,0.000000000000000000e+00,0.000000000000000000e+00
1.181984576681945454e+00,0.000000000000000000e+00,0.000000000000000000e+00
1.183080021145969773e+00,0.000000000000000000e+00,0.000000000000000000e+00
1.184175465609993871e+00,0.000000000000000000e+00,0.000000000000000000e+00
1.185270910074017747e+00,0.000000000000000000e+00,0.000000000000000000e+00
1.186366354538041845e+00,0.000000000000000000e+00,0.000000000000000000e+00
1.187461799002065943e+00,0.000000000000000000e+00,0.000000000000000000e+00
1.188557243466089819e+00,0.000000000000000000e+00,0.000000000000000000e+00
1.189652687930113917e+00,0.000000000000000000e+00,0.000000000000000000e+00
1.190748132394138015e+00,0.000000000000000000e+00,0.000000000000000000e+00
1.191843576858162113e+00,0.000000000000000000e+00,0.000000000000000000e+00
1.192939021322186210e+00,0.000000000000000000e+00,0.000000000000000000e+00
1.194034465786210086e+00,0.000000000000000000e+00,0.000000000000000000e+00
1.195129910250234184e+00,0.000000000000000000e+00,0.000000000000000000e+00
1.196225354714258282e+00,0.000000000000000000e+00,0.000000000000000000e+00
1.197320799178282158e+00,0.000000000000000000e+00,0.000000000000000000e+00
1.198416243642306256e+00,0.000000000000000000e+00,0.000000000000000000e+00
1.199511688106330354e+00,0.000000000000000000e+00,0.000000000000000000e+00
1.200607132570354452e+00,0.000000000000000000e+00,0.000000000000000000e+00
1.201702577034378550e+00,0.000000000000000000e+00,0.000000000000000000e+00
1.202798021498402647e+00,0.000000000000000000e+00,0.000000000000000000e+00
1.203893465962426523e+00,0.000000000000000000e+00,0.000000000000000000e+00
1.204988910426450621e+00,0.000000000000000000e+00,0.000000000000000000e+00
1.206084354890474719e+00,0.000000000000000000e+00,0.000000000000000000e+00
1.207179799354498595e+00,0.000000000000000000e+00,0.000000000000000000e+00
1.208275243818522693e+00,0.000000000000000000e+00,0.000000000000000000e+00
1.209370688282546791e+00,0.000000000000000000e+00,0.000000000000000000e+00
1.210466132746570889e+00,0.000000000000000000e+00,0.000000000000000000e+00
1.211561577210594987e+00,0.000000000000000000e+00,0.000000000000000000e+00
1.212657021674618862e+00,0.000000000000000000e+00,0.000000000000000000e+00
1.213752466138642960e+00,0.000000000000000000e+00,0.000000000000000000e+00
1.214847910602667058e+00,0.000000000000000000e+00,0.000000000000000000e+00
1.215943355066690934e+00,0.000000000000000000e+00,0.000000000000000000e+00
1.217038799530715032e+00,0.000000000000000000e+00,0.000000000000000000e+00
1.218134243994739130e+00,0.000000000000000000e+00,0.000000000000000000e+00
1.219229688458763228e+00,0.000000000000000000e+00,0.000000000000000000e+00
1.220325132922787326e+00,0.000000000000000000e+00,0.000000000000000000e+00
1.221420577386811424e+00,0.000000000000000000e+00,0.000000000000000000e+00
1.222516021850835299e+00,0.000000000000000000e+00,0.000000000000000000e+00
1.223611466314859397e+00,0.000000000000000000e+00,0.000000000000000000e+00
1.224706910778883495e+00,0.000000000000000000e+00,0.000000000000000000e+00
1.225802355242907371e+00,0.000000000000000000e+00,0.000000000000000000e+00
1.226897799706931469e+00,0.000000000000000000e+00,0.000000000000000000e+00
1.227993244170955567e+00,0.000000000000000000e+00,0.000000000000000000e+00
1.229088688634979665e+00,0.000000000000000000e+00,0.000000000000000000e+00
1.230184133099003763e+00,0.000000000000000000e+00,0.000000000000000000e+00
1.231279577563027638e+00,0.000000000000000000e+00,0.000000000000000000e+00
1.232375022027051736e+00,0.000000000000000000e+00,0.000000000000000000e+00
1.233470466491075834e+00,0.000000000000000000e+00,0.000000000000000000e+00
1.234565910955099710e+00,0.000000000000000000e+00,0.000000000000000000e+00
1.235661355419123808e+00,0.000000000000000000e+00,0.000000000000000000e+00
1.236756799883147906e+00,0.000000000000000000e+00,0.000000000000000000e+00
1.237852244347172004e+00,0.000000000000000000e+00,0.000000000000000000e+00
1.238947688811196102e+00,0.000000000000000000e+00,0.000000000000000000e+00
1.240043133275220200e+00,0.000000000000000000e+00,0.000000000000000000e+00
1.241138577739244075e+00,0.000000000000000000e+00,0.000000000000000000e+00
1.242234022203268173e+00,0.000000000000000000e+00,0.000000000000000000e+00
1.243329466667292271e+00,0.000000000000000000e+00,0.000000000000000000e+00
1.244424911131316147e+00,0.000000000000000000e+00,0.000000000000000000e+00
1.245520355595340245e+00,0.000000000000000000e+00,0.000000000000000000e+00
1.246615800059364343e+00,0.000000000000000000e+00,0.000000000000000000e+00
1.247711244523388441e+00,0.000000000000000000e+00,0.000000000000000000e+00
1.248806688987412539e+00,0.000000000000000000e+00,0.000000000000000000e+00
1.249902133451436415e+00,0.000000000000000000e+00,0.000000000000000000e+00
1.250997577915460512e+00,0.000000000000000000e+00,0.000000000000000000e+00
1.252093022379484610e+00,0.000000000000000000e+00,0.000000000000000000e+00
1.253188466843508486e+00,0.000000000000000000e+00,0.000000000000000000e+00
1.254283911307532584e+00,0.000000000000000000e+00,0.000000000000000000e+00
1.255379355771556904e+00,0.000000000000000000e+00,0.000000000000000000e+00
1.256474800235580780e+00,0.000000000000000000e+00,0.000000000000000000e+00
1.257570244699604878e+00,0.000000000000000000e+00,0.000000000000000000e+00
1.258665689163628976e+00,0.000000000000000000e+00,0.000000000000000000e+00
1.259761133627652852e+00,0.000000000000000000e+00,0.000000000000000000e+00
1.260856578091676949e+00,0.000000000000000000e+00,0.000000000000000000e+00
1.261952022555701047e+00,0.000000000000000000e+00,0.000000000000000000e+00
1.263047467019724923e+00,0.000000000000000000e+00,0.000000000000000000e+00
1.264142911483749021e+00,0.000000000000000000e+00,0.000000000000000000e+00
1.265238355947773119e+00,0.000000000000000000e+00,0.000000000000000000e+00
1.266333800411797217e+00,0.000000000000000000e+00,0.000000000000000000e+00
1.267429244875821315e+00,0.000000000000000000e+00,0.000000000000000000e+00
1.268524689339845191e+00,0.000000000000000000e+00,0.000000000000000000e+00
1.269620133803869289e+00,0.000000000000000000e+00,0.000000000000000000e+00
1.270715578267893386e+00,0.000000000000000000e+00,0.000000000000000000e+00
1.271811022731917262e+00,0.000000000000000000e+00,0.000000000000000000e+00
1.272906467195941360e+00,0.000000000000000000e+00,0.000000000000000000e+00
1.274001911659965680e+00,0.000000000000000000e+00,0.000000000000000000e+00
1.275097356123989556e+00,0.000000000000000000e+00,0.000000000000000000e+00
1.276192800588013654e+00,0.000000000000000000e+00,0.000000000000000000e+00
1.277288245052037752e+00,0.000000000000000000e+00,0.000000000000000000e+00
1.278383689516061628e+00,0.000000000000000000e+00,0.000000000000000000e+00
1.279479133980085725e+00,0.000000000000000000e+00,0.000000000000000000e+00
1.280574578444109823e+00,0.000000000000000000e+00,0.000000000000000000e+00
1.281670022908133699e+00,0.000000000000000000e+00,0.000000000000000000e+00
1.282765467372158019e+00,0.000000000000000000e+00,0.000000000000000000e+00
1.283860911836181895e+00,0.000000000000000000e+00,0.000000000000000000e+00
1.284956356300205993e+00,0.000000000000000000e+00,0.000000000000000000e+00
1.286051800764230091e+00,0.000000000000000000e+00,0.000000000000000000e+00
1.287147245228253967e+00,0.000000000000000000e+00,0.000000000000000000e+00
1.288242689692278065e+00,0.000000000000000000e+00,0.000000000000000000e+00
1.289338134156302162e+00,0.000000000000000000e+00,0.000000000000000000e+00
1.290433578620326038e+00,0.000000000000000000e+00,0.000000000000000000e+00
1.291529023084350136e+00,0.000000000000000000e+00,0.000000000000000000e+00
1.292624467548374456e+00,0.000000000000000000e+00,0.000000000000000000e+00
1.293719912012398332e+00,0.000000000000000000e+00,0.000000000000000000e+00
1.294815356476422430e+00,0.000000000000000000e+00,0.000000000000000000e+00
1.295910800940446528e+00,0.000000000000000000e+00,0.000000000000000000e+00
1.297006245404470404e+00,0.000000000000000000e+00,0.000000000000000000e+00
1.298101689868494502e+00,0.000000000000000000e+00,0.000000000000000000e+00
1.299197134332518377e+00,0.000000000000000000e+00,0.000000000000000000e+00
1.300292578796542475e+00,0.000000000000000000e+00,0.000000000000000000e+00
1.301388023260566795e+00,0.000000000000000000e+00,0.000000000000000000e+00
1.302483467724590671e+00,0.000000000000000000e+00,0.000000000000000000e+00
1.303578912188614769e+00,0.000000000000000000e+00,0.000000000000000000e+00
1.304674356652638867e+00,0.000000000000000000e+00,0.000000000000000000e+00
1.305769801116662743e+00,0.000000000000000000e+00,0.000000000000000000e+00
1.306865245580686841e+00,0.000000000000000000e+00,0.000000000000000000e+00
1.307960690044710939e+00,0.000000000000000000e+00,0.000000000000000000e+00
1.309056134508734814e+00,0.000000000000000000e+00,0.000000000000000000e+00
1.310151578972759134e+00,0.000000000000000000e+00,0.000000000000000000e+00
1.311247023436783232e+00,0.000000000000000000e+00,0.000000000000000000e+00
1.312342467900807108e+00,0.000000000000000000e+00,0.000000000000000000e+00
1.313437912364831206e+00,0.000000000000000000e+00,0.000000000000000000e+00
1.314533356828855304e+00,0.000000000000000000e+00,0.000000000000000000e+00
1.315628801292879180e+00,0.000000000000000000e+00,0.000000000000000000e+00
1.316724245756903278e+00,0.000000000000000000e+00,0.000000000000000000e+00
1.317819690220927153e+00,0.000000000000000000e+00,0.000000000000000000e+00
1.318915134684951251e+00,0.000000000000000000e+00,0.000000000000000000e+00
1.320010579148975571e+00,0.000000000000000000e+00,0.000000000000000000e+00
1.321106023612999447e+00,0.000000000000000000e+00,0.000000000000000000e+00
1.322201468077023545e+00,0.000000000000000000e+00,0.000000000000000000e+00
1.323296912541047643e+00,0.000000000000000000e+00,0.000000000000000000e+00
1.324392357005071519e+00,0.000000000000000000e+00,0.000000000000000000e+00
1.325487801469095617e+00,0.000000000000000000e+00,0.000000000000000000e+00
1.326583245933119715e+00,0.000000000000000000e+00,0.000000000000000000e+00
1.327678690397143590e+00,0.000000000000000000e+00,0.000000000000000000e+00
1.328774134861167910e+00,0.000000000000000000e+00,0.000000000000000000e+00
1.329869579325192008e+00,0.000000000000000000e+00,0.000000000000000000e+00
1.330965023789215884e+00,0.000000000000000000e+00,0.000000000000000000e+00
1.332060468253239982e+00,0.000000000000000000e+00,0.000000000000000000e+00
1.333155912717263858e+00,0.000000000000000000e+00,0.000000000000000000e+00
1.334251357181287956e+00,0.000000000000000000e+00,0.000000000000000000e+00
1.335346801645312054e+00,0.000000000000000000e+00,0.000000000000000000e+00
1.336442246109335930e+00,0.000000000000000000e+00,0.000000000000000000e+00
1.337537690573360250e+00,0.000000000000000000e+00,0.000000000000000000e+00
1.338633135037384347e+00,0.000000000000000000e+00,0.000000000000000000e+00
1.339728579501408223e+00,0.000000000000000000e+00,0.000000000000000000e+00
1.340824023965432321e+00,0.000000000000000000e+00,0.000000000000000000e+00
1.341919468429456419e+00,0.000000000000000000e+00,0.000000000000000000e+00
1.343014912893480295e+00,0.000000000000000000e+00,0.000000000000000000e+00
1.344110357357504393e+00,0.000000000000000000e+00,0.000000000000000000e+00
1.345205801821528491e+00,0.000000000000000000e+00,0.000000000000000000e+00
1.346301246285552367e+00,0.000000000000000000e+00,0.000000000000000000e+00
1.347396690749576686e+00,0.000000000000000000e+00,0.000000000000000000e+00
1.348492135213600562e+00,0.000000000000000000e+00,0.000000000000000000e+00
1.349587579677624660e+00,0.000000000000000000e+00,0.000000000000000000e+00
1.350683024141648758e+00,0.000000000000000000e+00,0.000000000000000000e+00
1.351778468605672634e+00,0.000000000000000000e+00,0.000000000000000000e+00
1.352873913069696732e+00,0.000000000000000000e+00,0.000000000000000000e+00
1.353969357533720830e+00,0.000000000000000000e+00,0.000000000000000000e+00
1.355064801997744706e+00,0.000000000000000000e+00,0.000000000000000000e+00
1.356160246461769026e+00,0.000000000000000000e+00,0.000000000000000000e+00
1.357255690925793123e+00,0.000000000000000000e+00,0.000000000000000000e+00
1.358351135389816999e+00,0.000000000000000000e+00,0.000000000000000000e+00
1.359446579853841097e+00,0.000000000000000000e+00,0.000000000000000000e+00
1.360542024317865195e+00,0.000000000000000000e+00,0.000000000000000000e+00
1.361637468781889071e+00,0.000000000000000000e+00,0.000000000000000000e+00
1.362732913245913169e+00,0.000000000000000000e+00,0.000000000000000000e+00
1.363828357709937267e+00,0.000000000000000000e+00,0.000000000000000000e+00
1.364923802173961365e+00,0.000000000000000000e+00,0.000000000000000000e+00
1.366019246637985463e+00,0.000000000000000000e+00,0.000000000000000000e+00
1.367114691102009338e+00,0.000000000000000000e+00,0.000000000000000000e+00
1.368210135566033436e+00,0.000000000000000000e+00,0.000000000000000000e+00
1.369305580030057534e+00,0.000000000000000000e+00,0.000000000000000000e+00
