# omega(Hartree) S(1/Hartree) dS(1/Hartree)
1.095444464024046072e-03,3.821523166991440235e+00,1.506552074886170267e+00
2.190888928048092144e-03,3.803013017380147076e+00,1.481088609746026297e+00
3.286333392072138000e-03,3.791659162360254687e+00,1.457416506487595020e+00
4.381777856096184288e-03,3.786883985399647656e+00,1.435327598552965878e+00
5.477222320120230144e-03,3.788173485190075684e+00,1.414621998409888004e+00
6.572666784144275999e-03,3.795067838723587439e+00,1.395108379177361746e+00
7.668111248168322722e-03,3.807153425559669735e+00,1.376606831294283628e+00
8.763555712192368577e-03,3.824056069506487354e+00,1.358955484889283083e+00
9.859000176216414432e-03,3.845435298956897618e+00,1.342022188632376656e+00
1.095444464024046029e-02,3.870979463198488624e+00,1.325722563394217124e+00
1.204988910426450614e-02,3.900401571018056401e+00,1.310044835308510125e+00
1.314533356828855200e-02,3.933435741332606206e+00,1.295079740515068023e+00
1.424077803231259785e-02,3.969834174511213121e+00,1.281049934459028483e+00
1.533622249633664544e-02,4.009364568423767317e+00,1.268326882917059084e+00
1.643166696036068783e-02,4.051807915766898915e+00,1.257416151489288758e+00
1.752711142438473715e-02,4.096956629418158968e+00,1.248889402735422927e+00
1.862255588840878301e-02,4.144612950932447859e+00,1.243255380678089939e+00
1.971800035243282886e-02,4.194587604140368242e+00,1.240815011683440439e+00
2.081344481645687472e-02,4.246698661447863010e+00,1.241658876009458234e+00
2.190888928048092057e-02,4.300770595086762960e+00,1.246142533927241169e+00
2.300433374450496643e-02,4.356633489408424431e+00,1.256342465592827917e+00
2.409977820852901229e-02,4.414122393511359377e+00,1.278880658852852070e+00
2.519522267255305814e-02,4.473076796147723577e+00,1.328379484309444525e+00
2.629066713657710400e-02,4.533340207084136431e+00,1.427777948757941173e+00
2.738611160060114985e-02,4.594759830963476510e+00,1.599340439949524573e+00
2.848155606462519571e-02,4.657186321298930842e+00,1.848515355453128395e+00
2.957700052864924503e-02,4.720473603579701027e+00,2.164572234633368009e+00
3.067244499267329089e-02,4.784478757631463353e+00,2.578685863195370853e+00
3.176788945669733327e-02,4.849061950370627372e+00,3.280278127660273491e+00
3.286333392072137566e-02,4.914086410977993147e+00,4.570500372814549905e+00
3.395877838474542498e-02,4.979418441284313879e+00,6.477161778642797074e+00
3.505422284876947431e-02,5.044927454862222049e+00,8.553155769081437043e+00
3.614966731279351669e-02,5.110486038919174412e+00,1.009999703469312315e+01
3.724511177681756602e-02,5.175970033698765960e+00,1.054776617005435924e+01
3.834055624084160840e-02,5.241258624563856827e+00,9.759335030875545769e+00
3.943600070486565773e-02,5.306234442462872458e+00,8.076778632279898673e+00
4.053144516888970011e-02,5.370783668909636432e+00,6.102934141604555052e+00
4.162688963291374944e-02,5.434796142036711686e+00,4.394475783948012193e+00
4.272233409693779183e-02,5.498165460678968941e+00,3.242128742405836928e+00
4.381777856096184115e-02,5.560789083820406375e+00,2.607760550285054713e+00
4.491322302498588354e-02,5.622568423092813461e+00,2.268873452336899188e+00
4.600866748900993286e-02,5.683408926350290713e+00,2.051339054970711118e+00
4.710411195303397525e-02,5.743220150660497403e+00,1.892170588368838224e+00
4.819955641705802457e-02,5.801915823351546209e+00,1.781332854157172463e+00
4.929500088108207390e-02,5.859413890034422145e+00,1.716143874866353558e+00
5.039044534510611628e-02,5.915636548781207260e+00,1.688404242069768024e+00
5.148588980913015867e-02,5.970510269883908983e+00,1.686560260009326129e+00
5.258133427315420799e-02,6.023965800843064322e+00,1.700008755488455092e+00
5.367677873717825038e-02,6.075938156441678117e+00,1.721126949576894605e+00
5.477222320120229970e-02,6.126366593949354566e+00,1.745260683790972323e+00
5.586766766522634903e-02,6.175194573670522935e+00,1.769910760683394813e+00
5.696311212925039141e-02,6.222369705203783852e+00,1.793892391763745708e+00
5.805855659327444074e-02,6.267843679913312371e+00,1.816725343675987148e+00
5.915400105729849006e-02,6.311572190231751200e+00,1.838261642679969388e+00
6.024944552132253245e-02,6.353514836513927122e+00,1.858484745133092586e+00
6.134488998534658177e-02,6.393635022247019961e+00,1.877413739720429575e+00
6.244033444937061722e-02,6.431899838492102894e+00,1.895065047732797270e+00
6.353577891339466654e-02,6.468279938488220360e+00,1.911442075563992260e+00
6.463122337741870893e-02,6.502749403392396488e+00,1.926536551595803282e+00
6.572666784144275132e-02,6.535285600158974084e+00,1.940333320791669092e+00
6.682211230546680758e-02,6.565869032580982534e+00,1.952815022054215754e+00
6.791755676949084997e-02,6.594483186523693696e+00,1.963965419318042027e+00
6.901300123351489235e-02,6.621114370380180247e+00,1.973771274925589347e+00
7.010844569753894862e-02,6.645751551769771837e+00,1.982223015900805407e+00
7.120389016156299100e-02,6.668386191482872150e+00,1.989314579604264166e+00
7.229933462558703339e-02,6.689012075653925748e+00,1.995042754273005370e+00
7.339477908961108965e-02,6.707625147116847764e+00,1.999406233101596708e+00
7.449022355363513204e-02,6.724223336863198952e+00,2.002404549963721081e+00
7.558566801765917442e-02,6.738806396490344852e+00,2.004037007826137362e+00
7.668111248168321681e-02,6.751375732487062464e+00,2.004301582231515777e+00
7.777655694570725919e-02,6.761934243164532177e+00,2.003193853385418333e+00
7.887200140973131546e-02,6.770486158999930559e+00,2.000705920536783644e+00
7.996744587375535784e-02,6.777036887117924735e+00,1.996825301466250702e+00
8.106289033777940023e-02,6.781592860594846783e+00,1.991533697479831000e+00
8.215833480180345649e-02,6.784161393225130787e+00,1.984805638544258066e+00
8.325377926582749888e-02,6.784750540360950488e+00,1.976606845447540284e+00
8.434922372985154126e-02,6.783368966378213294e+00,1.966892242795968526e+00
8.544466819387558365e-02,6.780025819305777190e+00,1.955603458573158315e+00
8.654011265789963991e-02,6.774730613103859156e+00,1.942665599907761775e+00
8.763555712192368230e-02,6.767493118050999179e+00,1.927983111690251938e+00
8.873100158594772469e-02,6.758323259665362848e+00,1.911434388363572046e+00
8.982644604997176707e-02,6.747231026555034816e+00,1.892864881515665898e+00
9.092189051399580946e-02,6.734226387565181327e+00,1.872078365414069356e+00
9.201733497801986572e-02,6.719319218561253138e+00,1.848826248437570596e+00
9.311277944204390811e-02,6.702519239162294085e+00,1.822795107894126909e+00
9.420822390606795049e-02,6.683835959713474217e+00,1.793593323480420887e+00
9.530366837009200676e-02,6.663278638762061945e+00,1.760739089368793309e+00
9.639911283411604914e-02,6.640856251277470257e+00,1.723654487321878870e+00
9.749455729814009153e-02,6.616577467830542680e+00,1.681674117336546592e+00
9.859000176216414779e-02,6.590450644922441370e+00,1.634083212303971466e+00
9.968544622618819018e-02,6.562483826626301919e+00,1.580208619060357478e+00
1.007808906902122326e-01,6.532684757675375486e+00,1.519596928077236786e+00
1.018763351542362888e-01,6.501060908100779301e+00,1.452321344444496454e+00
1.029717796182603173e-01,6.467619509486004503e+00,1.379448228584263525e+00
1.040672240822843597e-01,6.432367602867026690e+00,1.303624986324273483e+00
1.051626685463084160e-01,6.395312098263398859e+00,1.229555703063784922e+00
1.062581130103324584e-01,6.356459845777004070e+00,1.163800386496672168e+00
1.073535574743565008e-01,6.315817718140528392e+00,1.113392114027358382e+00
1.084490019383805570e-01,6.273392704536750131e+00,1.085222144968669422e+00
1.095444464024045994e-01,6.229192015442696295e+00,1.095861554135378668e+00
1.106398908664286418e-01,6.183223198177186575e+00,1.207772554100656981e+00
1.117353353304526981e-01,6.135494262747927863e+00,1.564172710412245371e+00
1.128307797944767404e-01,6.086013817504443146e+00,2.313982554179939921e+00
1.139262242585007828e-01,6.034791214005375437e+00,3.498977599347941503e+00
1.150216687225248391e-01,5.981836700403576401e+00,5.038427206697011940e+00
1.161171131865488815e-01,5.927161582539979712e+00,6.729255737859435982e+00
1.172125576505729239e-01,5.870778391819531095e+00,8.261208565226716871e+00
1.183080021145969801e-01,5.812701058817178357e+00,9.288281497577566270e+00
1.194034465786210225e-01,5.752945091436285630e+00,9.547064582032291469e+00
1.204988910426450649e-01,5.691527756307576347e+00,8.968653687994150303e+00
1.215943355066691212e-01,5.628468261988752275e+00,7.720887005381835699e+00
1.226897799706931635e-01,5.563787942391696717e+00,6.151837892456495815e+00
1.237852244347171921e-01,5.497510438738732574e+00,4.659804077617958562e+00
1.248806688987412344e-01,5.429661878229170568e+00,3.541977396097607755e+00
1.259761133627652907e-01,5.360271047485348994e+00,2.870695720499076842e+00
1.270715578267893331e-01,5.289369558750527389e+00,2.499974658448183451e+00
1.281670022908133755e-01,5.216992006727424247e+00,2.249048737110422191e+00
1.292624467548374179e-01,5.143176113884155853e+00,2.033763188124400489e+00
1.303578912188614602e-01,5.067962862014536718e+00,1.845875788021405617e+00
1.314533356828855026e-01,4.991396607826221299e+00,1.698538054557698906e+00
1.325487801469095728e-01,4.913525180347376953e+00,1.597675623530821598e+00
1.336442246109336152e-01,4.834399957992103758e+00,1.536597648148361639e+00
1.347396690749576575e-01,4.754075923209361676e+00,1.501777880869116455e+00
1.358351135389816999e-01,4.672611692763741331e+00,1.480040363223121602e+00
1.369305580030057423e-01,4.590069521857535584e+00,1.462306878792043463e+00
1.380260024670297847e-01,4.506515280505126952e+00,1.443955037316946077e+00
1.391214469310538548e-01,4.422018400810890704e+00,1.423609204320213983e+00
1.402168913950778972e-01,4.336651794082038158e+00,1.401709023146167077e+00
1.413123358591019396e-01,4.250491737021508065e+00,1.379399339006319725e+00
1.424077803231259820e-01,4.163617726593282775e+00,1.357836898047750651e+00
1.435032247871500244e-01,4.076112303529545677e+00,1.337844982316604536e+00
1.445986692511740668e-01,3.988060844845739528e+00,1.319810568982052290e+00
1.456941137151981369e-01,3.899551326144205632e+00,1.303726201040858124e+00
1.467895581792221793e-01,3.810674054911438624e+00,1.289299522864704617e+00
1.478850026432462217e-01,3.721521376436419004e+00,1.276077220631096631e+00
1.489804471072702641e-01,3.632187354393920486e+00,1.263552356802343901e+00
1.500758915712943065e-01,3.542767428537662688e+00,1.251241901241067378e+00
1.511713360353183488e-01,3.453358052314489779e+00,1.238733256155706508e+00
1.522667804993423912e-01,3.364056313575895629e+00,1.225704991946523492e+00
1.533622249633664336e-01,3.274959541801672813e+00,1.211929235518869996e+00
1.544576694273904760e-01,3.186164905583729112e+00,1.197262860954009467e+00
1.555531138914145184e-01,3.097769004218367428e+00,1.181633169278284656e+00
1.566485583554385608e-01,3.009867457462378937e+00,1.165022014111419146e+00
1.577440028194626309e-01,2.922554497501047788e+00,1.147450821670783938e+00
1.588394472834866733e-01,2.835922567237839420e+00,1.128967760231585737e+00
1.599348917475107157e-01,2.750061928895821683e+00,1.109637531686919143e+00
1.610303362115347581e-01,2.665060286806541612e+00,1.089533741137190592e+00
1.621257806755588005e-01,2.581002428050929609e+00,1.068733543332498481e+00
1.632212251395828428e-01,2.497969884362956527e+00,1.047314138005766448e+00
1.643166696036069130e-01,2.416040618383790139e+00,1.025350676580101039e+00
1.654121140676309554e-01,2.335288737001427251e+00,1.002915177254703361e+00
1.665075585316549978e-01,2.255784234109248665e+00,9.800761126540524781e-01
1.676030029956790401e-01,2.177592764690803762e+00,9.568984077600373173e-01
1.686984474597030825e-01,2.100775451692978635e+00,9.334436536234771431e-01
1.697938919237271249e-01,2.025388726693063468e+00,9.097704075939405666e-01
1.708893363877511673e-01,1.951484204908930709e+00,8.859344936775278567e-01
1.719847808517752374e-01,1.879108594656247355e+00,8.619892577886947294e-01
1.730802253157992798e-01,1.808303640923447642e+00,8.379857563167082413e-01
1.741756697798233222e-01,1.739106102332903969e+00,8.139728750303961702e-01
1.752711142438473646e-01,1.671547760381117520e+00,7.899973844760495023e-01
1.763665587078714070e-01,1.605655459513812389e+00,7.661039451633002706e-01
1.774620031718954494e-01,1.541451176297970793e+00,7.423350746266803579e-01
1.785574476359194918e-01,1.478952115696318126e+00,7.187310920306148043e-01
1.796528920999435341e-01,1.418170832251741009e+00,6.953300505419073296e-01
1.807483365639675765e-01,1.359115373818852612e+00,6.721676681837369660e-01
1.818437810279916189e-01,1.301789445376695165e+00,6.492772637195775021e-01
1.829392254920156613e-01,1.246192590381292931e+00,6.266897032578687687e-01
1.840346699560397314e-01,1.192320387090805900e+00,6.044333595946800308e-01
1.851301144200637738e-01,1.140164657308750495e+00,5.825340865533017443e-01
1.862255588840878162e-01,1.089713685038301794e+00,5.610152074688272705e-01
1.873210033481118586e-01,1.040952442617894658e+00,5.398975175582420016e-01
1.884164478121359010e-01,9.938628220154503978e-01,5.191992971426702130e-01
1.895118922761599434e-01,9.484238690870860911e-01,4.989363345019328100e-01
1.906073367401840135e-01,9.046120187516357714e-01,4.791219544080750903e-01
1.917027812042080559e-01,8.624013291945965554e-01,4.597670490702678303e-01
1.927982256682320983e-01,8.217637133842584651e-01,4.408801079127025457e-01
1.938936701322561407e-01,7.826691663603985161e-01,4.224672407420445586e-01
1.949891145962801831e-01,7.450859869339654384e-01,4.045321891030387862e-01
1.960845590603042254e-01,7.089809926155627995e-01,3.870763172212324799e-01
1.971800035243282956e-01,6.743197267647418336e-01,3.700985713160047652e-01
1.982754479883523380e-01,6.410666571218581744e-01,3.535953870716996295e-01
1.993708924523763804e-01,6.091853650457823566e-01,3.375605110722919022e-01
2.004663369164004227e-01,5.786387249333996285e-01,3.219846701314000303e-01
2.015617813804244651e-01,5.493890734381181584e-01,3.068549615461514946e-01
2.026572258444485075e-01,5.213983682373922734e-01,2.921537152589654407e-01
2.037526703084725777e-01,4.946283362153385266e-01,2.778563447308228240e-01
2.048481147724966200e-01,4.690406110373224191e-01,2.639272700443747732e-01
2.059435592365206347e-01,4.445968601857679392e-01,2.503122531565652453e-01
2.070390037005446771e-01,4.212589016103195916e-01,2.369243849906111365e-01
2.081344481645687194e-01,3.989888102194306119e-01,2.236199240714350223e-01
2.092298926285927896e-01,3.777490144985947707e-01,2.101614931339029491e-01
2.103253370926168320e-01,3.575023835934270089e-01,1.961781428375653502e-01
2.114207815566408744e-01,3.382123052357008941e-01,1.811795450486877179e-01
2.125162260206649167e-01,3.198427549233469058e-01,1.648223624277810329e-01
2.136116704846889591e-01,3.023583567890866242e-01,1.479030038462645913e-01
2.147071149487130015e-01,2.857244366099979116e-01,1.346640286742757375e-01
2.158025594127370717e-01,2.699070674195072073e-01,1.406252808455662473e-01
2.168980038767611140e-01,2.548731081886320138e-01,2.479616045071092734e-01
2.179934483407851564e-01,2.405902360432099207e-01,6.252354237740660459e-01
2.190888928048091988e-01,2.270269724771974973e-01,1.295818075874425546e+00
2.201843372688332134e-01,2.141527040164193374e-01,1.905094780953878519e+00
2.212797817328572836e-01,2.019376977723134903e-01,1.916894152773584103e+00
2.223752261968813260e-01,1.903531123140539683e-01,1.366932900274201002e+00
2.234706706609053961e-01,1.793710042694809104e-01,9.142097022878369339e-01
2.245661151249294107e-01,1.689643310477939586e-01,7.541217434868539016e-01
2.256615595889534809e-01,1.591069500592967312e-01,6.150240843012210190e-01
2.267570040529774955e-01,1.497736147861009337e-01,4.577949613511504423e-01
2.278524485170015657e-01,1.409399680391310028e-01,3.352934784023712811e-01
2.289478929810256080e-01,1.325825327158226263e-01,2.821397791498188035e-01
2.300433374450496782e-01,1.246787003529833127e-01,2.806202534297230766e-01
2.311387819090736928e-01,1.172067177479846761e-01,2.921916122256439374e-01
2.322342263730977630e-01,1.101456719052967548e-01,2.986534431044557958e-01
2.333296708371217776e-01,1.034754735409169901e-01,2.961196912532173542e-01
2.344251153011458477e-01,9.717683936516770260e-02,2.845579526233035783e-01
2.355205597651698901e-01,9.123127334074078443e-02,2.647914638045831826e-01
2.366160042291939603e-01,8.562104710015408515e-02,2.382402781677165904e-01
2.377114486932179749e-01,8.032917968931213570e-02,2.069815739432002144e-01
2.388068931572420450e-01,7.533941678726152613e-02,1.736548021069032333e-01
2.399023376212660597e-01,7.063620954099236737e-02,1.412441482847723861e-01
2.409977820852901298e-01,6.620469313752153084e-02,1.128139533501461428e-01
2.420932265493141722e-01,6.203066522515391507e-02,9.114750665975714095e-02
2.431886710133382423e-01,5.810056428271445639e-02,7.797388292842437341e-02
2.442841154773622570e-01,5.440144802592168649e-02,7.278665424159014297e-02
2.453795599413863271e-01,5.092097192825805613e-02,7.288038531102210282e-02
2.464750044054103417e-01,4.764736792643765179e-02,7.528482065377450905e-02
2.475704488694343841e-01,4.456942336978256952e-02,7.814467640558953043e-02
2.486658933334584543e-01,4.167646026759573574e-02,8.064774419866821420e-02
2.497613377974824689e-01,3.895831487812247140e-02,8.252806036359552899e-02
2.508567822615065390e-01,3.640531767931504820e-02,8.372144568499986783e-02
2.519522267255305814e-01,3.400827375388369711e-02,8.421062654776051426e-02
2.530476711895546238e-01,3.175844361521883152e-02,8.397818849314749035e-02
2.541431156535786662e-01,2.964752449776977133e-02,8.300409026617315555e-02
2.552385601176027086e-01,2.766763212943016206e-02,8.127562831839184321e-02
2.563340045816267510e-01,2.581128299938695997e-02,7.879752421222800673e-02
2.574294490456507933e-01,2.407137713310997934e-02,7.559891972768863211e-02
2.585248935096748357e-01,2.244118138059676693e-02,7.173717879853469537e-02
2.596203379736989336e-01,2.091431322281156469e-02,6.729902775649979074e-02
2.607157824377229205e-01,1.948472509818325454e-02,6.239949028830647088e-02
2.618112269017470184e-01,1.814668924877310338e-02,5.717893882323667881e-02
2.629066713657710053e-01,1.689478308335663412e-02,5.179853209825805577e-02
2.640021158297951032e-01,1.572387505434209506e-02,4.643428028312496930e-02
2.650975602938191455e-01,1.462911104175346373e-02,4.126981700278722909e-02
2.661930047578431879e-01,1.360590123863631568e-02,3.648748496589229035e-02
2.672884492218672303e-01,1.264990752869956173e-02,3.225646019259587743e-02
2.683838936858912727e-01,1.175703134850894158e-02,2.871583769721617121e-02
2.694793381499153151e-01,1.092340202343973499e-02,2.595182531966266221e-02
2.705747826139393575e-01,1.014536556812370600e-02,2.397431319448439097e-02
2.716702270779633999e-01,9.419473939130385692e-03,2.270715987232622274e-02
2.727656715419874978e-01,8.742474729752532786e-03,2.200595624688739260e-02
2.738611160060114846e-01,8.111301294545790116e-03,2.169857931209274310e-02
2.749565604700355270e-01,7.523063291857410607e-03,2.162607169490132764e-02
2.760520049340595694e-01,6.975037632069022026e-03,2.166571981629447988e-02
2.771474493980836118e-01,6.464659819574385992e-03,2.173495246628279198e-02
2.782428938621077097e-01,5.989515675786716460e-03,2.178428442025303127e-02
2.793383383261316966e-01,5.547333431407521463e-03,2.178720917524676337e-02
2.804337827901557945e-01,5.135976175244990824e-03,2.173126998464913404e-02
2.815292272541797813e-01,4.753434647529323522e-03,2.161165167601884762e-02
2.826246717182038792e-01,4.397820365891238516e-03,2.142719547589881993e-02
2.837201161822279216e-01,4.067359071842730975e-03,2.117824221779884136e-02
2.848155606462519640e-01,3.760384486136548413e-03,2.086566563464403723e-02
2.859110051102760064e-01,3.475332361497933398e-03,2.049058525121594601e-02
2.870064495743000488e-01,3.210734821406462623e-03,2.005441127298353970e-02
2.881018940383240912e-01,2.965214974052879024e-03,1.955901332231065395e-02
2.891973385023481335e-01,2.737481789833755633e-03,1.900690379971872040e-02
2.902927829663721759e-01,2.526325233479684643e-03,1.840138721682098993e-02
2.913882274303962738e-01,2.330611638226978439e-03,1.774665947287478590e-02
2.924836718944202607e-01,2.149279314222045552e-03,1.704785613553778251e-02
2.935791163584443586e-01,1.981334379852499675e-03,1.631105419277977323e-02
2.946745608224683455e-01,1.825846807331739765e-03,1.554323271874699479e-02
2.957700052864924434e-01,1.681946672868710538e-03,1.475219720127942356e-02
2.968654497505164858e-01,1.548820602830162539e-03,1.394647114770541062e-02
2.979608942145405281e-01,1.425708407163327716e-03,1.313515733840443962e-02
2.990563386785645705e-01,1.311899891585211961e-03,1.232776993219021101e-02
3.001517831425886129e-01,1.206731840572110564e-03,1.153403725378004431e-02
3.012472276066126553e-01,1.109585163489648857e-03,1.076367337283321013e-02
3.023426720706366977e-01,1.019882195820419942e-03,1.002611492873222397e-02
3.034381165346607401e-01,9.370841489249969293e-04,9.330218770842994835e-03
3.045335609986847825e-01,8.606887008040691508e-04,8.683917659875967435e-03
3.056290054627088248e-01,7.902277211412553348e-04,8.093838247654730825e-03
3.067244499267328672e-01,7.252651246160487109e-04,7.564900538690166529e-03
3.078198943907569096e-01,6.653948456066378046e-04,7.099941486771040380e-03
3.089153388547809520e-01,6.102389286396344087e-04,6.699431622844358170e-03
3.100107833188050499e-01,5.594457289262246046e-04,6.361368985684949517e-03
3.111062277828290368e-01,5.126882170446737594e-04,6.081421253225175252e-03
3.122016722468531347e-01,4.696623829107005195e-04,5.853336466499424809e-03
3.132971167108771215e-01,4.300857337193748887e-04,5.669568807579754635e-03
3.143925611749012194e-01,3.936958808525456389e-04,5.522002626245046085e-03
3.154880056389252618e-01,3.602492116602399935e-04,5.402637418861979887e-03
3.165834501029493042e-01,3.295196406840804554e-04,5.304125257101347836e-03
3.176788945669733466e-01,3.012974372449846432e-04,5.220109497358733745e-03
3.187743390309973890e-01,2.753881242561365215e-04,5.145369676949443014e-03
3.198697834950214314e-01,2.516114450762548232e-04,5.075813367114697348e-03
3.209652279590454738e-01,2.298003943046017755e-04,5.008368134921735264e-03
3.220606724230695161e-01,2.098003093034814584e-04,4.940822574248663474e-03
3.231561168870936140e-01,1.914680185449858904e-04,4.871653407802026617e-03
3.242515613511176009e-01,1.746710443148395805e-04,4.799862509384047321e-03
3.253470058151416988e-01,1.592868560507822552e-04,4.724836580476792988e-03
3.264424502791656857e-01,1.452021716507855280e-04,4.646234225948646032e-03
3.275378947431897836e-01,1.323123041300622153e-04,4.563900085514969313e-03
3.286333392072138260e-01,1.205205507031297229e-04,4.477802849750431823e-03
3.297287836712378128e-01,1.097376220750868327e-04,4.387992798970917485e-03
3.308242281352619107e-01,9.988110934639339144e-05,4.294574318104744590e-03
3.319196725992858976e-01,9.087498633040959719e-05,4.197689255276851848e-03
3.330151170633099955e-01,8.264914536922861852e-05,4.097507701883772689e-03
3.341105615273339824e-01,7.513896426059656574e-05,3.994223505167542217e-03
3.352060059913580803e-01,6.828490260360347045e-05,3.888052565416391139e-03
3.363014504553821227e-01,6.203212582317240212e-05,3.779232560957645776e-03
3.373968949194061651e-01,5.633015482878999785e-05,3.668023196448590758e-03
3.384923393834302074e-01,5.113254022929772927e-05,3.554706455818555568e-03
3.395877838474542498e-01,4.639655897577362115e-05,3.439586515546337944e-03
3.406832283114782922e-01,4.208293232035754131e-05,3.322989184385762452e-03
3.417786727755023346e-01,3.815556375749712951e-05,3.205260813632490949e-03
3.428741172395263770e-01,3.458129552398578918e-05,3.086766668853848077e-03
3.439695617035504749e-01,3.132968254732644944e-05,2.967888800107370672e-03
3.450650061675744618e-01,2.837278252487721462e-05,2.849023436313702189e-03
3.461604506315985597e-01,2.568496127151691154e-05,2.730577970668966303e-03
3.472558950956225465e-01,2.324271233945743529e-05,2.612967588233910694e-03
3.483513395596466444e-01,2.102448967481089986e-05,2.496611550948836175e-03
3.494467840236706868e-01,1.901055247407086184e-05,2.381929177763984599e-03
3.505422284876947292e-01,1.718282227740825830e-05,2.269335663980280842e-03
3.516376729517187716e-01,1.552474958349975512e-05,2.159237535463534672e-03
3.527331174157428140e-01,1.402119159023704290e-05,2.052028047595260210e-03
3.538285618797668564e-01,1.265829819001909043e-05,1.948082272868712503e-03
3.549240063437908987e-01,1.142340758760649874e-05,1.847752171597140825e-03
3.560194508078149411e-01,1.030494900400836921e-05,1.751361398435495641e-03
3.571148952718389835e-01,9.292353338371926339e-06,1.659200090490806686e-03
3.582103397358630259e-01,8.375970938277798187e-06,1.571519671480686329e-03
3.593057841998870683e-01,7.546994967033614472e-06,1.488527588375268117e-03
3.604012286639111107e-01,6.797391615414810772e-06,1.410382436642933788e-03
3.614966731279351531e-01,6.119835341981099231e-06,1.337189455774718443e-03
3.625921175919592510e-01,5.507649372768802208e-06,1.268996798207945153e-03
3.636875620559832378e-01,4.954750774829621261e-06,1.205792864659296871e-03
3.647830065200073357e-01,4.455600232798295679e-06,1.147505206788876657e-03
3.658784509840313226e-01,4.005155521580415891e-06,1.094001223735387683e-03
3.669738954480554205e-01,3.598828966865041715e-06,1.045091089718408863e-03
3.680693399120794629e-01,3.232448226385300875e-06,1.000532966039033430e-03
3.691647843761035053e-01,2.902220379560460369e-06,9.600404882662296434e-04
3.702602288401275477e-01,2.604698949670405531e-06,9.232921706458840699e-04
3.713556733041515900e-01,2.336753612749291364e-06,8.899421547737226042e-04
3.724511177681756324e-01,2.095542352034991346e-06,8.596315491250837524e-04
3.735465622321996748e-01,1.878486177709098115e-06,8.319996813126232221e-04
3.746420066962237172e-01,1.683245657837271273e-06,8.066942951500087611e-04
3.757374511602478151e-01,1.507699681874604070e-06,7.833803214507636557e-04
3.768328956242718020e-01,1.349925908308115379e-06,7.617466873005756048e-04
3.779283400882958999e-01,1.208182880439815374e-06,7.415110576242949121e-04
3.790237845523198867e-01,1.080893717133618888e-06,7.224225931424618124e-04
3.801192290163439846e-01,9.666311398912164852e-07,7.042628737027954288e-04
3.812146734803680270e-01,8.641038783750426844e-07,6.868453955446672792e-04
3.823101179443920694e-01,7.721442207208120012e-07,6.700139234284111130e-04
3.834055624084161118e-01,6.896966465971007865e-07,6.536400623567019787e-04
3.845010068724400987e-01,6.158074347236558909e-07,6.376203390191488921e-04
3.855964513364641966e-01,5.496152790230343675e-07,6.218731683574305362e-04
3.866918958004882390e-01,4.903425670383421406e-07,6.063356359378695853e-04
3.877873402645122813e-01,4.372877528509392695e-07,5.909607913403131223e-04
3.888827847285363237e-01,3.898179019313240432e-07,5.757145441851775625e-04
3.899782291925603661e-01,3.473626017940392509e-07,5.605737810323165949e-04
3.910736736565844085e-01,3.094075546216365109e-07,5.455235316038641339e-04
3.921691181206084509e-01,2.754896577688455200e-07,5.305558356704859809e-04
3.932645625846324933e-01,2.451919714143472793e-07,5.156680609842357243e-04
3.943600070486565912e-01,2.181391565253138483e-07,5.008614055489692043e-04
3.954554515126805780e-01,1.939935671603159680e-07,4.861400977561991087e-04
3.965508959767046759e-01,1.724516084544447919e-07,4.715106400940459810e-04
3.976463404407286628e-01,1.532404711492673511e-07,4.569813493225424847e-04
3.987417849047527607e-01,1.361149263240873203e-07,4.425613054227339315e-04
3.998372293687768031e-01,1.208548468629791661e-07,4.282606545218077608e-04
4.009326738328008455e-01,1.072626888936121415e-07,4.140902643154361707e-04
4.020281182968248879e-01,9.516097961411450808e-08,4.000604166297575372e-04
4.031235627608489303e-01,8.439077763957709798e-08,3.861824204923987639e-04
4.042190072248729726e-01,7.480954544627173259e-08,3.724674243122416163e-04
4.053144516888970150e-01,6.628949929261064426e-08,3.589262115889398628e-04
4.064098961529210574e-01,5.871623385766956942e-08,3.455696646608120092e-04
4.075053406169451553e-01,5.198731798960757711e-08,3.324084491453542295e-04
4.086007850809691422e-01,4.601099280256135341e-08,3.194523446089455091e-04
4.096962295449932401e-01,4.070537096732160324e-08,3.067121490026783058e-04
4.107916740090172270e-01,3.599710082159574063e-08,2.941973986287683973e-04
4.118871184730412693e-01,3.182059513644318806e-08,2.819169394723306074e-04
4.129825629370653672e-01,2.811734055683746314e-08,2.698798501980874918e-04
4.140780074010893541e-01,2.483507073728655717e-08,2.580946294376453964e-04
4.151734518651134520e-01,2.192716633922127512e-08,2.465696614395308361e-04
4.162688963291374389e-01,1.935191989449431508e-08,2.353115073785209629e-04
4.173643407931615368e-01,1.707227680586006625e-08,2.243278295796377814e-04
4.184597852571855792e-01,1.505507754491525018e-08,2.136240470628653640e-04
4.195552297212096216e-01,1.327090252804945853e-08,2.032067245182448973e-04
4.206506741852336639e-01,1.169341715337092380e-08,1.930797851461768598e-04
4.217461186492577063e-01,1.029928836048131494e-08,1.832482563658909230e-04
4.228415631132817487e-01,9.067761948229075714e-09,1.737167946039879971e-04
4.239370075773057911e-01,7.980231144956513761e-09,1.644865255468442537e-04
4.250324520413298335e-01,7.020324147517034677e-09,1.555613170888087658e-04
4.261278965053539314e-01,6.173387829121074246e-09,1.469421540819155516e-04
4.272233409693779183e-01,5.426454306808215226e-09,1.386304417236878931e-04
4.283187854334020161e-01,4.767914693834201689e-09,1.306243786771916831e-04
4.294142298974260030e-01,4.187619068599347325e-09,1.229256306772593787e-04
4.305096743614501009e-01,3.676441705078018248e-09,1.155317283254333858e-04
4.316051188254741433e-01,3.226414217155290727e-09,1.084434851210409862e-04
4.327005632894981857e-01,2.830269752581726967e-09,1.016541487782504611e-04
4.337960077535222281e-01,2.481829343217775448e-09,9.516562836993736963e-05
4.348914522175462705e-01,2.175360506344427298e-09,8.896932040997645899e-05
4.359868966815703129e-01,1.905974656761134878e-09,8.306343816600578493e-05
4.370823411455943552e-01,1.669263791672672534e-09,7.744217786621663657e-05
4.381777856096183976e-01,1.461334993333056922e-09,7.209937413196343544e-05
4.392732300736424400e-01,1.278845514134873471e-09,6.703346377611564902e-05
4.403686745376664269e-01,1.118696547936767751e-09,6.223490976958040433e-05
4.414641190016905803e-01,9.781563158979356622e-10,5.769368974523729623e-05
4.425595634657145672e-01,8.549457866018821679e-10,5.340734517846777100e-05
4.436550079297386096e-01,7.469143763368568467e-10,4.936440344507010729e-05
4.447504523937626519e-01,6.523353581719140471e-10,4.556458726818897974e-05
4.458458968577867498e-01,5.694719654679198028e-10,4.199232273304542092e-05
4.469413413218107922e-01,4.969260180858437945e-10,3.864141554738541995e-05
4.480367857858347791e-01,4.487922946319535300e-10,3.676111445337633090e-05
4.491322302498588215e-01,4.492167504643773076e-10,3.871644010678790032e-05
4.502276747138829194e-01,4.496425042806414524e-10,4.072993531049718617e-05
4.513231191779069618e-01,4.500695312760730259e-10,4.279968743284192078e-05
4.524185636419310041e-01,4.504978069522828739e-10,4.492351452556769028e-05
4.535140081059549910e-01,4.509273071131335345e-10,4.709898273790884049e-05
4.546094525699791444e-01,4.513580078607672723e-10,4.932343095129412922e-05
4.557048970340031313e-01,4.517898855916974944e-10,5.159400357242332336e-05
4.568003414980271737e-01,4.522229169929629295e-10,5.390769250070558697e-05
4.578957859620512161e-01,4.526570790383337123e-10,5.626138935718779651e-05
4.589912304260753140e-01,4.530923489845845732e-10,5.865194913447061459e-05
4.600866748900993564e-01,4.535287043678203979e-10,6.107626650407062523e-05
4.611821193541233432e-01,4.539661229998565892e-10,6.353136607662987804e-05
4.622775638181473856e-01,4.544045829646588296e-10,6.601450797810959033e-05
4.633730082821714835e-01,4.548440626148329922e-10,6.852331012353672201e-05
4.644684527461955259e-01,4.552845405681724369e-10,7.105588859487575759e-05
4.655638972102195683e-01,4.557259957042506467e-10,7.361101746452260945e-05
4.666593416742435552e-01,4.561684071610730595e-10,7.618830931067712450e-05
4.677547861382675976e-01,4.566117543317737217e-10,7.878841745145872774e-05
4.688502306022916954e-01,4.570560168613649342e-10,8.141326057649708086e-05
4.699456750663157378e-01,4.575011746435296524e-10,8.406626995705458565e-05
4.710411195303397802e-01,4.579472078174688943e-10,8.675265865130221243e-05
4.721365639943637671e-01,4.583940967647907660e-10,8.947971112639285362e-05
4.732320084583879205e-01,4.588418221064498930e-10,9.225709037902680737e-05
4.743274529224119074e-01,4.592903646997235069e-10,9.509715795138447617e-05
4.754228973864359498e-01,4.597397056352448137e-10,9.801530019568649465e-05
4.765183418504599921e-01,4.601898262340678464e-10,1.010302517914549143e-04
4.776137863144840900e-01,4.606407080447811739e-10,1.041644049695355134e-04
4.787092307785081324e-01,4.610923328406636400e-10,1.074440903897575243e-04
4.798046752425321193e-01,4.615446826168797046e-10,1.108998134688432536e-04
4.809001197065561617e-01,4.619977395877169703e-10,1.145664286275351312e-04
4.819955641705802596e-01,4.624514861838613459e-10,1.184832339747083659e-04
4.830910086346043020e-01,4.629059050497135698e-10,1.226939708762420848e-04
4.841864530986283444e-01,4.633609790407451781e-10,1.272467171572321941e-04
4.852818975626523312e-01,4.638166912208873027e-10,1.321936694501349343e-04
4.863773420266764846e-01,4.642730248599642915e-10,1.375908191952334467e-04
4.874727864907004715e-01,4.647299634311568489e-10,1.434975371266690686e-04
4.885682309547245139e-01,4.651874906085051911e-10,1.499760914559996358e-04
4.896636754187485563e-01,4.656455902644477706e-10,1.570911336909351034e-04
4.907591198827726542e-01,4.661042464673926214e-10,1.649091914306977937e-04
4.918545643467966966e-01,4.665634434793224652e-10,1.734982084529711503e-04
4.929500088108206834e-01,4.670231657534372976e-10,1.829271684745015670e-04
4.940454532748447258e-01,4.674833979318261338e-10,1.932658307880917234e-04
4.951408977388687682e-01,4.679441248431739084e-10,2.045845948905707014e-04
4.962363422028928661e-01,4.684053315004972755e-10,2.169544991660223422e-04
4.973317866669169085e-01,4.688670030989156671e-10,2.304473474816900666e-04
4.984272311309408954e-01,4.693291250134497518e-10,2.451359486963689167e-04
4.995226755949649378e-01,4.697916827968534980e-10,2.610944483161500092e-04
5.006181200589890912e-01,4.702546621774724997e-10,2.783987289929747773e-04
5.017135645230130780e-01,4.707180490571352865e-10,2.971268567875161933e-04
5.028090089870370649e-01,4.711818295090711029e-10,3.173595523320727331e-04
5.039044534510611628e-01,4.716459897758578804e-10,3.391806694876462716e-04
5.049998979150852607e-01,4.721105162673962653e-10,3.626776679320367169e-04
5.060953423791092476e-01,4.725753955589115635e-10,3.879420699171277041e-04
5.071907868431332345e-01,4.730406143889867055e-10,4.150698947456905766e-04
5.082862313071573324e-01,4.735061596576142360e-10,4.441620672309236893e-04
5.093816757711814303e-01,4.739720184242828381e-10,4.753247984549855646e-04
5.104771202352054171e-01,4.744381779060827795e-10,5.086699386235632100e-04
5.115725646992295150e-01,4.749046254758410342e-10,5.443153027368210399e-04
5.126680091632535019e-01,4.753713486602794611e-10,5.823849703789714307e-04
5.137634536272775998e-01,0.000000000000000000e+00,0.000000000000000000e+00
5.148588980913015867e-01,0.000000000000000000e+00,0.000000000000000000e+00
5.159543425553256846e-01,0.000000000000000000e+00,0.000000000000000000e+00
5.170497870193496714e-01,0.000000000000000000e+00,0.000000000000000000e+00
5.181452314833737693e-01,0.000000000000000000e+00,0.000000000000000000e+00
5.192406759473978672e-01,0.000000000000000000e+00,0.000000000000000000e+00
5.203361204114218541e-01,0.000000000000000000e+00,0.000000000000000000e+00
5.214315648754458410e-01,0.000000000000000000e+00,0.000000000000000000e+00
5.225270093394699389e-01,0.000000000000000000e+00,0.000000000000000000e+00
5.236224538034940368e-01,0.000000000000000000e+00,0.000000000000000000e+00
5.247178982675180237e-01,0.000000000000000000e+00,0.000000000000000000e+00
5.258133427315420105e-01,0.000000000000000000e+00,0.000000000000000000e+00
5.269087871955661084e-01,0.000000000000000000e+00,0.000000000000000000e+00
5.280042316595902063e-01,0.000000000000000000e+00,0.000000000000000000e+00
5.290996761236141932e-01,0.000000000000000000e+00,0.000000000000000000e+00
5.301951205876382911e-01,0.000000000000000000e+00,0.000000000000000000e+00
5.312905650516622780e-01,0.000000000000000000e+00,0.000000000000000000e+00
5.323860095156863759e-01,0.000000000000000000e+00,0.000000000000000000e+00
5.334814539797103627e-01,0.000000000000000000e+00,0.000000000000000000e+00
5.345768984437344606e-01,0.000000000000000000e+00,0.000000000000000000e+00
5.356723429077584475e-01,0.000000000000000000e+00,0.000000000000000000e+00
5.367677873717825454e-01,0.000000000000000000e+00,0.000000000000000000e+00
5.378632318358066433e-01,0.000000000000000000e+00,0.000000000000000000e+00
5.389586762998306302e-01,0.000000000000000000e+00,0.000000000000000000e+00
5.400541207638546171e-01,0.000000000000000000e+00,0.000000000000000000e+00
5.411495652278787150e-01,0.000000000000000000e+00,0.000000000000000000e+00
5.422450096919028129e-01,0.000000000000000000e+00,0.000000000000000000e+00
5.433404541559267997e-01,0.000000000000000000e+00,0.000000000000000000e+00
5.444358986199507866e-01,0.000000000000000000e+00,0.000000000000000000e+00
5.455313430839749955e-01,0.000000000000000000e+00,0.000000000000000000e+00
5.466267875479989824e-01,0.000000000000000000e+00,0.000000000000000000e+00
5.477222320120229693e-01,0.000000000000000000e+00,0.000000000000000000e+00
5.488176764760470672e-01,0.000000000000000000e+00,0.000000000000000000e+00
5.499131209400710540e-01,0.000000000000000000e+00,0.000000000000000000e+00
5.510085654040951519e-01,0.000000000000000000e+00,0.000000000000000000e+00
5.521040098681191388e-01,0.000000000000000000e+00,0.000000000000000000e+00
5.531994543321432367e-01,0.000000000000000000e+00,0.000000000000000000e+00
5.542948987961672236e-01,0.000000000000000000e+00,0.000000000000000000e+00
5.553903432601913215e-01,0.000000000000000000e+00,0.000000000000000000e+00
5.564857877242154194e-01,0.000000000000000000e+00,0.000000000000000000e+00
5.575812321882394063e-01,0.000000000000000000e+00,0.000000000000000000e+00
5.586766766522633931e-01,0.000000000000000000e+00,0.000000000000000000e+00
5.597721211162874910e-01,0.000000000000000000e+00,0.000000000000000000e+00
5.608675655803115889e-01,0.000000000000000000e+00,0.000000000000000000e+00
5.619630100443355758e-01,0.000000000000000000e+00,0.000000000000000000e+00
5.630584545083595627e-01,0.000000000000000000e+00,0.000000000000000000e+00
5.641538989723837716e-01,0.000000000000000000e+00,0.000000000000000000e+00
5.652493434364077585e-01,0.000000000000000000e+00,0.000000000000000000e+00
5.663447879004317453e-01,0.000000000000000000e+00,0.000000000000000000e+00
5.674402323644558432e-01,0.000000000000000000e+00,0.000000000000000000e+00
5.685356768284799411e-01,0.000000000000000000e+00,0.000000000000000000e+00
5.696311212925039280e-01,0.000000000000000000e+00,0.000000000000000000e+00
5.707265657565279149e-01,0.000000000000000000e+00,0.000000000000000000e+00
5.718220102205520128e-01,0.000000000000000000e+00,0.000000000000000000e+00
5.729174546845761107e-01,0.000000000000000000e+00,0.000000000000000000e+00
5.740128991486000976e-01,0.000000000000000000e+00,0.000000000000000000e+00
5.751083436126241955e-01,0.000000000000000000e+00,0.000000000000000000e+00
5.762037880766481823e-01,0.000000000000000000e+00,0.000000000000000000e+00
5.772992325406721692e-01,0.000000000000000000e+00,0.000000000000000000e+00
5.783946770046962671e-01,0.000000000000000000e+00,0.000000000000000000e+00
5.794901214687203650e-01,0.000000000000000000e+00,0.000000000000000000e+00
5.805855659327443519e-01,0.000000000000000000e+00,0.000000000000000000e+00
5.816810103967683387e-01,0.000000000000000000e+00,0.000000000000000000e+00
5.827764548607925477e-01,0.000000000000000000e+00,0.000000000000000000e+00
5.838718993248165345e-01,0.000000000000000000e+00,0.000000000000000000e+00
5.849673437888405214e-01,0.000000000000000000e+00,0.000000000000000000e+00
5.860627882528646193e-01,0.000000000000000000e+00,0.000000000000000000e+00
5.871582327168887172e-01,0.000000000000000000e+00,0.000000000000000000e+00
5.882536771809127041e-01,0.000000000000000000e+00,0.000000000000000000e+00
5.893491216449366910e-01,0.000000000000000000e+00,0.000000000000000000e+00
5.904445661089607889e-01,0.000000000000000000e+00,0.000000000000000000e+00
5.915400105729848867e-01,0.000000000000000000e+00,0.000000000000000000e+00
5.926354550370088736e-01,0.000000000000000000e+00,0.000000000000000000e+00
5.937308995010329715e-01,0.000000000000000000e+00,0.000000000000000000e+00
5.948263439650569584e-01,0.000000000000000000e+00,0.000000000000000000e+00
5.959217884290810563e-01,0.000000000000000000e+00,0.000000000000000000e+00
5.970172328931050432e-01,0.000000000000000000e+00,0.000000000000000000e+00
5.981126773571291411e-01,0.000000000000000000e+00,0.000000000000000000e+00
5.992081218211531279e-01,0.000000000000000000e+00,0.000000000000000000e+00
6.003035662851772258e-01,0.000000000000000000e+00,0.000000000000000000e+00
6.013990107492013237e-01,0.000000000000000000e+00,0.000000000000000000e+00
6.024944552132253106e-01,0.000000000000000000e+00,0.000000000000000000e+00
6.035898996772492975e-01,0.000000000000000000e+00,0.000000000000000000e+00
6.046853441412733954e-01,0.000000000000000000e+00,0.000000000000000000e+00
6.057807886052974933e-01,0.000000000000000000e+00,0.000000000000000000e+00
6.068762330693214802e-01,0.000000000000000000e+00,0.000000000000000000e+00
6.079716775333454670e-01,0.000000000000000000e+00,0.000000000000000000e+00
6.090671219973695649e-01,0.000000000000000000e+00,0.000000000000000000e+00
6.101625664613936628e-01,0.000000000000000000e+00,0.000000000000000000e+00
6.112580109254176497e-01,0.000000000000000000e+00,0.000000000000000000e+00
6.123534553894417476e-01,0.000000000000000000e+00,0.000000000000000000e+00
6.134488998534657345e-01,0.000000000000000000e+00,0.000000000000000000e+00
6.145443443174898324e-01,0.000000000000000000e+00,0.000000000000000000e+00
6.156397887815138192e-01,0.000000000000000000e+00,0.000000000000000000e+00
6.167352332455379171e-01,0.000000000000000000e+00,0.000000000000000000e+00
6.178306777095619040e-01,0.000000000000000000e+00,0.000000000000000000e+00
6.189261221735860019e-01,0.000000000000000000e+00,0.000000000000000000e+00
6.200215666376100998e-01,0.000000000000000000e+00,0.000000000000000000e+00
6.211170111016340867e-01,0.000000000000000000e+00,0.000000000000000000e+00
6.222124555656580736e-01,0.000000000000000000e+00,0.000000000000000000e+00
6.233079000296821714e-01,0.000000000000000000e+00,0.000000000000000000e+00
6.244033444937062693e-01,0.000000000000000000e+00,0.000000000000000000e+00
6.254987889577302562e-01,0.000000000000000000e+00,0.000000000000000000e+00
6.265942334217542431e-01,0.000000000000000000e+00,0.000000000000000000e+00
6.276896778857784520e-01,0.000000000000000000e+00,0.000000000000000000e+00
6.287851223498024389e-01,0.000000000000000000e+00,0.000000000000000000e+00
6.298805668138264258e-01,0.000000000000000000e+00,0.000000000000000000e+00
6.309760112778505237e-01,0.000000000000000000e+00,0.000000000000000000e+00
6.320714557418745105e-01,0.000000000000000000e+00,0.000000000000000000e+00
6.331669002058986084e-01,0.000000000000000000e+00,0.000000000000000000e+00
6.342623446699225953e-01,0.000000000000000000e+00,0.000000000000000000e+00
6.353577891339466932e-01,0.000000000000000000e+00,0.000000000000000000e+00
6.364532335979706801e-01,0.000000000000000000e+00,0.000000000000000000e+00
6.375486780619947780e-01,0.000000000000000000e+00,0.000000000000000000e+00
6.386441225260188759e-01,0.000000000000000000e+00,0.000000000000000000e+00
6.397395669900428627e-01,0.000000000000000000e+00,0.000000000000000000e+00
6.408350114540668496e-01,0.000000000000000000e+00,0.000000000000000000e+00
6.419304559180909475e-01,0.000000000000000000e+00,0.000000000000000000e+00
6.430259003821150454e-01,0.000000000000000000e+00,0.000000000000000000e+00
6.441213448461390323e-01,0.000000000000000000e+00,0.000000000000000000e+00
6.452167893101630192e-01,0.000000000000000000e+00,0.000000000000000000e+00
6.463122337741872281e-01,0.000000000000000000e+00,0.000000000000000000e+00
6.474076782382112150e-01,0.000000000000000000e+00,0.000000000000000000e+00
6.485031227022352018e-01,0.000000000000000000e+00,0.000000000000000000e+00
6.495985671662591887e-01,0.000000000000000000e+00,0.000000000000000000e+00
6.506940116302833976e-01,0.000000000000000000e+00,0.000000000000000000e+00
6.517894560943073845e-01,0.000000000000000000e+00,0.000000000000000000e+00
6.528849005583313714e-01,0.000000000000000000e+00,0.000000000000000000e+00
6.539803450223554693e-01,0.000000000000000000e+00,0.000000000000000000e+00
6.550757894863795672e-01,0.000000000000000000e+00,0.000000000000000000e+00
6.561712339504035540e-01,0.000000000000000000e+00,0.000000000000000000e+00
6.572666784144276519e-01,0.000000000000000000e+00,0.000000000000000000e+00
6.583621228784516388e-01,0.000000000000000000e+00,0.000000000000000000e+00
6.594575673424756257e-01,0.000000000000000000e+00,0.000000000000000000e+00
6.605530118064997236e-01,0.000000000000000000e+00,0.000000000000000000e+00
6.616484562705238215e-01,0.000000000000000000e+00,0.000000000000000000e+00
6.627439007345478084e-01,0.000000000000000000e+00,0.000000000000000000e+00
6.638393451985717952e-01,0.000000000000000000e+00,0.000000000000000000e+00
6.649347896625960042e-01,0.000000000000000000e+00,0.000000000000000000e+00
6.660302341266199910e-01,0.000000000000000000e+00,0.000000000000000000e+00
6.671256785906439779e-01,0.000000000000000000e+00,0.000000000000000000e+00
6.682211230546679648e-01,0.000000000000000000e+00,0.000000000000000000e+00
6.693165675186921737e-01,0.000000000000000000e+00,0.000000000000000000e+00
6.704120119827161606e-01,0.000000000000000000e+00,0.000000000000000000e+00
6.715074564467401474e-01,0.000000000000000000e+00,0.000000000000000000e+00
6.726029009107642453e-01,0.000000000000000000e+00,0.000000000000000000e+00
6.736983453747883432e-01,0.000000000000000000e+00,0.000000000000000000e+00
6.747937898388123301e-01,0.000000000000000000e+00,0.000000000000000000e+00
6.758892343028363170e-01,0.000000000000000000e+00,0.000000000000000000e+00
6.769846787668604149e-01,0.000000000000000000e+00,0.000000000000000000e+00
6.780801232308845128e-01,0.000000000000000000e+00,0.000000000000000000e+00
6.791755676949084997e-01,0.000000000000000000e+00,0.000000000000000000e+00
6.802710121589325976e-01,0.000000000000000000e+00,0.000000000000000000e+00
6.813664566229565844e-01,0.000000000000000000e+00,0.000000000000000000e+00
6.824619010869806823e-01,0.000000000000000000e+00,0.000000000000000000e+00
6.835573455510046692e-01,0.000000000000000000e+00,0.000000000000000000e+00
6.846527900150287671e-01,0.000000000000000000e+00,0.000000000000000000e+00
6.857482344790527540e-01,0.000000000000000000e+00,0.000000000000000000e+00
6.868436789430767409e-01,0.000000000000000000e+00,0.000000000000000000e+00
6.879391234071009498e-01,0.000000000000000000e+00,0.000000000000000000e+00
6.890345678711249366e-01,0.000000000000000000e+00,0.000000000000000000e+00
6.901300123351489235e-01,0.000000000000000000e+00,0.000000000000000000e+00
6.912254567991730214e-01,0.000000000000000000e+00,0.000000000000000000e+00
6.923209012631971193e-01,0.000000000000000000e+00,0.000000000000000000e+00
6.934163457272211062e-01,0.000000000000000000e+00,0.000000000000000000e+00
6.945117901912450931e-01,0.000000000000000000e+00,0.000000000000000000e+00
6.956072346552691910e-01,0.000000000000000000e+00,0.000000000000000000e+00
6.967026791192932889e-01,0.000000000000000000e+00,0.000000000000000000e+00
6.977981235833172757e-01,0.000000000000000000e+00,0.000000000000000000e+00
6.988935680473413736e-01,0.000000000000000000e+00,0.000000000000000000e+00
6.999890125113653605e-01,0.000000000000000000e+00,0.000000000000000000e+00
7.010844569753894584e-01,0.000000000000000000e+00,0.000000000000000000e+00
7.021799014394134453e-01,0.000000000000000000e+00,0.000000000000000000e+00
7.032753459034375432e-01,0.000000000000000000e+00,0.000000000000000000e+00
7.043707903674615300e-01,0.000000000000000000e+00,0.000000000000000000e+00
7.054662348314856279e-01,0.000000000000000000e+00,0.000000000000000000e+00
7.065616792955097258e-01,0.000000000000000000e+00,0.000000000000000000e+00
7.076571237595337127e-01,0.000000000000000000e+00,0.000000000000000000e+00
7.087525682235576996e-01,0.000000000000000000e+00,0.000000000000000000e+00
7.098480126875817975e-01,0.000000000000000000e+00,0.000000000000000000e+00
7.109434571516058954e-01,0.000000000000000000e+00,0.000000000000000000e+00
7.120389016156298823e-01,0.000000000000000000e+00,0.000000000000000000e+00
7.131343460796538691e-01,0.000000000000000000e+00,0.000000000000000000e+00
7.142297905436779670e-01,0.000000000000000000e+00,0.000000000000000000e+00
7.153252350077020649e-01,0.000000000000000000e+00,0.000000000000000000e+00
7.164206794717260518e-01,0.000000000000000000e+00,0.000000000000000000e+00
7.175161239357501497e-01,0.000000000000000000e+00,0.000000000000000000e+00
7.186115683997741366e-01,0.000000000000000000e+00,0.000000000000000000e+00
7.197070128637982345e-01,0.000000000000000000e+00,0.000000000000000000e+00
7.208024573278222213e-01,0.000000000000000000e+00,0.000000000000000000e+00
7.218979017918463192e-01,0.000000000000000000e+00,0.000000000000000000e+00
7.229933462558703061e-01,0.000000000000000000e+00,0.000000000000000000e+00
7.240887907198944040e-01,0.000000000000000000e+00,0.000000000000000000e+00
7.251842351839185019e-01,0.000000000000000000e+00,0.000000000000000000e+00
7.262796796479424888e-01,0.000000000000000000e+00,0.000000000000000000e+00
7.273751241119664757e-01,0.000000000000000000e+00,0.000000000000000000e+00
7.284705685759905736e-01,0.000000000000000000e+00,0.000000000000000000e+00
7.295660130400146715e-01,0.000000000000000000e+00,0.000000000000000000e+00
7.306614575040386583e-01,0.000000000000000000e+00,0.000000000000000000e+00
7.317569019680626452e-01,0.000000000000000000e+00,0.000000000000000000e+00
7.328523464320868541e-01,0.000000000000000000e+00,0.000000000000000000e+00
7.339477908961108410e-01,0.000000000000000000e+00,0.000000000000000000e+00
7.350432353601348279e-01,0.000000000000000000e+00,0.000000000000000000e+00
7.361386798241589258e-01,0.000000000000000000e+00,0.000000000000000000e+00
7.372341242881830237e-01,0.000000000000000000e+00,0.000000000000000000e+00
7.383295687522070105e-01,0.000000000000000000e+00,0.000000000000000000e+00
7.394250132162309974e-01,0.000000000000000000e+00,0.000000000000000000e+00
7.405204576802550953e-01,0.000000000000000000e+00,0.000000000000000000e+00
7.416159021442790822e-01,0.000000000000000000e+00,0.000000000000000000e+00
7.427113466083031801e-01,0.000000000000000000e+00,0.000000000000000000e+00
7.438067910723272780e-01,0.000000000000000000e+00,0.000000000000000000e+00
7.449022355363512649e-01,0.000000000000000000e+00,0.000000000000000000e+00
7.459976800003752517e-01,0.000000000000000000e+00,0.000000000000000000e+00
7.470931244643993496e-01,0.000000000000000000e+00,0.000000000000000000e+00
7.481885689284234475e-01,0.000000000000000000e+00,0.000000000000000000e+00
7.492840133924474344e-01,0.000000000000000000e+00,0.000000000000000000e+00
7.503794578564714213e-01,0.000000000000000000e+00,0.000000000000000000e+00
7.514749023204956302e-01,0.000000000000000000e+00,0.000000000000000000e+00
7.525703467845196171e-01,0.000000000000000000e+00,0.000000000000000000e+00
7.536657912485436039e-01,0.000000000000000000e+00,0.000000000000000000e+00
7.547612357125677018e-01,0.000000000000000000e+00,0.000000000000000000e+00
7.558566801765917997e-01,0.000000000000000000e+00,0.000000000000000000e+00
7.569521246406157866e-01,0.000000000000000000e+00,0.000000000000000000e+00
7.580475691046397735e-01,0.000000000000000000e+00,0.000000000000000000e+00
7.591430135686638714e-01,0.000000000000000000e+00,0.000000000000000000e+00
7.602384580326879693e-01,0.000000000000000000e+00,0.000000000000000000e+00
7.613339024967119562e-01,0.000000000000000000e+00,0.000000000000000000e+00
7.624293469607360541e-01,0.000000000000000000e+00,0.000000000000000000e+00
7.635247914247600409e-01,0.000000000000000000e+00,0.000000000000000000e+00
7.646202358887841388e-01,0.000000000000000000e+00,0.000000000000000000e+00
7.657156803528081257e-01,0.000000000000000000e+00,0.000000000000000000e+00
7.668111248168322236e-01,0.000000000000000000e+00,0.000000000000000000e+00
7.679065692808562105e-01,0.000000000000000000e+00,0.000000000000000000e+00
7.690020137448801973e-01,0.000000000000000000e+00,0.000000000000000000e+00
7.700974582089044063e-01,0.000000000000000000e+00,0.000000000000000000e+00
7.711929026729283931e-01,0.000000000000000000e+00,0.000000000000000000e+00
7.722883471369523800e-01,0.000000000000000000e+00,0.000000000000000000e+00
7.733837916009764779e-01,0.000000000000000000e+00,0.000000000000000000e+00
7.744792360650005758e-01,0.000000000000000000e+00,0.000000000000000000e+00
7.755746805290245627e-01,0.000000000000000000e+00,0.000000000000000000e+00
7.766701249930485496e-01,0.000000000000000000e+00,0.000000000000000000e+00
7.777655694570726475e-01,0.000000000000000000e+00,0.000000000000000000e+00
7.788610139210967453e-01,0.000000000000000000e+00,0.000000000000000000e+00
7.799564583851207322e-01,0.000000000000000000e+00,0.000000000000000000e+00
7.810519028491448301e-01,0.000000000000000000e+00,0.000000000000000000e+00
7.821473473131688170e-01,0.000000000000000000e+00,0.000000000000000000e+00
7.832427917771929149e-01,0.000000000000000000e+00,0.000000000000000000e+00
7.843382362412169018e-01,0.000000000000000000e+00,0.000000000000000000e+00
7.854336807052409997e-01,0.000000000000000000e+00,0.000000000000000000e+00
7.865291251692649865e-01,0.000000000000000000e+00,0.000000000000000000e+00
7.876245696332890844e-01,0.000000000000000000e+00,0.000000000000000000e+00
7.887200140973131823e-01,0.000000000000000000e+00,0.000000000000000000e+00
7.898154585613371692e-01,0.000000000000000000e+00,0.000000000000000000e+00
7.909109030253611561e-01,0.000000000000000000e+00,0.000000000000000000e+00
7.920063474893852540e-01,0.000000000000000000e+00,0.000000000000000000e+00
7.931017919534093519e-01,0.000000000000000000e+00,0.000000000000000000e+00
7.941972364174333388e-01,0.000000000000000000e+00,0.000000000000000000e+00
7.952926808814573256e-01,0.000000000000000000e+00,0.000000000000000000e+00
7.963881253454814235e-01,0.000000000000000000e+00,0.000000000000000000e+00
7.974835698095055214e-01,0.000000000000000000e+00,0.000000000000000000e+00
7.985790142735295083e-01,0.000000000000000000e+00,0.000000000000000000e+00
7.996744587375536062e-01,0.000000000000000000e+00,0.000000000000000000e+00
8.007699032015775931e-01,0.000000000000000000e+00,0.000000000000000000e+00
8.018653476656016910e-01,0.000000000000000000e+00,0.000000000000000000e+00
8.029607921296256778e-01,0.000000000000000000e+00,0.000000000000000000e+00
8.040562365936497757e-01,0.000000000000000000e+00,0.000000000000000000e+00
8.051516810576737626e-01,0.000000000000000000e+00,0.000000000000000000e+00
8.062471255216978605e-01,0.000000000000000000e+00,0.000000000000000000e+00
8.073425699857219584e-01,0.000000000000000000e+00,0.000000000000000000e+00
8.084380144497459453e-01,0.000000000000000000e+00,0.000000000000000000e+00
8.095334589137699322e-01,0.000000000000000000e+00,0.000000000000000000e+00
8.106289033777940300e-01,0.000000000000000000e+00,0.000000000000000000e+00
8.117243478418181279e-01,0.000000000000000000e+00,0.000000000000000000e+00
8.128197923058421148e-01,0.000000000000000000e+00,0.000000000000000000e+00
8.139152367698661017e-01,0.000000000000000000e+00,0.000000000000000000e+00
8.150106812338903106e-01,0.000000000000000000e+00,0.000000000000000000e+00
8.161061256979142975e-01,0.000000000000000000e+00,0.000000000000000000e+00
8.172015701619382844e-01,0.000000000000000000e+00,0.000000000000000000e+00
8.182970146259623823e-01,0.000000000000000000e+00,0.000000000000000000e+00
8.193924590899864802e-01,0.000000000000000000e+00,0.000000000000000000e+00
8.204879035540104670e-01,0.000000000000000000e+00,0.000000000000000000e+00
8.215833480180344539e-01,0.000000000000000000e+00,0.000000000000000000e+00
8.226787924820585518e-01,0.000000000000000000e+00,0.000000000000000000e+00
8.237742369460825387e-01,0.000000000000000000e+00,0.000000000000000000e+00
8.248696814101066366e-01,0.000000000000000000e+00,0.000000000000000000e+00
8.259651258741307345e-01,0.000000000000000000e+00,0.000000000000000000e+00
8.270605703381547213e-01,0.000000000000000000e+00,0.000000000000000000e+00
8.281560148021787082e-01,0.000000000000000000e+00,0.000000000000000000e+00
8.292514592662028061e-01,0.000000000000000000e+00,0.000000000000000000e+00
8.303469037302269040e-01,0.000000000000000000e+00,0.000000000000000000e+00
8.314423481942508909e-01,0.000000000000000000e+00,0.000000000000000000e+00
8.325377926582748778e-01,0.000000000000000000e+00,0.000000000000000000e+00
8.336332371222990867e-01,0.000000000000000000e+00,0.000000000000000000e+00
8.347286815863230736e-01,0.000000000000000000e+00,0.000000000000000000e+00
8.358241260503470604e-01,0.000000000000000000e+00,0.000000000000000000e+00
8.369195705143711583e-01,0.000000000000000000e+00,0.000000000000000000e+00
8.380150149783952562e-01,0.000000000000000000e+00,0.000000000000000000e+00
8.391104594424192431e-01,0.000000000000000000e+00,0.000000000000000000e+00
8.402059039064432300e-01,0.000000000000000000e+00,0.000000000000000000e+00
8.413013483704673279e-01,0.000000000000000000e+00,0.000000000000000000e+00
8.423967928344914258e-01,0.000000000000000000e+00,0.000000000000000000e+00
8.434922372985154126e-01,0.000000000000000000e+00,0.000000000000000000e+00
8.445876817625395105e-01,0.000000000000000000e+00,0.000000000000000000e+00
8.456831262265634974e-01,0.000000000000000000e+00,0.000000000000000000e+00
8.467785706905875953e-01,0.000000000000000000e+00,0.000000000000000000e+00
8.478740151546115822e-01,0.000000000000000000e+00,0.000000000000000000e+00
8.489694596186356801e-01,0.000000000000000000e+00,0.000000000000000000e+00
8.500649040826596670e-01,0.000000000000000000e+00,0.000000000000000000e+00
8.511603485466836538e-01,0.000000000000000000e+00,0.000000000000000000e+00
8.522557930107078628e-01,0.000000000000000000e+00,0.000000000000000000e+00
8.533512374747318496e-01,0.000000000000000000e+00,0.000000000000000000e+00
8.544466819387558365e-01,0.000000000000000000e+00,0.000000000000000000e+00
8.555421264027798234e-01,0.000000000000000000e+00,0.000000000000000000e+00
8.566375708668040323e-01,0.000000000000000000e+00,0.000000000000000000e+00
8.577330153308280192e-01,0.000000000000000000e+00,0.000000000000000000e+00
8.588284597948520060e-01,0.000000000000000000e+00,0.000000000000000000e+00
8.599239042588761039e-01,0.000000000000000000e+00,0.000000000000000000e+00
8.610193487229002018e-01,0.000000000000000000e+00,0.000000000000000000e+00
8.621147931869241887e-01,0.000000000000000000e+00,0.000000000000000000e+00
8.632102376509482866e-01,0.000000000000000000e+00,0.000000000000000000e+00
8.643056821149722735e-01,0.000000000000000000e+00,0.000000000000000000e+00
8.654011265789963714e-01,0.000000000000000000e+00,0.000000000000000000e+00
8.664965710430203583e-01,0.000000000000000000e+00,0.000000000000000000e+00
8.675920155070444562e-01,0.000000000000000000e+00,0.000000000000000000e+00
8.686874599710684430e-01,0.000000000000000000e+00,0.000000000000000000e+00
8.697829044350925409e-01,0.000000000000000000e+00,0.000000000000000000e+00
8.708783488991166388e-01,0.000000000000000000e+00,0.000000000000000000e+00
8.719737933631406257e-01,0.000000000000000000e+00,0.000000000000000000e+00
8.730692378271646126e-01,0.000000000000000000e+00,0.000000000000000000e+00
8.741646822911887105e-01,0.000000000000000000e+00,0.000000000000000000e+00
8.752601267552128084e-01,0.000000000000000000e+00,0.000000000000000000e+00
8.763555712192367952e-01,0.000000000000000000e+00,0.000000000000000000e+00
8.774510156832607821e-01,0.000000000000000000e+00,0.000000000000000000e+00
8.785464601472848800e-01,0.000000000000000000e+00,0.000000000000000000e+00
8.796419046113088669e-01,0.000000000000000000e+00,0.000000000000000000e+00
8.807373490753328538e-01,0.000000000000000000e+00,0.000000000000000000e+00
8.818327935393570627e-01,0.000000000000000000e+00,0.000000000000000000e+00
8.829282380033811606e-01,0.000000000000000000e+00,0.000000000000000000e+00
8.840236824674051475e-01,0.000000000000000000e+00,0.000000000000000000e+00
8.851191269314291343e-01,0.000000000000000000e+00,0.000000000000000000e+00
8.862145713954532322e-01,0.000000000000000000e+00,0.000000000000000000e+00
8.873100158594772191e-01,0.000000000000000000e+00,0.000000000000000000e+00
8.884054603235012060e-01,0.000000000000000000e+00,0.000000000000000000e+00
8.895009047875253039e-01,0.000000000000000000e+00,0.000000000000000000e+00
8.905963492515495128e-01,0.000000000000000000e+00,0.000000000000000000e+00
8.916917937155734997e-01,0.000000000000000000e+00,0.000000000000000000e+00
8.927872381795974865e-01,0.000000000000000000e+00,0.000000000000000000e+00
8.938826826436215844e-01,0.000000000000000000e+00,0.000000000000000000e+00
8.949781271076455713e-01,0.000000000000000000e+00,0.000000000000000000e+00
8.960735715716695582e-01,0.000000000000000000e+00,0.000000000000000000e+00
8.971690160356936561e-01,0.000000000000000000e+00,0.000000000000000000e+00
8.982644604997176430e-01,0.000000000000000000e+00,0.000000000000000000e+00
8.993599049637418519e-01,0.000000000000000000e+00,0.000000000000000000e+00
9.004553494277658388e-01,0.000000000000000000e+00,0.000000000000000000e+00
9.015507938917899367e-01,0.000000000000000000e+00,0.000000000000000000e+00
9.026462383558139235e-01,0.000000000000000000e+00,0.000000000000000000e+00
9.037416828198379104e-01,0.000000000000000000e+00,0.000000000000000000e+00
9.048371272838620083e-01,0.000000000000000000e+00,0.000000000000000000e+00
9.059325717478859952e-01,0.000000000000000000e+00,0.000000000000000000e+00
9.070280162119099820e-01,0.000000000000000000e+00,0.000000000000000000e+00
9.081234606759340799e-01,0.000000000000000000e+00,0.000000000000000000e+00
9.092189051399582889e-01,0.000000000000000000e+00,0.000000000000000000e+00
9.103143496039822757e-01,0.000000000000000000e+00,0.000000000000000000e+00
9.114097940680062626e-01,0.000000000000000000e+00,0.000000000000000000e+00
9.125052385320303605e-01,0.000000000000000000e+00,0.000000000000000000e+00
9.136006829960543474e-01,0.000000000000000000e+00,0.000000000000000000e+00
9.146961274600783343e-01,0.000000000000000000e+00,0.000000000000000000e+00
9.157915719241024322e-01,0.000000000000000000e+00,0.000000000000000000e+00
9.168870163881264190e-01,0.000000000000000000e+00,0.000000000000000000e+00
9.179824608521506280e-01,0.000000000000000000e+00,0.000000000000000000e+00
9.190779053161746148e-01,0.000000000000000000e+00,0.000000000000000000e+00
9.201733497801987127e-01,0.000000000000000000e+00,0.000000000000000000e+00
9.212687942442226996e-01,0.000000000000000000e+00,0.000000000000000000e+00
9.223642387082466865e-01,0.000000000000000000e+00,0.000000000000000000e+00
9.234596831722707844e-01,0.000000000000000000e+00,0.000000000000000000e+00
9.245551276362947712e-01,0.000000000000000000e+00,0.000000000000000000e+00
9.256505721003187581e-01,0.000000000000000000e+00,0.000000000000000000e+00
9.267460165643429670e-01,0.000000000000000000e+00,0.000000000000000000e+00
9.278414610283670649e-01,0.000000000000000000e+00,0.000000000000000000e+00
9.289369054923910518e-01,0.000000000000000000e+00,0.000000000000000000e+00
9.300323499564150387e-01,0.000000000000000000e+00,0.000000000000000000e+00
9.311277944204391366e-01,0.000000000000000000e+00,0.000000000000000000e+00
9.322232388844631235e-01,0.000000000000000000e+00,0.000000000000000000e+00
9.333186833484871103e-01,0.000000000000000000e+00,0.000000000000000000e+00
9.344141278125112082e-01,0.000000000000000000e+00,0.000000000000000000e+00
9.355095722765351951e-01,0.000000000000000000e+00,0.000000000000000000e+00
9.366050167405594040e-01,0.000000000000000000e+00,0.000000000000000000e+00
9.377004612045833909e-01,0.000000000000000000e+00,0.000000000000000000e+00
9.387959056686074888e-01,0.000000000000000000e+00,0.000000000000000000e+00
9.398913501326314757e-01,0.000000000000000000e+00,0.000000000000000000e+00
9.409867945966554625e-01,0.000000000000000000e+00,0.000000000000000000e+00
9.420822390606795604e-01,0.000000000000000000e+00,0.000000000000000000e+00
9.431776835247035473e-01,0.000000000000000000e+00,0.000000000000000000e+00
9.442731279887275342e-01,0.000000000000000000e+00,0.000000000000000000e+00
9.453685724527517431e-01,0.000000000000000000e+00,0.000000000000000000e+00
9.464640169167758410e-01,0.000000000000000000e+00,0.000000000000000000e+00
9.475594613807998279e-01,0.000000000000000000e+00,0.000000000000000000e+00
9.486549058448238148e-01,0.000000000000000000e+00,0.000000000000000000e+00
9.497503503088479127e-01,0.000000000000000000e+00,0.000000000000000000e+00
9.508457947728718995e-01,0.000000000000000000e+00,0.000000000000000000e+00
9.519412392368958864e-01,0.000000000000000000e+00,0.000000000000000000e+00
9.530366837009199843e-01,0.000000000000000000e+00,0.000000000000000000e+00
9.541321281649441932e-01,0.000000000000000000e+00,0.000000000000000000e+00
9.552275726289681801e-01,0.000000000000000000e+00,0.000000000000000000e+00
9.563230170929921670e-01,0.000000000000000000e+00,0.000000000000000000e+00
9.574184615570162649e-01,0.000000000000000000e+00,0.000000000000000000e+00
9.585139060210402517e-01,0.000000000000000000e+00,0.000000000000000000e+00
9.596093504850642386e-01,0.000000000000000000e+00,0.000000000000000000e+00
9.607047949490883365e-01,0.000000000000000000e+00,0.000000000000000000e+00
9.618002394131123234e-01,0.000000000000000000e+00,0.000000000000000000e+00
9.628956838771363103e-01,0.000000000000000000e+00,0.000000000000000000e+00
9.639911283411605192e-01,0.000000000000000000e+00,0.000000000000000000e+00
9.650865728051846171e-01,0.000000000000000000e+00,0.000000000000000000e+00
9.661820172692086039e-01,0.000000000000000000e+00,0.000000000000000000e+00
9.672774617332325908e-01,0.000000000000000000e+00,0.000000000000000000e+00
9.683729061972566887e-01,0.000000000000000000e+00,0.000000000000000000e+00
9.694683506612806756e-01,0.000000000000000000e+00,0.000000000000000000e+00
9.705637951253046625e-01,0.000000000000000000e+00,0.000000000000000000e+00
9.716592395893287604e-01,0.000000000000000000e+00,0.000000000000000000e+00
9.727546840533529693e-01,0.000000000000000000e+00,0.000000000000000000e+00
9.738501285173769562e-01,0.000000000000000000e+00,0.000000000000000000e+00
9.749455729814009430e-01,0.000000000000000000e+00,0.000000000000000000e+00
9.760410174454250409e-01,0.000000000000000000e+00,0.000000000000000000e+00
9.771364619094490278e-01,0.000000000000000000e+00,0.000000000000000000e+00
9.782319063734730147e-01,0.000000000000000000e+00,0.000000000000000000e+00
9.793273508374971126e-01,0.000000000000000000e+00,0.000000000000000000e+00
9.804227953015210995e-01,0.000000000000000000e+00,0.000000000000000000e+00
9.815182397655453084e-01,0.000000000000000000e+00,0.000000000000000000e+00
9.826136842295692952e-01,0.000000000000000000e+00,0.000000000000000000e+00
9.837091286935933931e-01,0.000000000000000000e+00,0.000000000000000000e+00
9.848045731576173800e-01,0.000000000000000000e+00,0.000000000000000000e+00
9.859000176216413669e-01,0.000000000000000000e+00,0.000000000000000000e+00
9.869954620856654648e-01,0.000000000000000000e+00,0.000000000000000000e+00
9.880909065496894517e-01,0.000000000000000000e+00,0.000000000000000000e+00
9.891863510137134385e-01,0.000000000000000000e+00,0.000000000000000000e+00
9.902817954777375364e-01,0.000000000000000000e+00,0.000000000000000000e+00
9.913772399417617454e-01,0.000000000000000000e+00,0.000000000000000000e+00
9.924726844057857322e-01,0.000000000000000000e+00,0.000000000000000000e+00
9.935681288698097191e-01,0.000000000000000000e+00,0.000000000000000000e+00
9.946635733338338170e-01,0.000000000000000000e+00,0.000000000000000000e+00
9.957590177978578039e-01,0.000000000000000000e+00,0.000000000000000000e+00
9.968544622618817908e-01,0.000000000000000000e+00,0.000000000000000000e+00
9.979499067259058886e-01,0.000000000000000000e+00,0.000000000000000000e+00
9.990453511899298755e-01,0.000000000000000000e+00,0.000000000000000000e+00
1.000140795653954084e+00,0.000000000000000000e+00,0.000000000000000000e+00
1.001236240117978182e+00,0.000000000000000000e+00,0.000000000000000000e+00
1.002331684582002058e+00,0.000000000000000000e+00,0.000000000000000000e+00
1.003427129046026156e+00,0.000000000000000000e+00,0.000000000000000000e+00
1.004522573510050254e+00,0.000000000000000000e+00,0.000000000000000000e+00
1.005618017974074130e+00,0.000000000000000000e+00,0.000000000000000000e+00
1.006713462438098228e+00,0.000000000000000000e+00,0.000000000000000000e+00
1.007808906902122326e+00,0.000000000000000000e+00,0.000000000000000000e+00
1.008904351366146424e+00,0.000000000000000000e+00,0.000000000000000000e+00
1.009999795830170521e+00,0.000000000000000000e+00,0.000000000000000000e+00
1.011095240294194397e+00,0.000000000000000000e+00,0.000000000000000000e+00
1.012190684758218495e+00,0.000000000000000000e+00,0.000000000000000000e+00
1.013286129222242593e+00,0.000000000000000000e+00,0.000000000000000000e+00
1.014381573686266469e+00,0.000000000000000000e+00,0.000000000000000000e+00
1.015477018150290567e+00,0.000000000000000000e+00,0.000000000000000000e+00
1.016572462614314665e+00,0.000000000000000000e+00,0.000000000000000000e+00
1.017667907078338541e+00,0.000000000000000000e+00,0.000000000000000000e+00
1.018763351542362861e+00,0.000000000000000000e+00,0.000000000000000000e+00
1.019858796006386958e+00,0.000000000000000000e+00,0.000000000000000000e+00
1.020954240470410834e+00,0.000000000000000000e+00,0.000000000000000000e+00
1.022049684934434932e+00,0.000000000000000000e+00,0.000000000000000000e+00
1.023145129398459030e+00,0.000000000000000000e+00,0.000000000000000000e+00
1.024240573862482906e+00,0.000000000000000000e+00,0.000000000000000000e+00
1.025336018326507004e+00,0.000000000000000000e+00,0.000000000000000000e+00
1.026431462790531102e+00,0.000000000000000000e+00,0.000000000000000000e+00
1.027526907254555200e+00,0.000000000000000000e+00,0.000000000000000000e+00
1.028622351718579297e+00,0.000000000000000000e+00,0.000000000000000000e+00
1.029717796182603173e+00,0.000000000000000000e+00,0.000000000000000000e+00
1.030813240646627271e+00,0.000000000000000000e+00,0.000000000000000000e+00
1.031908685110651369e+00,0.000000000000000000e+00,0.000000000000000000e+00
1.033004129574675245e+00,0.000000000000000000e+00,0.000000000000000000e+00
1.034099574038699343e+00,0.000000000000000000e+00,0.000000000000000000e+00
1.035195018502723441e+00,0.000000000000000000e+00,0.000000000000000000e+00
1.036290462966747539e+00,0.000000000000000000e+00,0.000000000000000000e+00
1.037385907430771637e+00,0.000000000000000000e+00,0.000000000000000000e+00
1.038481351894795734e+00,0.000000000000000000e+00,0.000000000000000000e+00
1.039576796358819610e+00,0.000000000000000000e+00,0.000000000000000000e+00
1.040672240822843708e+00,0.000000000000000000e+00,0.000000000000000000e+00
1.041767685286867806e+00,0.000000000000000000e+00,0.000000000000000000e+00
1.042863129750891682e+00,0.000000000000000000e+00,0.000000000000000000e+00
1.043958574214915780e+00,0.000000000000000000e+00,0.000000000000000000e+00
1.045054018678939878e+00,0.000000000000000000e+00,0.000000000000000000e+00
1.046149463142963976e+00,0.000000000000000000e+00,0.000000000000000000e+00
1.047244907606988074e+00,0.000000000000000000e+00,0.000000000000000000e+00
1.048340352071011949e+00,0.000000000000000000e+00,0.000000000000000000e+00
1.049435796535036047e+00,0.000000000000000000e+00,0.000000000000000000e+00
1.050531240999060145e+00,0.000000000000000000e+00,0.000000000000000000e+00
1.051626685463084021e+00,0.000000000000000000e+00,0.000000000000000000e+00
1.052722129927108119e+00,0.000000000000000000e+00,0.000000000000000000e+00
1.053817574391132217e+00,0.000000000000000000e+00,0.000000000000000000e+00
1.054913018855156315e+00,0.000000000000000000e+00,0.000000000000000000e+00
1.056008463319180413e+00,0.000000000000000000e+00,0.000000000000000000e+00
1.057103907783204511e+00,0.000000000000000000e+00,0.000000000000000000e+00
1.058199352247228386e+00,0.000000000000000000e+00,0.000000000000000000e+00
1.059294796711252484e+00,0.000000000000000000e+00,0.000000000000000000e+00
1.060390241175276582e+00,0.000000000000000000e+00,0.000000000000000000e+00
1.061485685639300458e+00,0.000000000000000000e+00,0.000000000000000000e+00
1.062581130103324556e+00,0.000000000000000000e+00,0.000000000000000000e+00
1.063676574567348654e+00,0.000000000000000000e+00,0.000000000000000000e+00
1.064772019031372752e+00,0.000000000000000000e+00,0.000000000000000000e+00
1.065867463495396850e+00,0.000000000000000000e+00,0.000000000000000000e+00
1.066962907959420725e+00,0.000000000000000000e+00,0.000000000000000000e+00
1.068058352423444823e+00,0.000000000000000000e+00,0.000000000000000000e+00
1.069153796887468921e+00,0.000000000000000000e+00,0.000000000000000000e+00
1.070249241351492797e+00,0.000000000000000000e+00,0.000000000000000000e+00
1.071344685815516895e+00,0.000000000000000000e+00,0.000000000000000000e+00
1.072440130279540993e+00,0.000000000000000000e+00,0.000000000000000000e+00
1.073535574743565091e+00,0.000000000000000000e+00,0.000000000000000000e+00
1.074631019207589189e+00,0.000000000000000000e+00,0.000000000000000000e+00
1.075726463671613287e+00,0.000000000000000000e+00,0.000000000000000000e+00
1.076821908135637162e+00,0.000000000000000000e+00,0.000000000000000000e+00
1.077917352599661260e+00,0.000000000000000000e+00,0.000000000000000000e+00
1.079012797063685358e+00,0.000000000000000000e+00,0.000000000000000000e+00
1.080108241527709234e+00,0.000000000000000000e+00,0.000000000000000000e+00
1.081203685991733332e+00,0.000000000000000000e+00,0.000000000000000000e+00
1.082299130455757430e+00,0.000000000000000000e+00,0.000000000000000000e+00
1.083394574919781528e+00,0.000000000000000000e+00,0.000000000000000000e+00
1.084490019383805626e+00,0.000000000000000000e+00,0.000000000000000000e+00
1.085585463847829502e+00,0.000000000000000000e+00,0.000000000000000000e+00
1.086680908311853599e+00,0.000000000000000000e+00,0.000000000000000000e+00
1.087776352775877697e+00,0.000000000000000000e+00,0.000000000000000000e+00
1.088871797239901573e+00,0.000000000000000000e+00,0.000000000000000000e+00
1.089967241703925671e+00,0.000000000000000000e+00,0.000000000000000000e+00
1.091062686167949991e+00,0.000000000000000000e+00,0.000000000000000000e+00
1.092158130631973867e+00,0.000000000000000000e+00,0.000000000000000000e+00
1.093253575095997965e+00,0.000000000000000000e+00,0.000000000000000000e+00
1.094349019560022063e+00,0.000000000000000000e+00,0.000000000000000000e+00
1.095444464024045939e+00,0.000000000000000000e+00,0.000000000000000000e+00
1.096539908488070036e+00,0.000000000000000000e+00,0.000000000000000000e+00
1.097635352952094134e+00,0.000000000000000000e+00,0.000000000000000000e+00
1.098730797416118010e+00,0.000000000000000000e+00,0.000000000000000000e+00
1.099826241880142108e+00,0.000000000000000000e+00,0.000000000000000000e+00
1.100921686344166206e+00,0.000000000000000000e+00,0.000000000000000000e+00
1.102017130808190304e+00,0.000000000000000000e+00,0.000000000000000000e+00
1.103112575272214402e+00,0.000000000000000000e+00,0.000000000000000000e+00
1.104208019736238278e+00,0.000000000000000000e+00,0.000000000000000000e+00
1.105303464200262376e+00,0.000000000000000000e+00,0.000000000000000000e+00
1.106398908664286473e+00,0.000000000000000000e+00,0.000000000000000000e+00
1.107494353128310349e+00,0.000000000000000000e+00,0.000000000000000000e+00
1.108589797592334447e+00,0.000000000000000000e+00,0.000000000000000000e+00
1.109685242056358767e+00,0.000000000000000000e+00,0.000000000000000000e+00
1.110780686520382643e+00,0.000000000000000000e+00,0.000000000000000000e+00
1.111876130984406741e+00,0.000000000000000000e+00,0.000000000000000000e+00
1.112971575448430839e+00,0.000000000000000000e+00,0.000000000000000000e+00
1.114067019912454715e+00,0.000000000000000000e+00,0.000000000000000000e+00
1.115162464376478813e+00,0.000000000000000000e+00,0.000000000000000000e+00
1.116257908840502910e+00,0.000000000000000000e+00,0.000000000000000000e+00
1.117353353304526786e+00,0.000000000000000000e+00,0.000000000000000000e+00
1.118448797768551106e+00,0.000000000000000000e+00,0.000000000000000000e+00
1.119544242232574982e+00,0.000000000000000000e+00,0.000000000000000000e+00
1.120639686696599080e+00,0.000000000000000000e+00,0.000000000000000000e+00
1.121735131160623178e+00,0.000000000000000000e+00,0.000000000000000000e+00
1.122830575624647054e+00,0.000000000000000000e+00,0.000000000000000000e+00
1.123926020088671152e+00,0.000000000000000000e+00,0.000000000000000000e+00
1.125021464552695249e+00,0.000000000000000000e+00,0.000000000000000000e+00
1.126116909016719125e+00,0.000000000000000000e+00,0.000000000000000000e+00
1.127212353480743223e+00,0.000000000000000000e+00,0.000000000000000000e+00
1.128307797944767543e+00,0.000000000000000000e+00,0.000000000000000000e+00
1.129403242408791419e+00,0.000000000000000000e+00,0.000000000000000000e+00
1.130498686872815517e+00,0.000000000000000000e+00,0.000000000000000000e+00
1.131594131336839615e+00,0.000000000000000000e+00,0.000000000000000000e+00
1.132689575800863491e+00,0.000000000000000000e+00,0.000000000000000000e+00
1.133785020264887589e+00,0.000000000000000000e+00,0.000000000000000000e+00
1.134880464728911686e+00,0.000000000000000000e+00,0.000000000000000000e+00
1.135975909192935562e+00,0.000000000000000000e+00,0.000000000000000000e+00
1.137071353656959882e+00,0.000000000000000000e+00,0.000000000000000000e+00
1.138166798120983758e+00,0.000000000000000000e+00,0.000000000000000000e+00
1.139262242585007856e+00,0.000000000000000000e+00,0.000000000000000000e+00
1.140357687049031954e+00,0.000000000000000000e+00,0.000000000000000000e+00
1.141453131513055830e+00,0.000000000000000000e+00,0.000000000000000000e+00
1.142548575977079928e+00,0.000000000000000000e+00,0.000000000000000000e+00
1.143644020441104026e+00,0.000000000000000000e+00,0.000000000000000000e+00
1.144739464905127901e+00,0.000000000000000000e+00,0.000000000000000000e+00
1.145834909369152221e+00,0.000000000000000000e+00,0.000000000000000000e+00
1.146930353833176319e+00,0.000000000000000000e+00,0.000000000000000000e+00
1.148025798297200195e+00,0.000000000000000000e+00,0.000000000000000000e+00
1.149121242761224293e+00,0.000000000000000000e+00,0.000000000000000000e+00
1.150216687225248391e+00,0.000000000000000000e+00,0.000000000000000000e+00
1.151312131689272267e+00,0.000000000000000000e+00,0.000000000000000000e+00
1.152407576153296365e+00,0.000000000000000000e+00,0.000000000000000000e+00
1.153503020617320463e+00,0.000000000000000000e+00,0.000000000000000000e+00
1.154598465081344338e+00,0.000000000000000000e+00,0.000000000000000000e+00
1.155693909545368658e+00,0.000000000000000000e+00,0.000000000000000000e+00
1.156789354009392534e+00,0.000000000000000000e+00,0.000000000000000000e+00
1.157884798473416632e+00,0.000000000000000000e+00,0.000000000000000000e+00
1.158980242937440730e+00,0.000000000000000000e+00,0.000000000000000000e+00
1.160075687401464606e+00,0.000000000000000000e+00,0.000000000000000000e+00
1.161171131865488704e+00,0.000000000000000000e+00,0.000000000000000000e+00
1.162266576329512802e+00,0.000000000000000000e+00,0.000000000000000000e+00
1.163362020793536677e+00,0.000000000000000000e+00,0.000000000000000000e+00
1.164457465257560997e+00,0.000000000000000000e+00,0.000000000000000000e+00
1.165552909721585095e+00,0.000000000000000000e+00,0.000000000000000000e+00
1.166648354185608971e+00,0.000000000000000000e+00,0.000000000000000000e+00
1.167743798649633069e+00,0.000000000000000000e+00,0.000000000000000000e+00
1.168839243113657167e+00,0.000000000000000000e+00,0.000000000000000000e+00
1.169934687577681043e+00,0.000000000000000000e+00,0.000000000000000000e+00
1.171030132041705141e+00,0.000000000000000000e+00,0.000000000000000000e+00
1.172125576505729239e+00,0.000000000000000000e+00,0.000000000000000000e+00
1.173221020969753337e+00,0.000000000000000000e+00,0.000000000000000000e+00
1.174316465433777434e+00,0.000000000000000000e+00,0.000000000000000000e+00
1.175411909897801310e+00,0.000000000000000000e+00,0.000000000000000000e+00
1.176507354361825408e+00,0.000000000000000000e+00,0.000000000000000000e+00
1.177602798825849506e+00,0.000000000000000000e+00,0.000000000000000000e+00
1.178698243289873382e+00,0.000000000000000000e+00,0.000000000000000000e+00
1.179793687753897480e+00,0.000000000000000000e+00,0.000000000000000000e+00
1.180889132217921578e+00,0.000000000000000000e+00,0.000000000000000000e+00
1.181984576681945454e+00,0.000000000000000000e+00,0.000000000000000000e+00
1.183080021145969773e+00,0.000000000000000000e+00,0.000000000000000000e+00
1.184175465609993871e+00,0.000000000000000000e+00,0.000000000000000000e+00
1.185270910074017747e+00,0.000000000000000000e+00,0.000000000000000000e+00
1.186366354538041845e+00,0.000000000000000000e+00,0.000000000000000000e+00
1.187461799002065943e+00,0.000000000000000000e+00,0.000000000000000000e+00
1.188557243466089819e+00,0.000000000000000000e+00,0.000000000000000000e+00
1.189652687930113917e+00,0.000000000000000000e+00,0.000000000000000000e+00
1.190748132394138015e+00,0.000000000000000000e+00,0.000000000000000000e+00
1.191843576858162113e+00,0.000000000000000000e+00,0.000000000000000000e+00
1.192939021322186210e+00,0.000000000000000000e+00,0.000000000000000000e+00
1.194034465786210086e+00,0.000000000000000000e+00,0.000000000000000000e+00
1.195129910250234184e+00,0.000000000000000000e+00,0.000000000000000000e+00
1.196225354714258282e+00,0.000000000000000000e+00,0.000000000000000000e+00
1.197320799178282158e+00,0.000000000000000000e+00,0.000000000000000000e+00
1.198416243642306256e+00,0.000000000000000000e+00,0.000000000000000000e+00
1.199511688106330354e+00,0.000000000000000000e+00,0.000000000000000000e+00
1.200607132570354452e+00,0.000000000000000000e+00,0.000000000000000000e+00
1.201702577034378550e+00,0.000000000000000000e+00,0.000000000000000000e+00
1.202798021498402647e+00,0.000000000000000000e+00,0.000000000000000000e+00
1.203893465962426523e+00,0.000000000000000000e+00,0.000000000000000000e+00
1.204988910426450621e+00,0.000000000000000000e+00,0.000000000000000000e+00
1.206084354890474719e+00,0.000000000000000000e+00,0.000000000000000000e+00
1.207179799354498595e+00,0.000000000000000000e+00,0.000000000000000000e+00
1.208275243818522693e+00,0.000000000000000000e+00,0.000000000000000000e+00
1.209370688282546791e+00,0.000000000000000000e+00,0.000000000000000000e+00
1.210466132746570889e+00,0.000000000000000000e+00,0.000000000000000000e+00
1.211561577210594987e+00,0.000000000000000000e+00,0.000000000000000000e+00
1.212657021674618862e+00,0.000000000000000000e+00,0.000000000000000000e+00
1.213752466138642960e+00,0.000000000000000000e+00,0.000000000000000000e+00
1.214847910602667058e+00,0.000000000000000000e+00,0.000000000000000000e+00
1.215943355066690934e+00,0.000000000000000000e+00,0.000000000000000000e+00
1.217038799530715032e+00,0.000000000000000000e+00,0.000000000000000000e+00
1.218134243994739130e+00,0.000000000000000000e+00,0.000000000000000000e+00
1.219229688458763228e+00,0.000000000000000000e+00,0.000000000000000000e+00
1.220325132922787326e+00,0.000000000000000000e+00,0.000000000000000000e+00
1.221420577386811424e+00,0.000000000000000000e+00,0.000000000000000000e+00
1.222516021850835299e+00,0.000000000000000000e+00,0.000000000000000000e+00
1.223611466314859397e+00,0.000000000000000000e+00,0.000000000000000000e+00
1.224706910778883495e+00,0.000000000000000000e+00,0.000000000000000000e+00
1.225802355242907371e+00,0.000000000000000000e+00,0.000000000000000000e+00
1.226897799706931469e+00,0.000000000000000000e+00,0.000000000000000000e+00
1.227993244170955567e+00,0.000000000000000000e+00,0.000000000000000000e+00
1.229088688634979665e+00,0.000000000000000000e+00,0.000000000000000000e+00
1.230184133099003763e+00,0.000000000000000000e+00,0.000000000000000000e+00
1.231279577563027638e+00,0.000000000000000000e+00,0.000000000000000000e+00
1.232375022027051736e+00,0.000000000000000000e+00,0.000000000000000000e+00
1.233470466491075834e+00,0.000000000000000000e+00,0.000000000000000000e+00
1.234565910955099710e+00,0.000000000000000000e+00,0.000000000000000000e+00
1.235661355419123808e+00,0.000000000000000000e+00,0.000000000000000000e+00
1.236756799883147906e+00,0.000000000000000000e+00,0.000000000000000000e+00
1.237852244347172004e+00,0.000000000000000000e+00,0.000000000000000000e+00
1.238947688811196102e+00,0.000000000000000000e+00,0.000000000000000000e+00
1.240043133275220200e+00,0.000000000000000000e+00,0.000000000000000000e+00
1.241138577739244075e+00,0.000000000000000000e+00,0.000000000000000000e+00
1.242234022203268173e+00,0.000000000000000000e+00,0.000000000000000000e+00
1.243329466667292271e+00,0.000000000000000000e+00,0.000000000000000000e+00
1.244424911131316147e+00,0.000000000000000000e+00,0.000000000000000000e+00
1.245520355595340245e+00,0.000000000000000000e+00,0.000000000000000000e+00
1.246615800059364343e+00,0.000000000000000000e+00,0.000000000000000000e+00
1.247711244523388441e+00,0.000000000000000000e+00,0.000000000000000000e+00
1.248806688987412539e+00,0.000000000000000000e+00,0.000000000000000000e+00
1.249902133451436415e+00,0.000000000000000000e+00,0.000000000000000000e+00
1.250997577915460512e+00,0.000000000000000000e+00,0.000000000000000000e+00
1.252093022379484610e+00,0.000000000000000000e+00,0.000000000000000000e+00
1.253188466843508486e+00,0.000000000000000000e+00,0.000000000000000000e+00
1.254283911307532584e+00,0.000000000000000000e+00,0.000000000000000000e+00
1.255379355771556904e+00,0.000000000000000000e+00,0.000000000000000000e+00
1.256474800235580780e+00,0.000000000000000000e+00,0.000000000000000000e+00
1.257570244699604878e+00,0.000000000000000000e+00,0.000000000000000000e+00
1.258665689163628976e+00,0.000000000000000000e+00,0.000000000000000000e+00
1.259761133627652852e+00,0.000000000000000000e+00,0.000000000000000000e+00
1.260856578091676949e+00,0.000000000000000000e+00,0.000000000000000000e+00
1.261952022555701047e+00,0.000000000000000000e+00,0.000000000000000000e+00
1.263047467019724923e+00,0.000000000000000000e+00,0.000000000000000000e+00
1.264142911483749021e+00,0.000000000000000000e+00,0.000000000000000000e+00
1.265238355947773119e+00,0.000000000000000000e+00,0.000000000000000000e+00
1.266333800411797217e+00,0.000000000000000000e+00,0.000000000000000000e+00
1.267429244875821315e+00,0.000000000000000000e+00,0.000000000000000000e+00
1.268524689339845191e+00,0.000000000000000000e+00,0.000000000000000000e+00
1.269620133803869289e+00,0.000000000000000000e+00,0.000000000000000000e+00
1.270715578267893386e+00,0.000000000000000000e+00,0.000000000000000000e+00
1.271811022731917262e+00,0.000000000000000000e+00,0.000000000000000000e+00
1.272906467195941360e+00,0.000000000000000000e+00,0.000000000000000000e+00
1.274001911659965680e+00,0.000000000000000000e+00,0.000000000000000000e+00
1.275097356123989556e+00,0.000000000000000000e+00,0.000000000000000000e+00
1.276192800588013654e+00,0.000000000000000000e+00,0.000000000000000000e+00
1.277288245052037752e+00,0.000000000000000000e+00,0.000000000000000000e+00
1.278383689516061628e+00,0.000000000000000000e+00,0.000000000000000000e+00
1.279479133980085725e+00,0.000000000000000000e+00,0.000000000000000000e+00
1.280574578444109823e+00,0.000000000000000000e+00,0.000000000000000000e+00
1.281670022908133699e+00,0.000000000000000000e+00,0.000000000000000000e+00
1.282765467372158019e+00,0.000000000000000000e+00,0.000000000000000000e+00
1.283860911836181895e+00,0.000000000000000000e+00,0.000000000000000000e+00
1.284956356300205993e+00,0.000000000000000000e+00,0.000000000000000000e+00
1.286051800764230091e+00,0.000000000000000000e+00,0.000000000000000000e+00
1.287147245228253967e+00,0.000000000000000000e+00,0.000000000000000000e+00
1.288242689692278065e+00,0.000000000000000000e+00,0.000000000000000000e+00
1.289338134156302162e+00,0.000000000000000000e+00,0.000000000000000000e+00
1.290433578620326038e+00,0.000000000000000000e+00,0.000000000000000000e+00
1.291529023084350136e+00,0.000000000000000000e+00,0.000000000000000000e+00
1.292624467548374456e+00,0.000000000000000000e+00,0.000000000000000000e+00
1.293719912012398332e+00,0.000000000000000000e+00,0.000000000000000000e+00
1.294815356476422430e+00,0.000000000000000000e+00,0.000000000000000000e+00
1.295910800940446528e+00,0.000000000000000000e+00,0.000000000000000000e+00
1.297006245404470404e+00,0.000000000000000000e+00,0.000000000000000000e+00
1.298101689868494502e+00,0.000000000000000000e+00,0.000000000000000000e+00
1.299197134332518377e+00,0.000000000000000000e+00,0.000000000000000000e+00
1.300292578796542475e+00,0.000000000000000000e+00,0.000000000000000000e+00
1.301388023260566795e+00,0.000000000000000000e+00,0.000000000000000000e+00
1.302483467724590671e+00,0.000000000000000000e+00,0.000000000000000000e+00
1.303578912188614769e+00,0.000000000000000000e+00,0.000000000000000000e+00
1.304674356652638867e+00,0.000000000000000000e+00,0.000000000000000000e+00
1.305769801116662743e+00,0.000000000000000000e+00,0.000000000000000000e+00
1.306865245580686841e+00,0.000000000000000000e+00,0.000000000000000000e+00
1.307960690044710939e+00,0.000000000000000000e+00,0.000000000000000000e+00
1.309056134508734814e+00,0.000000000000000000e+00,0.000000000000000000e+00
1.310151578972759134e+00,0.000000000000000000e+00,0.000000000000000000e+00
1.311247023436783232e+00,0.000000000000000000e+00,0.000000000000000000e+00
1.312342467900807108e+00,0.000000000000000000e+00,0.000000000000000000e+00
1.313437912364831206e+00,0.000000000000000000e+00,0.000000000000000000e+00
1.314533356828855304e+00,0.000000000000000000e+00,0.000000000000000000e+00
1.315628801292879180e+00,0.000000000000000000e+00,0.000000000000000000e+00
1.316724245756903278e+00,0.000000000000000000e+00,0.000000000000000000e+00
1.317819690220927153e+00,0.000000000000000000e+00,0.000000000000000000e+00
1.318915134684951251e+00,0.000000000000000000e+00,0.000000000000000000e+00
1.320010579148975571e+00,0.000000000000000000e+00,0.000000000000000000e+00
1.321106023612999447e+00,0.000000000000000000e+00,0.000000000000000000e+00
1.322201468077023545e+00,0.000000000000000000e+00,0.000000000000000000e+00
1.323296912541047643e+00,0.000000000000000000e+00,0.000000000000000000e+00
1.324392357005071519e+00,0.000000000000000000e+00,0.000000000000000000e+00
1.325487801469095617e+00,0.000000000000000000e+00,0.000000000000000000e+00
1.326583245933119715e+00,0.000000000000000000e+00,0.000000000000000000e+00
1.327678690397143590e+00,0.000000000000000000e+00,0.000000000000000000e+00
1.328774134861167910e+00,0.000000000000000000e+00,0.000000000000000000e+00
1.329869579325192008e+00,0.000000000000000000e+00,0.000000000000000000e+00
1.330965023789215884e+00,0.000000000000000000e+00,0.000000000000000000e+00
1.332060468253239982e+00,0.000000000000000000e+00,0.000000000000000000e+00
1.333155912717263858e+00,0.000000000000000000e+00,0.000000000000000000e+00
1.334251357181287956e+00,0.000000000000000000e+00,0.000000000000000000e+00
1.335346801645312054e+00,0.000000000000000000e+00,0.000000000000000000e+00
1.336442246109335930e+00,0.000000000000000000e+00,0.000000000000000000e+00
1.337537690573360250e+00,0.000000000000000000e+00,0.000000000000000000e+00
1.338633135037384347e+00,0.000000000000000000e+00,0.000000000000000000e+00
1.339728579501408223e+00,0.000000000000000000e+00,0.000000000000000000e+00
1.340824023965432321e+00,0.000000000000000000e+00,0.000000000000000000e+00
1.341919468429456419e+00,0.000000000000000000e+00,0.000000000000000000e+00
1.343014912893480295e+00,0.000000000000000000e+00,0.000000000000000000e+00
1.344110357357504393e+00,0.000000000000000000e+00,0.000000000000000000e+00
1.345205801821528491e+00,0.000000000000000000e+00,0.000000000000000000e+00
1.346301246285552367e+00,0.000000000000000000e+00,0.000000000000000000e+00
1.347396690749576686e+00,0.000000000000000000e+00,0.000000000000000000e+00
1.348492135213600562e+00,0.000000000000000000e+00,0.000000000000000000e+00
1.349587579677624660e+00,0.000000000000000000e+00,0.000000000000000000e+00
1.350683024141648758e+00,0.000000000000000000e+00,0.000000000000000000e+00
1.351778468605672634e+00,0.000000000000000000e+00,0.000000000000000000e+00
1.352873913069696732e+00,0.000000000000000000e+00,0.000000000000000000e+00
1.353969357533720830e+00,0.000000000000000000e+00,0.000000000000000000e+00
1.355064801997744706e+00,0.000000000000000000e+00,0.000000000000000000e+00
1.356160246461769026e+00,0.000000000000000000e+00,0.000000000000000000e+00
1.357255690925793123e+00,0.000000000000000000e+00,0.000000000000000000e+00
1.358351135389816999e+00,0.000000000000000000e+00,0.000000000000000000e+00
1.359446579853841097e+00,0.000000000000000000e+00,0.000000000000000000e+00
1.360542024317865195e+00,0.000000000000000000e+00,0.000000000000000000e+00
1.361637468781889071e+00,0.000000000000000000e+00,0.000000000000000000e+00
1.362732913245913169e+00,0.000000000000000000e+00,0.000000000000000000e+00
1.363828357709937267e+00,0.000000000000000000e+00,0.000000000000000000e+00
1.364923802173961365e+00,0.000000000000000000e+00,0.000000000000000000e+00
1.366019246637985463e+00,0.000000000000000000e+00,0.000000000000000000e+00
1.367114691102009338e+00,0.000000000000000000e+00,0.000000000000000000e+00
1.368210135566033436e+00,0.000000000000000000e+00,0.000000000000000000e+00
1.369305580030057534e+00,0.000000000000000000e+00,0.000000000000000000e+00
