# omega(Hartree) S(1/Hartree) dS(1/Hartree)
1.095444464024046072e-03,2.675669312612868112e+00,8.961965748529658882e-01
2.190888928048092144e-03,2.680374495839399795e+00,8.765947996201955972e-01
3.286333392072138000e-03,2.689472460555091704e+00,8.566768293744588814e-01
4.381777856096184288e-03,2.702666526366798383e+00,8.364537018200315366e-01
5.477222320120230144e-03,2.719690730346910890e+00,8.158838560970106402e-01
6.572666784144275999e-03,2.740305196572360824e+00,7.948503323632910567e-01
7.668111248168322722e-03,2.764292200750551487e+00,7.731378415920069358e-01
8.763555712192368577e-03,2.791452818016081583e+00,7.504134668054931456e-01
9.859000176216414432e-03,2.821604062252295098e+00,7.262200511179170981e-01
1.095444464024046029e-02,2.854576441605861437e+00,6.999969632281811682e-01
1.204988910426450614e-02,2.890211868022705133e+00,6.711548061749940119e-01
1.314533356828855200e-02,2.928361869293951703e+00,6.392468520569529744e-01
1.424077803231259785e-02,2.968886060742548239e+00,6.043071201746174070e-01
1.533622249633664544e-02,3.011650840723095524e+00,5.674597320453482752e-01
1.643166696036068783e-02,3.056528279845730722e+00,5.319202379367103939e-01
1.752711142438473715e-02,3.103395178525977460e+00,5.043323401732747735e-01
1.862255588840878301e-02,3.152132271308139888e+00,4.955397590898664162e-01
1.971800035243282886e-02,3.202623559566231126e+00,5.183236841780630710e-01
2.081344481645687472e-02,3.254755756782293563e+00,5.809463919830589740e-01
2.190888928048092057e-02,3.308417832746236353e+00,6.823153343626945366e-01
2.300433374450496643e-02,3.363500644792432492e+00,8.141055746438831120e-01
2.409977820852901229e-02,3.419896645659526779e+00,9.653109373000121618e-01
2.519522267255305814e-02,3.477499658785167647e+00,1.124640551632811292e+00
2.629066713657710400e-02,3.536204712872702771e+00,1.281191522267202121e+00
2.738611160060114985e-02,3.595907928429702860e+00,1.424741164500023194e+00
2.848155606462519571e-02,3.656506449712798812e+00,1.546152861457115835e+00
2.957700052864924503e-02,3.717898416134511219e+00,1.637910044262380183e+00
3.067244499267329089e-02,3.779982967733308552e+00,1.694634837004247219e+00
3.176788945669733327e-02,3.842660279774525733e+00,1.713475033661935765e+00
3.286333392072137566e-02,3.905831621970218048e+00,1.694272319191462817e+00
3.395877838474542498e-02,3.969399438175805539e+00,1.639477690701452328e+00
3.505422284876947431e-02,4.033267442760126720e+00,1.553833125527899872e+00
3.614966731279351669e-02,4.097340730154358290e+00,1.443908436572688414e+00
3.724511177681756602e-02,4.161525894373744094e+00,1.317563999680391618e+00
3.834055624084160840e-02,4.225731155574721676e+00,1.183450604861813860e+00
3.943600070486565773e-02,4.289866490964970858e+00,1.050605654250243548e+00
4.053144516888970011e-02,4.353843767628394090e+00,9.281294845732275256e-01
4.162688963291374944e-02,4.417576875057601882e+00,8.247644813030499122e-01
4.272233409693779183e-02,4.480981855412823123e+00,7.479834533403103558e-01
4.381777856096184115e-02,4.543977029739102669e+00,7.022936979973090077e-01
4.491322302498588354e-02,4.606483118582705316e+00,6.874410077855802603e-01
4.600866748900993286e-02,4.668423355647231432e+00,6.983204540602653276e-01
4.710411195303397525e-02,4.729723593320507291e+00,7.272393260914551405e-01
4.819955641705802457e-02,4.790312399088320738e+00,7.667088964828088216e-01
4.929500088108207390e-02,4.850121142025657583e+00,8.109691117270401151e-01
5.039044534510611628e-02,4.909084068721583982e+00,8.561950783012738375e-01
5.148588980913015867e-02,4.967138368150696870e+00,9.001064579267582522e-01
5.258133427315420799e-02,5.024224225158129720e+00,9.414859888278288569e-01
5.367677873717825038e-02,5.080284862345784802e+00,9.797920774835729985e-01
5.477222320120229970e-02,5.135266570297842392e+00,1.014888311313972391e+00
5.586766766522634903e-02,5.189118726181111363e+00,1.046867359061685043e+00
5.696311212925039141e-02,5.241793800872693865e+00,1.075940492352531974e+00
5.805855659327444074e-02,5.293247354860388221e+00,1.102370289104376955e+00
5.915400105729849006e-02,5.343438023247306212e+00,1.126430768889014278e+00
6.024944552132253245e-02,5.392327490267668999e+00,1.148384901261715108e+00
6.134488998534658177e-02,5.439880453785601588e+00,1.168472615373107537e+00
6.244033444937061722e-02,5.486064580305539451e+00,1.186904787563385355e+00
6.353577891339466654e-02,5.530850451067252926e+00,1.203860924783811459e+00
6.463122337741870893e-02,5.574211499837356421e+00,1.219488337255457688e+00
6.572666784144275132e-02,5.616123943036949839e+00,1.233902319385693058e+00
6.682211230546680758e-02,5.656566702865640117e+00,1.247186225500050316e+00
6.791755676949084997e-02,5.695521324096383786e+00,1.259391520510137585e+00
6.901300123351489235e-02,5.732971885220643493e+00,1.270537421708974435e+00
7.010844569753894862e-02,5.768904904625094865e+00,1.280609985876952628e+00
7.120389016156299100e-02,5.803309242473275731e+00,1.289561055539031109e+00
7.229933462558703339e-02,5.836175998958049504e+00,1.297306468782597255e+00
7.339477908961108965e-02,5.867498409571984652e+00,1.303724191579324287e+00
7.449022355363513204e-02,5.897271738026899968e+00,1.308652176136154477e+00
7.558566801765917442e-02,5.925493167429638497e+00,1.311886113665435616e+00
7.668111248168321681e-02,5.952161690295725727e+00,1.313177957923386430e+00
7.777655694570725919e-02,5.977277997956634614e+00,1.312235267111291126e+00
7.887200140973131546e-02,6.000844369885234286e+00,1.308723289793818578e+00
7.996744587375535784e-02,6.022864563434740859e+00,1.302271111322228503e+00
8.106289033777940023e-02,6.043343704453517873e+00,1.292485747613627334e+00
8.215833480180345649e-02,6.062288179207564909e+00,1.278978673055376047e+00
8.325377926582749888e-02,6.079705528008341631e+00,1.261413098090015339e+00
8.434922372985154126e-02,6.095604340912953667e+00,1.239583574072476546e+00
8.544466819387558365e-02,6.109994155830529294e+00,1.213545208368615569e+00
8.654011265789963991e-02,6.122885359338451572e+00,1.183816676436628246e+00
8.763555712192368230e-02,6.134289090480971929e+00,1.151684822529563279e+00
8.873100158594772469e-02,6.144217147793933798e+00,1.119633430885271785e+00
8.982644604997176707e-02,6.152681899771040186e+00,1.091874318736334226e+00
9.092189051399580946e-02,6.159696198959804470e+00,1.074833370171130786e+00
9.201733497801986572e-02,6.165273299850729138e+00,1.077198252272353551e+00
9.311277944204390811e-02,6.169426780698969104e+00,1.108918737174427793e+00
9.420822390606795049e-02,6.172170469394418824e+00,1.178879483172931897e+00
9.530366837009200676e-02,6.173518373476760246e+00,1.292152494226463499e+00
9.639911283411604914e-02,6.173484614371695933e+00,1.448554881396766580e+00
9.749455729814009153e-02,6.172083365906402719e+00,1.643155489585381268e+00
9.859000176216414779e-02,6.169328797146890864e+00,1.867715294478585530e+00
9.968544622618819018e-02,6.165235019584491383e+00,2.111920239876332150e+00
1.007808906902122326e-01,6.159816038684589046e+00,2.364099871378024798e+00
1.018763351542362888e-01,6.153085709800320657e+00,2.611662926187785949e+00
1.029717796182603173e-01,6.145057698443502581e+00,2.841522398721290976e+00
1.040672240822843597e-01,6.135745444872415355e+00,3.040656034476639569e+00
1.051626685463084160e-01,6.125162133035347622e+00,3.196826936832622312e+00
1.062581130103324584e-01,6.113320663722102033e+00,3.299413430969511563e+00
1.073535574743565008e-01,6.100233631993129180e+00,3.340257947408381334e+00
1.084490019383805570e-01,6.085913308770776631e+00,3.314408674001727562e+00
1.095444464024045994e-01,6.070371626560400635e+00,3.220642383772928774e+00
1.106398908664286418e-01,6.053620169240172544e+00,3.061679958694442760e+00
1.117353353304526981e-01,6.035670165855665736e+00,2.844035652312130846e+00
1.128307797944767404e-01,6.016532488351904462e+00,2.577517515384138758e+00
1.139262242585007828e-01,5.996217653172145390e+00,2.274435903200577869e+00
1.150216687225248391e-01,5.974735826647861181e+00,1.948651653198818723e+00
1.161171131865488815e-01,5.952096834101643807e+00,1.614640346620366707e+00
1.172125576505729239e-01,5.928310172580310677e+00,1.286838176378613641e+00
1.183080021145969801e-01,5.903385027132039831e+00,9.797357835158242434e-01
1.194034465786210225e-01,5.877330290536344926e+00,7.098303050823980831e-01
1.204988910426450649e-01,5.850154586392902090e+00,5.020799163475087035e-01
1.215943355066691212e-01,5.821866295465401464e+00,3.984690303514290544e-01
1.226897799706931635e-01,5.792473585179958917e+00,4.211377765107835458e-01
1.237852244347171921e-01,5.761984442160555275e+00,5.164590110047558857e-01
1.248806688987412344e-01,5.730406707685873791e+00,6.280955738842526337e-01
1.259761133627652907e-01,5.697748115939666569e+00,7.332493148334381372e-01
1.270715578267893331e-01,5.664016334920662921e+00,8.255370691508937542e-01
1.281670022908133755e-01,5.629219009868332790e+00,9.043942978945669342e-01
1.292624467548374179e-01,5.593363809050667435e+00,9.712357828294422291e-01
1.303578912188614602e-01,5.556458471750621797e+00,1.028011944694209756e+00
1.314533356828855026e-01,5.518510858276422404e+00,1.076623681115555398e+00
1.325487801469095728e-01,5.479529001807619260e+00,1.118693305084549561e+00
1.336442246109336152e-01,5.439521161878628774e+00,1.155501644296542674e+00
1.347396690749576575e-01,5.398495879285914789e+00,1.188005359892114976e+00
1.358351135389816999e-01,5.356462032192416345e+00,1.216889053478605209e+00
1.369305580030057423e-01,5.313428893188920199e+00,1.242627129122467755e+00
1.380260024670297847e-01,5.269406187056669744e+00,1.265541947635145936e+00
1.391214469310538548e-01,5.224404148961587779e+00,1.285852301491085425e+00
1.402168913950778972e-01,5.178433582796094115e+00,1.303710476164036791e+00
1.413123358591019396e-01,5.131505919369717006e+00,1.319228754964101080e+00
1.424077803231259820e-01,5.083633274135480384e+00,1.332497153058563422e+00
1.435032247871500244e-01,5.034828504127009552e+00,1.343594522615180420e+00
1.445986692511740668e-01,4.985105263767129813e+00,1.352594907496165622e+00
1.456941137151981369e-01,4.934478059198404765e+00,1.359570754194753039e+00
1.467895581792221793e-01,4.882962300776328313e+00,1.364594136306048089e+00
1.478850026432462217e-01,4.830574353356388961e+00,1.367736837034353670e+00
1.489804471072702641e-01,4.777331584000639175e+00,1.369069861341097427e+00
1.500758915712943065e-01,4.723252406724979480e+00,1.368662709137976830e+00
1.511713360353183488e-01,4.668356323906679428e+00,1.366582647317146737e+00
1.522667804993423912e-01,4.612663963971530556e+00,1.362894057924880720e+00
1.533622249633664336e-01,4.556197114986134444e+00,1.357657939800461122e+00
1.544576694273904760e-01,4.498978753785069173e+00,1.350931541770103772e+00
1.555531138914145184e-01,4.441033070275728356e+00,1.342768141954606698e+00
1.566485583554385608e-01,4.382385486576505507e+00,1.333216928165622983e+00
1.577440028194626309e-01,4.323062670662022988e+00,1.322322965136637940e+00
1.588394472834866733e-01,4.263092544210500101e+00,1.310127218192867149e+00
1.599348917475107157e-01,4.202504284375783605e+00,1.296666614064778011e+00
1.610303362115347581e-01,4.141328319233238631e+00,1.281974109659705485e+00
1.621257806755588005e-01,4.079596316684874324e+00,1.266078766445992043e+00
1.632212251395828428e-01,4.017341166644552430e+00,1.249005809472602424e+00
1.643166696036069130e-01,3.954596956366092098e+00,1.230776667230801591e+00
1.654121140676309554e-01,3.891398938819427222e+00,1.211408992611571644e+00
1.665075585316549978e-01,3.827783494070293280e+00,1.190916666087585396e+00
1.676030029956790401e-01,3.763788083664570738e+00,1.169309790761282608e+00
1.686984474597030825e-01,3.699451198074448666e+00,1.146594699757110147e+00
1.697938919237271249e-01,3.634812297314402141e+00,1.122773996545582520e+00
1.708893363877511673e-01,3.569911744892042105e+00,1.097846657980417362e+00
1.719847808517752374e-01,3.504790735313025429e+00,1.071808216516740409e+00
1.730802253157992798e-01,3.439491215414939518e+00,1.044651035110508497e+00
1.741756697798233222e-01,3.374055799861585214e+00,1.016364584070705623e+00
1.752711142438473646e-01,3.308527681179555202e+00,9.869354900078025628e-01
1.763665587078714070e-01,3.242950534772695903e+00,9.563467873925891594e-01
1.774620031718954494e-01,3.177368419398040267e+00,9.245751171339626762e-01
1.785574476359194918e-01,3.111825673630607358e+00,8.915834762941147185e-01
1.796528920999435341e-01,3.046366808887379651e+00,8.573050948563997187e-01
1.807483365639675765e-01,2.981036399615473176e+00,8.216111494922727632e-01
1.818437810279916189e-01,2.915878971280484677e+00,7.842516952717151213e-01
1.829392254920156613e-01,2.850938886817756757e+00,7.447585073102439557e-01
1.840346699560397314e-01,2.786260232225826083e+00,7.023104367634933620e-01
1.851301144200637738e-01,2.721886701995628766e+00,6.556151366556951521e-01
1.862255588840878162e-01,2.657861485073947705e+00,6.030381300015239532e-01
1.873210033481118586e-01,2.594227152058912633e+00,5.437557794647616127e-01
1.884164478121359010e-01,2.531025544318187936e+00,4.823407504128959244e-01
1.895118922761599434e-01,2.468297665697384513e+00,4.425778305283185610e-01
1.906073367401840135e-01,2.406083577484782854e+00,4.863187982114707819e-01
1.917027812042080559e-01,2.344422297243760056e+00,6.758882283697765780e-01
1.927982256682320983e-01,2.283351702109994275e+00,1.013426209353013085e+00
1.938936701322561407e-01,2.222908437107850688e+00,1.473396270005498110e+00
1.949891145962801831e-01,2.163127828979735767e+00,2.020013332667330630e+00
1.960845590603042254e-01,2.104043806005932549e+00,2.596258179537622279e+00
1.971800035243282956e-01,2.045688824197624545e+00,3.119276933464572910e+00
1.982754479883523380e-01,1.988093800228719177e+00,3.490749938917299566e+00
1.993708924523763804e-01,1.931288051386976790e+00,3.622536491267767556e+00
2.004663369164004227e-01,1.875299242779607356e+00,3.470635911375594240e+00
2.015617813804244651e-01,1.820153341961098903e+00,3.062743611819494394e+00
2.026572258444485075e-01,1.765874581094527773e+00,2.502884925180255404e+00
2.037526703084725777e-01,1.712485426694123181e+00,1.943967844953803148e+00
2.048481147724966200e-01,1.660006556940516687e+00,1.527029563558726544e+00
2.059435592365206347e-01,1.608456846503545146e+00,1.297418439578266414e+00
2.070390037005446771e-01,1.557853358751455808e+00,1.181952070789792364e+00
2.081344481645687194e-01,1.508211345177415730e+00,1.089894523568804674e+00
2.092298926285927896e-01,1.459544251824562267e+00,9.852614936673185220e-01
2.103253370926168320e-01,1.411863732448958242e+00,8.715841088152992411e-01
2.114207815566408744e-01,1.365179668120545031e+00,7.635178483475137945e-01
2.125162260206649167e-01,1.319500192927557158e+00,6.731421707461544557e-01
2.136116704846889591e-01,1.274831725420363160e+00,6.056327606459029900e-01
2.147071149487130015e-01,1.231179005406269455e+00,5.590612442676733407e-01
2.158025594127370717e-01,1.188545135685830090e+00,5.269935900648609062e-01
2.168980038767611140e-01,1.146931628305810635e+00,5.023531562093001002e-01
2.179934483407851564e-01,1.106338454895423817e+00,4.801393675050077969e-01
2.190888928048091988e-01,1.066764100642468627e+00,4.580704155417459900e-01
2.201843372688332134e-01,1.028205621467582320e+00,4.359002816766776589e-01
2.212797817328572836e-01,9.906587039543293116e-01,4.143959587404517086e-01
2.223752261968813260e-01,9.541177276005616825e-01,3.945067352718807374e-01
2.234706706609053961e-01,9.185758289637193652e-01,3.768804855083610628e-01
2.245661151249294107e-01,8.840249672859503693e-01,3.616999799339254418e-01
2.256615595889534809e-01,8.504559912003589739e-01,3.487409758482573618e-01
2.267570040529774955e-01,8.178587061349610332e-01,3.375367273766752274e-01
2.278524485170015657e-01,7.862219420523356428e-01,3.275520098910348343e-01
2.289478929810256080e-01,7.555336211820107284e-01,3.183097217889653274e-01
2.300433374450496782e-01,7.257808254263474756e-01,3.094542688354237625e-01
2.311387819090736928e-01,6.969498631416082279e-01,3.007626753994918634e-01
2.322342263730977630e-01,6.690263350227848571e-01,2.921239544187392845e-01
2.333296708371217776e-01,6.419951988407965882e-01,2.835056230173856329e-01
2.344251153011458477e-01,6.158408328095464901e-01,2.749202791718483585e-01
2.355205597651698901e-01,5.905470973796532741e-01,2.663990733928152665e-01
2.366160042291939603e-01,5.660973952833842082e-01,2.579743172830410436e-01
2.377114486932179749e-01,5.424747296759255821e-01,2.496705912216391765e-01
2.388068931572420450e-01,5.196617602413745596e-01,2.415022706995187951e-01
2.399023376212660597e-01,4.976408571536406478e-01,2.334750005957120511e-01
2.409977820852901298e-01,4.763941528023117877e-01,2.255889245385471753e-01
2.420932265493141722e-01,4.559035912139577373e-01,2.178420825658688997e-01
2.431886710133382423e-01,4.361509751162246928e-01,2.102330603859257907e-01
2.442841154773622570e-01,4.171180106110192742e-01,2.027625405451297935e-01
2.453795599413863271e-01,3.987863494368405481e-01,1.954337969810946707e-01
2.464750044054103417e-01,3.811376288171696158e-01,1.882523869699303798e-01
2.475704488694343841e-01,3.641535089027149730e-01,1.812253645232601296e-01
2.486658933334584543e-01,3.478157078293124815e-01,1.743603161052726669e-01
2.497613377974824689e-01,3.321060344234617046e-01,1.676644478915382819e-01
2.508567822615065390e-01,3.170064185962672698e-01,1.611438675706617085e-01
2.519522267255305814e-01,3.024989394765832951e-01,1.548031243203187024e-01
2.530476711895546238e-01,2.885658513400015668e-01,1.486450090505008481e-01
2.541431156535786662e-01,2.751896073977230239e-01,1.426705766278918430e-01
2.552385601176027086e-01,2.623528815137687875e-01,1.368793311165683591e-01
2.563340045816267510e-01,2.500385879242341125e-01,1.312695100891390632e-01
2.574294490456507933e-01,2.382298990349556445e-01,1.258384097973683224e-01
2.585248935096748357e-01,2.269102613769491128e-01,1.205827048671174739e-01
2.596203379736989336e-01,2.160634098013681503e-01,1.154987302993867454e-01
2.607157824377229205e-01,2.056733799964342579e-01,1.105827072686675488e-01
2.618112269017470184e-01,1.957245194088232387e-01,1.058309058169357025e-01
2.629066713657710053e-01,1.862014966542111793e-01,1.012397463094274197e-01
2.640021158297951032e-01,1.770893094988720273e-01,9.680584734326640184e-02
2.650975602938191455e-01,1.683732914946667325e-01,9.252603098458156428e-02
2.661930047578431879e-01,1.600391173485803398e-01,8.839729727871675768e-02
2.672884492218672303e-01,1.520728071056877961e-01,8.441677951180934225e-02
2.683838936858912727e-01,1.444607292231770701e-01,8.058169025758231407e-02
2.694793381499153151e-01,1.371896026110133449e-01,7.688926627254019652e-02
2.705747826139393575e-01,1.302464977122561041e-01,7.333671817938727799e-02
2.716702270779633999e-01,1.236188366929005522e-01,6.992118883738676627e-02
2.727656715419874978e-01,1.172943928107855610e-01,6.663972251290130322e-02
2.738611160060114846e-01,1.112612890274434774e-01,6.348924550510916254e-02
2.749565604700355270e-01,1.055079959264021289e-01,6.046655777907975621e-02
2.760520049340595694e-01,1.000233289976097950e-01,5.756833440010555858e-02
2.771474493980836118e-01,9.479644534476135143e-02,5.479113510370003937e-02
2.782428938621077097e-01,8.981683986974216272e-02,5.213142012723614993e-02
2.793383383261316966e-01,8.507434098601138195e-02,4.958557041579083474e-02
2.804337827901557945e-01,8.055910590916542935e-02,4.714991043712712243e-02
2.815292272541797813e-01,7.626161557047775319e-02,4.482073205635082186e-02
2.826246717182038792e-01,7.217266919704108663e-02,4.259431818487419141e-02
2.837201161822279216e-01,6.828337859915684094e-02,4.046696519946316878e-02
2.848155606462519640e-01,6.458516220246730832e-02,3.843500340196046028e-02
2.859110051102760064e-01,6.106973886129737211e-02,3.649481504197515935e-02
2.870064495743000488e-01,5.772912148623555312e-02,3.464284964374737125e-02
2.881018940383240912e-01,5.455561051654431864e-02,3.287563655823196734e-02
2.891973385023481335e-01,5.154178726705931080e-02,3.118979480429141110e-02
2.902927829663721759e-01,4.868050717596050792e-02,2.958204036653986138e-02
2.913882274303962738e-01,4.596489297714125705e-02,2.804919118858473920e-02
2.924836718944202607e-01,4.338832782292555840e-02,2.658817014501099057e-02
2.935791163584443586e-01,4.094444837468728254e-02,2.519600629085195706e-02
2.946745608224683455e-01,3.862713788324318581e-02,2.386983469124058510e-02
2.957700052864924434e-01,3.643051927542800134e-02,2.260689511828526538e-02
2.968654497505164858e-01,3.434894826382437621e-02,2.140452988070794954e-02
2.979608942145405281e-01,3.237700649396958036e-02,2.026018102216843239e-02
2.990563386785645705e-01,3.050949474241690731e-02,1.917138709226945750e-02
3.001517831425886129e-01,2.874142617802655231e-02,1.813577966200285302e-02
3.012472276066126553e-01,2.706801969713349201e-02,1.715107972291238583e-02
3.023426720706366977e-01,2.548469334218338503e-02,1.621509407981695447e-02
3.034381165346607401e-01,2.398705781340334728e-02,1.532571182065295239e-02
3.045335609986847825e-01,2.257091008004333613e-02,1.448090092226733162e-02
3.056290054627088248e-01,2.123222709875102754e-02,1.367870503225163646e-02
3.067244499267328672e-01,1.996715964522513889e-02,1.291724044997967155e-02
3.078198943907569096e-01,1.877202626326369625e-02,1.219469331595912122e-02
3.089153388547809520e-01,1.764330733707977772e-02,1.150931700986126439e-02
3.100107833188050499e-01,1.657763928915283874e-02,1.085942974806773133e-02
3.111062277828290368e-01,1.557180890799015477e-02,1.024341236790940989e-02
3.122016722468531347e-01,1.462274780710784428e-02,9.659706280671772824e-03
3.132971167108771215e-01,1.372752701840401074e-02,9.106811575076754692e-03
3.143925611749012194e-01,1.288335172056550605e-02,8.583285250937357225e-03
3.154880056389252618e-01,1.208755610353326806e-02,8.087739563477152130e-03
3.165834501029493042e-01,1.133759837041434931e-02,7.618840460336165007e-03
3.176788945669733466e-01,1.063105587587310878e-02,7.175306093414504649e-03
3.187743390309973890e-01,9.965620402020383684e-03,6.755905391067753250e-03
3.198697834950214314e-01,9.339093570652955145e-03,6.359456676883461050e-03
3.209652279590454738e-01,8.749382390943239579e-03,5.984826323643681681e-03
3.220606724230695161e-01,8.194494942479070565e-03,5.630927433780473328e-03
3.231561168870936140e-01,7.672536191350665981e-03,5.296718538196638036e-03
3.242515613511176009e-01,7.181703938615936061e-03,4.981202308312605159e-03
3.253470058151416988e-01,6.720284898861746299e-03,4.683424276822997952e-03
3.264424502791656857e-01,6.286650907731818061e-03,4.402471564933372467e-03
3.275378947431897836e-01,5.879255255832977096e-03,4.137471614152129530e-03
3.286333392072138260e-01,5.496629147044053421e-03,3.887590922229035122e-03
3.297287836712378128e-01,5.137378279624496905e-03,3.652033784004628855e-03
3.308242281352619107e-01,4.800179546772893359e-03,3.430041037437441161e-03
3.319196725992858976e-01,4.483777854813643035e-03,3.220888816696365359e-03
3.330151170633099955e-01,4.186983056922151045e-03,3.023887314450951231e-03
3.341105615273339824e-01,3.908666998794664039e-03,2.838379554686227321e-03
3.352060059913580803e-01,3.647760674515540535e-03,2.663740178861578271e-03
3.363014504553821227e-01,3.403251489838730274e-03,2.499374247566792974e-03
3.373968949194061651e-01,3.174180629850737075e-03,2.344716059638748962e-03
3.384923393834302074e-01,2.959640528494249159e-03,2.199227991001245688e-03
3.395877838474542498e-01,2.758772437902871130e-03,2.062399355722238908e-03
3.406832283114782922e-01,2.570764093265672651e-03,1.933745289973837211e-03
3.417786727755023346e-01,2.394847472392056757e-03,1.812805661947376702e-03
3.428741172395263770e-01,2.230296646005904253e-03,1.699144008241444508e-03
3.439695617035504749e-01,2.076425716247469119e-03,1.592346498090624644e-03
3.450650061675744618e-01,1.932586841060416434e-03,1.492020926734212091e-03
3.461604506315985597e-01,1.798168341903275168e-03,1.397795738828250820e-03
3.472558950956225465e-01,1.672592891490912431e-03,1.309319082019429637e-03
3.483513395596466444e-01,1.555315779385672359e-03,1.226257891425923873e-03
3.494467840236706868e-01,1.445823253325795180e-03,1.148297005645175246e-03
3.505422284876947292e-01,1.343630932932889316e-03,1.075138313734528379e-03
3.516376729517187716e-01,1.248282293428197836e-03,1.006499933189215464e-03
3.527331174157428140e-01,1.159347217995978065e-03,9.421154195959971500e-04
3.538285618797668564e-01,1.076420614797912473e-03,8.817330063810460781e-04
3.549240063437908987e-01,9.991210971901384828e-04,8.251148749505704929e-04
3.560194508078149411e-01,9.270897252585944730e-04,7.720364550733037259e-04
3.571148952718389835e-01,8.599888051140620144e-04,7.222857538511483081e-04
3.582103397358630259e-01,7.975007450664960531e-04,6.756627137152116562e-04
3.593057841998870683e-01,7.393269657408436338e-04,6.319785980968502031e-04
3.604012286639111107e-01,6.851868621140809251e-04,5.910554040862748019e-04
3.614966731279351531e-01,6.348168158401893118e-04,5.527253016468456357e-04
3.625921175919592510e-01,5.879692554565516720e-04,5.168300982281967592e-04
3.636875620559832378e-01,5.444117627365019580e-04,4.832207281278263415e-04
3.647830065200073357e-01,5.039262230513570336e-04,4.517567655396175809e-04
3.658784509840313226e-01,4.663080184064737413e-04,4.223059608854347400e-04
3.669738954480554205e-01,4.313652609573777373e-04,3.947437992255353333e-04
3.680693399120794629e-01,3.989180651015599441e-04,3.689530797346583183e-04
3.691647843761035053e-01,3.687978573001669184e-04,3.448235161659496243e-04
3.702602288401275477e-01,3.408467211214684291e-04,3.222513566783933789e-04
3.713556733041515900e-01,3.149167761967463543e-04,3.011390224437604643e-04
3.724511177681756324e-01,2.908695903144997794e-04,2.813947649506419154e-04
3.735465622321996748e-01,2.685756217567639224e-04,2.629323398825868740e-04
3.746420066962237172e-01,2.479136916886209266e-04,2.456706979692638987e-04
3.757374511602478151e-01,2.287704850402839994e-04,2.295336919139566304e-04
3.768328956242718020e-01,2.110400778567797649e-04,2.144497979897803399e-04
3.779283400882958999e-01,1.946234905208026836e-04,2.003518522640154980e-04
3.790237845523198867e-01,1.794282658729019590e-04,1.871768010593345861e-04
3.801192290163439846e-01,1.653680700751408055e-04,1.748654640122838239e-04
3.812146734803680270e-01,1.523623156448219551e-04,1.633623096539642391e-04
3.823101179443920694e-01,1.403358063336896820e-04,1.526152437397681029e-04
3.834055624084161118e-01,1.292184013137421476e-04,1.425754081829769032e-04
3.845010068724400987e-01,1.189446984187686788e-04,1.331969908004535397e-04
3.855964513364641966e-01,1.094537362389719253e-04,1.244370461966682912e-04
3.866918958004882390e-01,1.006887126861594726e-04,1.162553256792880939e-04
3.877873402645122813e-01,9.259671994524189698e-05,1.086141165671421292e-04
3.888827847285363237e-01,8.512849544973500584e-05,1.014780910049805219e-04
3.899782291925603661e-01,7.823818691021943079e-05,9.481416250232270503e-05
3.910736736565844085e-01,7.188313126206359919e-05,8.859135047261184844e-05
3.921691181206084509e-01,6.602364743570365597e-05,8.278065316812200963e-05
3.932645625846324933e-01,6.062284086170405370e-05,7.735492695392134075e-05
3.943600070486565912e-01,5.564641995558737011e-05,7.228877263115790150e-05
3.954554515126805780e-01,5.106252396034935783e-05,6.755842850659165254e-05
3.965508959767046759e-01,4.684156134766018280e-05,6.314166965108458120e-05
3.976463404407286628e-01,4.295605755391274653e-05,5.901771214867883460e-05
3.987417849047527607e-01,3.938051316820212456e-05,5.516712425618493335e-05
3.998372293687768031e-01,3.609126995170617506e-05,5.157174138414492371e-05
4.009326738328008455e-01,3.306638591566547709e-05,4.821458694160679062e-05
4.020281182968248879e-01,3.028551799385693002e-05,4.507979744384235741e-05
4.031235627608489303e-01,2.772981239983719615e-05,4.215255239450739998e-05
4.042190072248729726e-01,2.538180149560452810e-05,3.941900760133342500e-05
4.053144516888970150e-01,2.322530807948213071e-05,3.686623366972446175e-05
4.064098961529210574e-01,2.124535508949692368e-05,3.448215702719236207e-05
4.075053406169451553e-01,1.942808140275830079e-05,3.225550481685393654e-05
4.086007850809691422e-01,1.776066366159662147e-05,3.017575399432320974e-05
4.096962295449932401e-01,1.623124242175849361e-05,2.823308219484222301e-05
4.107916740090172270e-01,1.482885374592015036e-05,2.641832251605126996e-05
4.118871184730412693e-01,1.354336514560301111e-05,2.472292075026885351e-05
4.129825629370653672e-01,1.236541601480435782e-05,2.313889563501187542e-05
4.140780074010893541e-01,1.128636154321555548e-05,2.165880060265248336e-05
4.151734518651134520e-01,1.029822121095772109e-05,2.027568936468548817e-05
4.162688963291374389e-01,9.393630221909087834e-06,1.898308262911161605e-05
4.173643407931615368e-01,8.565794130638018986e-06,1.777493660570178159e-05
4.184597852571855792e-01,7.808447395136480451e-06,1.664561513019048496e-05
4.195552297212096216e-01,7.115813923714700480e-06,1.558986181902784039e-05
4.206506741852336639e-01,6.482570700004311825e-06,1.460277464122079607e-05
4.217461186492577063e-01,5.903814167820814265e-06,1.367978261503782089e-05
4.228415631132817487e-01,5.375028817972829224e-06,1.281662369601906652e-05
4.239370075773057911e-01,4.892057608310308500e-06,1.200932316572110161e-05
4.250324520413298335e-01,4.451075192109369152e-06,1.125417507055807290e-05
4.261278965053539314e-01,4.048562705440503086e-06,1.054772410020928618e-05
4.272233409693779183e-01,3.681283975396365904e-06,9.886747615439938077e-06
4.283187854334020161e-01,3.346264372535894855e-06,9.268241246539201224e-06
4.294142298974260030e-01,3.040770276518647941e-06,8.689403070815132516e-06
4.305096743614501009e-01,2.762290633648823440e-06,8.147620406271449754e-06
4.316051188254741433e-01,2.508519528284273469e-06,7.640456567006613257e-06
4.327005632894981857e-01,2.277340223589454990e-06,7.165639020571155308e-06
4.337960077535222281e-01,2.066810273599983242e-06,6.721048015221216108e-06
4.348914522175462705e-01,1.875147971112212070e-06,6.304706708870632287e-06
4.359868966815703129e-01,1.700719487791722480e-06,5.914770962478662566e-06
4.370823411455943552e-01,1.542027069327263733e-06,5.549520054082132638e-06
4.381777856096183976e-01,1.397698249843739977e-06,5.207348459733499848e-06
4.392732300736424400e-01,1.266475897474913362e-06,4.886758293817307769e-06
4.403686745376664269e-01,1.147208943770694253e-06,4.586352033344337316e-06
4.414641190016905803e-01,1.038843448233269662e-06,4.304824201851755867e-06
4.425595634657145672e-01,9.404153185158571561e-07,4.040957473402409405e-06
4.436550079297386096e-01,8.510424125974102107e-07,3.793614306480070743e-06
4.447504523937626519e-01,7.699183129837337610e-07,3.561733528381830380e-06
4.458458968577867498e-01,6.963057627125630243e-07,3.344323654874591951e-06
4.469413413218107922e-01,6.295310692465516103e-07,3.140458594673074171e-06
4.480367857858347791e-01,5.689789094834769994e-07,2.949273554172962294e-06
4.491322302498588215e-01,5.140873436001674345e-07,2.769960216700154733e-06
4.502276747138829194e-01,4.643436658352812596e-07,2.601764571927667238e-06
4.513231191779069618e-01,4.192796117574176007e-07,2.443979599228279640e-06
4.524185636419310041e-01,3.784685558654845272e-07,2.295947341100076100e-06
4.535140081059549910e-01,3.415210197293852531e-07,2.157049998355935687e-06
4.546094525699791444e-01,3.080823152034657545e-07,2.026711933862884737e-06
4.557048970340031313e-01,2.778290662996213288e-07,1.904393702131777737e-06
4.568003414980271737e-01,2.504667891932769748e-07,1.789591238675664805e-06
4.578957859620512161e-01,2.257273453707521189e-07,1.681833093315815191e-06
4.589912304260753140e-01,2.033667120029669295e-07,1.580678584657310473e-06
4.600866748900993564e-01,1.831626292174589154e-07,1.485713668045228011e-06
4.611821193541233432e-01,1.649131958785641276e-07,1.396552945575252881e-06
4.622775638181473856e-01,1.484346980919685958e-07,1.312834689330739366e-06
4.633730082821714835e-01,1.335601379547295669e-07,1.234220182739724376e-06
4.644684527461955259e-01,1.201378306992319239e-07,1.160392822989058081e-06
4.655638972102195683e-01,1.080298612582225937e-07,1.091054827961974848e-06
4.666593416742435552e-01,9.711127554275922438e-08,1.025930065301023757e-06
4.677547861382675976e-01,8.726829358699089603e-08,9.647561909023490304e-07
4.688502306022916954e-01,7.839789565735421364e-08,9.072897070574371082e-07
4.699456750663157378e-01,7.040672708352920655e-08,8.533036344837001743e-07
4.710411195303397802e-01,6.320981799242903070e-08,8.025814484016673539e-07
4.721365639943637671e-01,5.673048308958350570e-08,7.549243020377321690e-07
4.732320084583879205e-01,5.089912687278794205e-08,7.101445743742712491e-07
4.743274529224119074e-01,4.565247470325563884e-08,6.680630278974819484e-07
4.754228973864359498e-01,4.093357110477406470e-08,6.285163624344707844e-07
4.765183418504599921e-01,3.669074291711368517e-08,5.913498695948997328e-07
4.776137863144840900e-01,3.287712903557011823e-08,5.564167566727595054e-07
4.787092307785081324e-01,2.945057019768667572e-08,5.235831844057522238e-07
4.798046752425321193e-01,2.637265506264324460e-08,4.927186120833418234e-07
4.809001197065561617e-01,2.360884563113013528e-08,4.637037304479966598e-07
4.819955641705802596e-01,2.112796136157689138e-08,4.364272912227012848e-07
4.830910086346043020e-01,1.890167083238818118e-08,4.107815125552593281e-07
4.841864530986283444e-01,1.690455255077906217e-08,3.866685690831174419e-07
4.852818975626523312e-01,1.511357631448123374e-08,3.639948621924282306e-07
4.863773420266764846e-01,1.350812269203750019e-08,3.426765428647617156e-07
4.874727864907004715e-01,1.206928195496539659e-08,3.226272017157897802e-07
4.885682309547245139e-01,1.078031050064278977e-08,3.037736141351284965e-07
4.896636754187485563e-01,9.625956150655712413e-09,2.860429380623274926e-07
4.907591198827726542e-01,8.592307987610378626e-09,2.693614236202111277e-07
4.918545643467966966e-01,7.667267863640560960e-09,2.536730679814937393e-07
4.929500088108206834e-01,6.839638004219299363e-09,2.389160257703123605e-07
4.940454532748447258e-01,6.099361720669165673e-09,2.250326909204027703e-07
4.951408977388687682e-01,5.437505602969408017e-09,2.119732089707538900e-07
4.962363422028928661e-01,4.845943038751176700e-09,1.996875279081704479e-07
4.973317866669169085e-01,4.317296094094200055e-09,1.881254619814737554e-07
4.984272311309408954e-01,3.844999741065359762e-09,1.772422678223086997e-07
4.995226755949649378e-01,3.423384699265020733e-09,1.670069221694173257e-07
5.006181200589890912e-01,3.047087602875383342e-09,1.573781611006842089e-07
5.017135645230130780e-01,2.711162584531136462e-09,1.483096022302853303e-07
5.028090089870370649e-01,2.411515617106774809e-09,1.397757576061853084e-07
5.039044534510611628e-01,2.144398248484500912e-09,1.317497070879081442e-07
5.049998979150852607e-01,1.906054227065771654e-09,1.241814649102663467e-07
5.060953423791092476e-01,1.693852514605999226e-09,1.170711357180095038e-07
5.071907868431332345e-01,1.504752691374555584e-09,1.103743170059827042e-07
5.082862313071573324e-01,1.336312012141713263e-09,1.040677017519486052e-07
5.093816757711814303e-01,1.186313251358813948e-09,9.812728934741803304e-08
5.104771202352054171e-01,1.052840764501428520e-09,9.253653311512337468e-08
5.115725646992295150e-01,9.340114678177876292e-10,8.726524677799781642e-08
5.126680091632535019e-01,8.284323758482230890e-10,8.231215152721974436e-08
5.137634536272775998e-01,7.346027608181666367e-10,7.765281525674484933e-08
5.148588980913015867e-01,6.510414770109427734e-10,7.324734533780637585e-08
5.159543425553256846e-01,6.238413781205981205e-10,7.473391388634231840e-08
5.170497870193496714e-01,6.242721586936858351e-10,7.966371652789296219e-08
5.181452314833737693e-01,6.247029713322236137e-10,8.495462534335351203e-08
5.192406759473978672e-01,6.251338047780668050e-10,9.063549448344665789e-08
5.203361204114218541e-01,6.255646479298718383e-10,9.673768985352508343e-08
5.214315648754458410e-01,6.259954898411412857e-10,1.032953316303301514e-07
5.225270093394699389e-01,6.264263197182979786e-10,1.103455639822208786e-07
5.236224538034940368e-01,6.268571269187788737e-10,1.179288557883756776e-07
5.247178982675180237e-01,6.272879009491602480e-10,1.260893368238349246e-07
5.258133427315420105e-01,6.277186314633032629e-10,1.348751747166119402e-07
5.269087871955661084e-01,6.281493082605239313e-10,1.443389989959913663e-07
5.280042316595902063e-01,6.285799212837895530e-10,1.545383798143746413e-07
5.290996761236141932e-01,6.290104606179344861e-10,1.655363704802207233e-07
5.301951205876382911e-01,6.294409164878993903e-10,1.774021248772441400e-07
5.312905650516622780e-01,6.298712792569990065e-10,1.902116032619142592e-07
5.323860095156863759e-01,6.303015394252056544e-10,2.040483829599480618e-07
5.334814539797103627e-01,6.307316876274575441e-10,2.190045942789522795e-07
5.345768984437344606e-01,6.311617146319866308e-10,2.351820067472933782e-07
5.356723429077584475e-01,6.315916113386741798e-10,2.526932968225387794e-07
5.367677873717825454e-01,6.320213687774196695e-10,2.716635358520908429e-07
5.378632318358066433e-01,6.324509781065338901e-10,2.922319467372253250e-07
5.389586762998306302e-01,6.328804306111554089e-10,3.145539899998918335e-07
5.400541207638546171e-01,6.333097177016816165e-10,3.388038554785975945e-07
5.411495652278787150e-01,6.337388309122253103e-10,3.651774555654696377e-07
5.422450096919028129e-01,6.341677618990862721e-10,3.938960408118930790e-07
5.433404541559267997e-01,6.345965024392463161e-10,4.252105902475105479e-07
5.444358986199507866e-01,6.350250444288795366e-10,4.594071685075066787e-07
5.455313430839749955e-01,6.354533798818861305e-10,4.968134918511481220e-07
5.466267875479989824e-01,6.358815009284393511e-10,5.378070077730906421e-07
5.477222320120229693e-01,6.363093998135558297e-10,5.828248708975485737e-07
5.488176764760470672e-01,6.367370688956810971e-10,6.323762944291883703e-07
5.499131209400710540e-01,6.371645006452933022e-10,6.870578750987631221e-07
5.510085654040951519e-01,6.375916876435260601e-10,7.475726340476137229e-07
5.521040098681191388e-01,6.380186225808055685e-10,8.147536903783228768e-07
5.531994543321432367e-01,6.384452982555105751e-10,8.895936919504080335e-07
5.542948987961672236e-01,6.388717075726409270e-10,9.732813730996332513e-07
5.553903432601913215e-01,6.392978435425105219e-10,1.067246894930233804e-06
5.564857877242154194e-01,6.397236992794527707e-10,1.173217954592030458e-06
5.575812321882394063e-01,6.401492680005427064e-10,1.293289031068589857e-06
5.586766766522633931e-01,6.405745430243363611e-10,1.430006575766393394e-06
5.597721211162874910e-01,6.409995177696225507e-10,1.586473473373231717e-06
5.608675655803115889e-01,6.414241857541963723e-10,1.766476720808756573e-06
5.619630100443355758e-01,6.418485405936411812e-10,1.974643046213474528e-06
5.630584545083595627e-01,6.422725760001302129e-10,2.216628184824480107e-06
5.641538989723837716e-01,6.426962857812406125e-10,2.499346838176062377e-06
5.652493434364077585e-01,6.431196638387864903e-10,2.831252084230132645e-06
5.663447879004317453e-01,6.435427041676579734e-10,3.222675313079162211e-06
5.674402323644558432e-01,6.439654008546859004e-10,3.686240778629338143e-06
5.685356768284799411e-01,6.443877480775096178e-10,4.237372728783594032e-06
5.696311212925039280e-01,6.448097401034679379e-10,4.894917961625307424e-06
5.707265657565279149e-01,6.452313712884963000e-10,5.681912735122823063e-06
5.718220102205520128e-01,6.456526360760443012e-10,6.626530475744689882e-06
5.729174546845761107e-01,6.460735289960000516e-10,7.763256021217569187e-06
5.740128991486000976e-01,6.464940446636332439e-10,9.134343666801753687e-06
5.751083436126241955e-01,6.469141777785477364e-10,1.079163069624489301e-05
5.762037880766481823e-01,6.473339231236502652e-10,1.279879619810335850e-05
5.772992325406721692e-01,6.477532755641270152e-10,1.523417784498369776e-05
5.783946770046962671e-01,6.481722300464390092e-10,1.819428826012075873e-05
5.794901214687203650e-01,6.485907815973215294e-10,2.179820924672530734e-05
5.805855659327443519e-01,6.490089253228055632e-10,2.619308855849554666e-05
5.816810103967683387e-01,6.494266564072452448e-10,3.156102267682272519e-05
5.827764548607925477e-01,6.498439701123562586e-10,3.812768379676189186e-05
5.838718993248165345e-01,6.502608617762691304e-10,4.617314528117384372e-05
5.849673437888405214e-01,6.506773268125947202e-10,5.604548677838696355e-05
5.860627882528646193e-01,6.510933607094962293e-10,6.817793844687386169e-05
5.871582327168887172e-01,6.515089590287788875e-10,8.311060372851369676e-05
5.882536771809127041e-01,6.519241174049850181e-10,1.015183168841780903e-04
5.893491216449366910e-01,6.523388315445044046e-10,1.242473209288909840e-04
5.904445661089607889e-01,6.527530972246925165e-10,1.523662578415429006e-04
5.915400105729848867e-01,6.531669102930015559e-10,1.872444803268938308e-04
5.926354550370088736e-01,6.535802666661201899e-10,2.306915850833817178e-04
5.937308995010329715e-01,6.539931623291251730e-10,2.852508836007207707e-04
5.948263439650569584e-01,6.544055933346434139e-10,3.549040968528567510e-04
5.959217884290810563e-01,6.548175558020218990e-10,4.468893607068127904e-04
5.970172328931050432e-01,6.552290459165107485e-10,5.764288526570218426e-04
5.981126773571291411e-01,6.556400599284548542e-10,7.782965411093355516e-04
5.992081218211531279e-01,6.560505941524922380e-10,1.131409667341843565e-03
6.003035662851772258e-01,6.564606449667691608e-10,1.802201961177241551e-03
6.013990107492013237e-01,6.568702088121579201e-10,3.128288290137431343e-03
6.024944552132253106e-01,6.572792821914870545e-10,6.509155531152285325e-03
6.035898996772492975e-01,6.576878616687801316e-10,9.794792520691793236e-02
6.046853441412733954e-01,0.000000000000000000e+00,0.000000000000000000e+00
6.057807886052974933e-01,0.000000000000000000e+00,0.000000000000000000e+00
6.068762330693214802e-01,0.000000000000000000e+00,0.000000000000000000e+00
6.079716775333454670e-01,0.000000000000000000e+00,0.000000000000000000e+00
6.090671219973695649e-01,0.000000000000000000e+00,0.000000000000000000e+00
6.101625664613936628e-01,0.000000000000000000e+00,0.000000000000000000e+00
6.112580109254176497e-01,0.000000000000000000e+00,0.000000000000000000e+00
6.123534553894417476e-01,0.000000000000000000e+00,0.000000000000000000e+00
6.134488998534657345e-01,0.000000000000000000e+00,0.000000000000000000e+00
6.145443443174898324e-01,0.000000000000000000e+00,0.000000000000000000e+00
6.156397887815138192e-01,0.000000000000000000e+00,0.000000000000000000e+00
6.167352332455379171e-01,0.000000000000000000e+00,0.000000000000000000e+00
6.178306777095619040e-01,0.000000000000000000e+00,0.000000000000000000e+00
6.189261221735860019e-01,0.000000000000000000e+00,0.000000000000000000e+00
6.200215666376100998e-01,0.000000000000000000e+00,0.000000000000000000e+00
6.211170111016340867e-01,0.000000000000000000e+00,0.000000000000000000e+00
6.222124555656580736e-01,0.000000000000000000e+00,0.000000000000000000e+00
6.233079000296821714e-01,0.000000000000000000e+00,0.000000000000000000e+00
6.244033444937062693e-01,0.000000000000000000e+00,0.000000000000000000e+00
6.254987889577302562e-01,0.000000000000000000e+00,0.000000000000000000e+00
6.265942334217542431e-01,0.000000000000000000e+00,0.000000000000000000e+00
6.276896778857784520e-01,0.000000000000000000e+00,0.000000000000000000e+00
6.287851223498024389e-01,0.000000000000000000e+00,0.000000000000000000e+00
6.298805668138264258e-01,0.000000000000000000e+00,0.000000000000000000e+00
6.309760112778505237e-01,0.000000000000000000e+00,0.000000000000000000e+00
6.320714557418745105e-01,0.000000000000000000e+00,0.000000000000000000e+00
6.331669002058986084e-01,0.000000000000000000e+00,0.000000000000000000e+00
6.342623446699225953e-01,0.000000000000000000e+00,0.000000000000000000e+00
6.353577891339466932e-01,0.000000000000000000e+00,0.000000000000000000e+00
6.364532335979706801e-01,0.000000000000000000e+00,0.000000000000000000e+00
6.375486780619947780e-01,0.000000000000000000e+00,0.000000000000000000e+00
6.386441225260188759e-01,0.000000000000000000e+00,0.000000000000000000e+00
6.397395669900428627e-01,0.000000000000000000e+00,0.000000000000000000e+00
6.408350114540668496e-01,0.000000000000000000e+00,0.000000000000000000e+00
6.419304559180909475e-01,0.000000000000000000e+00,0.000000000000000000e+00
6.430259003821150454e-01,0.000000000000000000e+00,0.000000000000000000e+00
6.441213448461390323e-01,0.000000000000000000e+00,0.000000000000000000e+00
6.452167893101630192e-01,0.000000000000000000e+00,0.000000000000000000e+00
6.463122337741872281e-01,0.000000000000000000e+00,0.000000000000000000e+00
6.474076782382112150e-01,0.000000000000000000e+00,0.000000000000000000e+00
6.485031227022352018e-01,0.000000000000000000e+00,0.000000000000000000e+00
6.495985671662591887e-01,0.000000000000000000e+00,0.000000000000000000e+00
6.506940116302833976e-01,0.000000000000000000e+00,0.000000000000000000e+00
6.517894560943073845e-01,0.000000000000000000e+00,0.000000000000000000e+00
6.528849005583313714e-01,0.000000000000000000e+00,0.000000000000000000e+00
6.539803450223554693e-01,0.000000000000000000e+00,0.000000000000000000e+00
6.550757894863795672e-01,0.000000000000000000e+00,0.000000000000000000e+00
6.561712339504035540e-01,0.000000000000000000e+00,0.000000000000000000e+00
6.572666784144276519e-01,0.000000000000000000e+00,0.000000000000000000e+00
6.583621228784516388e-01,0.000000000000000000e+00,0.000000000000000000e+00
6.594575673424756257e-01,0.000000000000000000e+00,0.000000000000000000e+00
6.605530118064997236e-01,0.000000000000000000e+00,0.000000000000000000e+00
6.616484562705238215e-01,0.000000000000000000e+00,0.000000000000000000e+00
6.627439007345478084e-01,0.000000000000000000e+00,0.000000000000000000e+00
6.638393451985717952e-01,0.000000000000000000e+00,0.000000000000000000e+00
6.649347896625960042e-01,0.000000000000000000e+00,0.000000000000000000e+00
6.660302341266199910e-01,0.000000000000000000e+00,0.000000000000000000e+00
6.671256785906439779e-01,0.000000000000000000e+00,0.000000000000000000e+00
6.682211230546679648e-01,0.000000000000000000e+00,0.000000000000000000e+00
6.693165675186921737e-01,0.000000000000000000e+00,0.000000000000000000e+00
6.704120119827161606e-01,0.000000000000000000e+00,0.000000000000000000e+00
6.715074564467401474e-01,0.000000000000000000e+00,0.000000000000000000e+00
6.726029009107642453e-01,0.000000000000000000e+00,0.000000000000000000e+00
6.736983453747883432e-01,0.000000000000000000e+00,0.000000000000000000e+00
6.747937898388123301e-01,0.000000000000000000e+00,0.000000000000000000e+00
6.758892343028363170e-01,0.000000000000000000e+00,0.000000000000000000e+00
6.769846787668604149e-01,0.000000000000000000e+00,0.000000000000000000e+00
6.780801232308845128e-01,0.000000000000000000e+00,0.000000000000000000e+00
6.791755676949084997e-01,0.000000000000000000e+00,0.000000000000000000e+00
6.802710121589325976e-01,0.000000000000000000e+00,0.000000000000000000e+00
6.813664566229565844e-01,0.000000000000000000e+00,0.000000000000000000e+00
6.824619010869806823e-01,0.000000000000000000e+00,0.000000000000000000e+00
6.835573455510046692e-01,0.000000000000000000e+00,0.000000000000000000e+00
6.846527900150287671e-01,0.000000000000000000e+00,0.000000000000000000e+00
6.857482344790527540e-01,0.000000000000000000e+00,0.000000000000000000e+00
6.868436789430767409e-01,0.000000000000000000e+00,0.000000000000000000e+00
6.879391234071009498e-01,0.000000000000000000e+00,0.000000000000000000e+00
6.890345678711249366e-01,0.000000000000000000e+00,0.000000000000000000e+00
6.901300123351489235e-01,0.000000000000000000e+00,0.000000000000000000e+00
6.912254567991730214e-01,0.000000000000000000e+00,0.000000000000000000e+00
6.923209012631971193e-01,0.000000000000000000e+00,0.000000000000000000e+00
6.934163457272211062e-01,0.000000000000000000e+00,0.000000000000000000e+00
6.945117901912450931e-01,0.000000000000000000e+00,0.000000000000000000e+00
6.956072346552691910e-01,0.000000000000000000e+00,0.000000000000000000e+00
6.967026791192932889e-01,0.000000000000000000e+00,0.000000000000000000e+00
6.977981235833172757e-01,0.000000000000000000e+00,0.000000000000000000e+00
6.988935680473413736e-01,0.000000000000000000e+00,0.000000000000000000e+00
6.999890125113653605e-01,0.000000000000000000e+00,0.000000000000000000e+00
7.010844569753894584e-01,0.000000000000000000e+00,0.000000000000000000e+00
7.021799014394134453e-01,0.000000000000000000e+00,0.000000000000000000e+00
7.032753459034375432e-01,0.000000000000000000e+00,0.000000000000000000e+00
7.043707903674615300e-01,0.000000000000000000e+00,0.000000000000000000e+00
7.054662348314856279e-01,0.000000000000000000e+00,0.000000000000000000e+00
7.065616792955097258e-01,0.000000000000000000e+00,0.000000000000000000e+00
7.076571237595337127e-01,0.000000000000000000e+00,0.000000000000000000e+00
7.087525682235576996e-01,0.000000000000000000e+00,0.000000000000000000e+00
7.098480126875817975e-01,0.000000000000000000e+00,0.000000000000000000e+00
7.109434571516058954e-01,0.000000000000000000e+00,0.000000000000000000e+00
7.120389016156298823e-01,0.000000000000000000e+00,0.000000000000000000e+00
7.131343460796538691e-01,0.000000000000000000e+00,0.000000000000000000e+00
7.142297905436779670e-01,0.000000000000000000e+00,0.000000000000000000e+00
7.153252350077020649e-01,0.000000000000000000e+00,0.000000000000000000e+00
7.164206794717260518e-01,0.000000000000000000e+00,0.000000000000000000e+00
7.175161239357501497e-01,0.000000000000000000e+00,0.000000000000000000e+00
7.186115683997741366e-01,0.000000000000000000e+00,0.000000000000000000e+00
7.197070128637982345e-01,0.000000000000000000e+00,0.000000000000000000e+00
7.208024573278222213e-01,0.000000000000000000e+00,0.000000000000000000e+00
7.218979017918463192e-01,0.000000000000000000e+00,0.000000000000000000e+00
7.229933462558703061e-01,0.000000000000000000e+00,0.000000000000000000e+00
7.240887907198944040e-01,0.000000000000000000e+00,0.000000000000000000e+00
7.251842351839185019e-01,0.000000000000000000e+00,0.000000000000000000e+00
7.262796796479424888e-01,0.000000000000000000e+00,0.000000000000000000e+00
7.273751241119664757e-01,0.000000000000000000e+00,0.000000000000000000e+00
7.284705685759905736e-01,0.000000000000000000e+00,0.000000000000000000e+00
7.295660130400146715e-01,0.000000000000000000e+00,0.000000000000000000e+00
7.306614575040386583e-01,0.000000000000000000e+00,0.000000000000000000e+00
7.317569019680626452e-01,0.000000000000000000e+00,0.000000000000000000e+00
7.328523464320868541e-01,0.000000000000000000e+00,0.000000000000000000e+00
7.339477908961108410e-01,0.000000000000000000e+00,0.000000000000000000e+00
7.350432353601348279e-01,0.000000000000000000e+00,0.000000000000000000e+00
7.361386798241589258e-01,0.000000000000000000e+00,0.000000000000000000e+00
7.372341242881830237e-01,0.000000000000000000e+00,0.000000000000000000e+00
7.383295687522070105e-01,0.000000000000000000e+00,0.000000000000000000e+00
7.394250132162309974e-01,0.000000000000000000e+00,0.000000000000000000e+00
7.405204576802550953e-01,0.000000000000000000e+00,0.000000000000000000e+00
7.416159021442790822e-01,0.000000000000000000e+00,0.000000000000000000e+00
7.427113466083031801e-01,0.000000000000000000e+00,0.000000000000000000e+00
7.438067910723272780e-01,0.000000000000000000e+00,0.000000000000000000e+00
7.449022355363512649e-01,0.000000000000000000e+00,0.000000000000000000e+00
7.459976800003752517e-01,0.000000000000000000e+00,0.000000000000000000e+00
7.470931244643993496e-01,0.000000000000000000e+00,0.000000000000000000e+00
7.481885689284234475e-01,0.000000000000000000e+00,0.000000000000000000e+00
7.492840133924474344e-01,0.000000000000000000e+00,0.000000000000000000e+00
7.503794578564714213e-01,0.000000000000000000e+00,0.000000000000000000e+00
7.514749023204956302e-01,0.000000000000000000e+00,0.000000000000000000e+00
7.525703467845196171e-01,0.000000000000000000e+00,0.000000000000000000e+00
7.536657912485436039e-01,0.000000000000000000e+00,0.000000000000000000e+00
7.547612357125677018e-01,0.000000000000000000e+00,0.000000000000000000e+00
7.558566801765917997e-01,0.000000000000000000e+00,0.000000000000000000e+00
7.569521246406157866e-01,0.000000000000000000e+00,0.000000000000000000e+00
7.580475691046397735e-01,0.000000000000000000e+00,0.000000000000000000e+00
7.591430135686638714e-01,0.000000000000000000e+00,0.000000000000000000e+00
7.602384580326879693e-01,0.000000000000000000e+00,0.000000000000000000e+00
7.613339024967119562e-01,0.000000000000000000e+00,0.000000000000000000e+00
7.624293469607360541e-01,0.000000000000000000e+00,0.000000000000000000e+00
7.635247914247600409e-01,0.000000000000000000e+00,0.000000000000000000e+00
7.646202358887841388e-01,0.000000000000000000e+00,0.000000000000000000e+00
7.657156803528081257e-01,0.000000000000000000e+00,0.000000000000000000e+00
7.668111248168322236e-01,0.000000000000000000e+00,0.000000000000000000e+00
7.679065692808562105e-01,0.000000000000000000e+00,0.000000000000000000e+00
7.690020137448801973e-01,0.000000000000000000e+00,0.000000000000000000e+00
7.700974582089044063e-01,0.000000000000000000e+00,0.000000000000000000e+00
7.711929026729283931e-01,0.000000000000000000e+00,0.000000000000000000e+00
7.722883471369523800e-01,0.000000000000000000e+00,0.000000000000000000e+00
7.733837916009764779e-01,0.000000000000000000e+00,0.000000000000000000e+00
7.744792360650005758e-01,0.000000000000000000e+00,0.000000000000000000e+00
7.755746805290245627e-01,0.000000000000000000e+00,0.000000000000000000e+00
7.766701249930485496e-01,0.000000000000000000e+00,0.000000000000000000e+00
7.777655694570726475e-01,0.000000000000000000e+00,0.000000000000000000e+00
7.788610139210967453e-01,0.000000000000000000e+00,0.000000000000000000e+00
7.799564583851207322e-01,0.000000000000000000e+00,0.000000000000000000e+00
7.810519028491448301e-01,0.000000000000000000e+00,0.000000000000000000e+00
7.821473473131688170e-01,0.000000000000000000e+00,0.000000000000000000e+00
7.832427917771929149e-01,0.000000000000000000e+00,0.000000000000000000e+00
7.843382362412169018e-01,0.000000000000000000e+00,0.000000000000000000e+00
7.854336807052409997e-01,0.000000000000000000e+00,0.000000000000000000e+00
7.865291251692649865e-01,0.000000000000000000e+00,0.000000000000000000e+00
7.876245696332890844e-01,0.000000000000000000e+00,0.000000000000000000e+00
7.887200140973131823e-01,0.000000000000000000e+00,0.000000000000000000e+00
7.898154585613371692e-01,0.000000000000000000e+00,0.000000000000000000e+00
7.909109030253611561e-01,0.000000000000000000e+00,0.000000000000000000e+00
7.920063474893852540e-01,0.000000000000000000e+00,0.000000000000000000e+00
7.931017919534093519e-01,0.000000000000000000e+00,0.000000000000000000e+00
7.941972364174333388e-01,0.000000000000000000e+00,0.000000000000000000e+00
7.952926808814573256e-01,0.000000000000000000e+00,0.000000000000000000e+00
7.963881253454814235e-01,0.000000000000000000e+00,0.000000000000000000e+00
7.974835698095055214e-01,0.000000000000000000e+00,0.000000000000000000e+00
7.985790142735295083e-01,0.000000000000000000e+00,0.000000000000000000e+00
7.996744587375536062e-01,0.000000000000000000e+00,0.000000000000000000e+00
8.007699032015775931e-01,0.000000000000000000e+00,0.000000000000000000e+00
8.018653476656016910e-01,0.000000000000000000e+00,0.000000000000000000e+00
8.029607921296256778e-01,0.000000000000000000e+00,0.000000000000000000e+00
8.040562365936497757e-01,0.000000000000000000e+00,0.000000000000000000e+00
8.051516810576737626e-01,0.000000000000000000e+00,0.000000000000000000e+00
8.062471255216978605e-01,0.000000000000000000e+00,0.000000000000000000e+00
8.073425699857219584e-01,0.000000000000000000e+00,0.000000000000000000e+00
8.084380144497459453e-01,0.000000000000000000e+00,0.000000000000000000e+00
8.095334589137699322e-01,0.000000000000000000e+00,0.000000000000000000e+00
8.106289033777940300e-01,0.000000000000000000e+00,0.000000000000000000e+00
8.117243478418181279e-01,0.000000000000000000e+00,0.000000000000000000e+00
8.128197923058421148e-01,0.000000000000000000e+00,0.000000000000000000e+00
8.139152367698661017e-01,0.000000000000000000e+00,0.000000000000000000e+00
8.150106812338903106e-01,0.000000000000000000e+00,0.000000000000000000e+00
8.161061256979142975e-01,0.000000000000000000e+00,0.000000000000000000e+00
8.172015701619382844e-01,0.000000000000000000e+00,0.000000000000000000e+00
8.182970146259623823e-01,0.000000000000000000e+00,0.000000000000000000e+00
8.193924590899864802e-01,0.000000000000000000e+00,0.000000000000000000e+00
8.204879035540104670e-01,0.000000000000000000e+00,0.000000000000000000e+00
8.215833480180344539e-01,0.000000000000000000e+00,0.000000000000000000e+00
8.226787924820585518e-01,0.000000000000000000e+00,0.000000000000000000e+00
8.237742369460825387e-01,0.000000000000000000e+00,0.000000000000000000e+00
8.248696814101066366e-01,0.000000000000000000e+00,0.000000000000000000e+00
8.259651258741307345e-01,0.000000000000000000e+00,0.000000000000000000e+00
8.270605703381547213e-01,0.000000000000000000e+00,0.000000000000000000e+00
8.281560148021787082e-01,0.000000000000000000e+00,0.000000000000000000e+00
8.292514592662028061e-01,0.000000000000000000e+00,0.000000000000000000e+00
8.303469037302269040e-01,0.000000000000000000e+00,0.000000000000000000e+00
8.314423481942508909e-01,0.000000000000000000e+00,0.000000000000000000e+00
8.325377926582748778e-01,0.000000000000000000e+00,0.000000000000000000e+00
8.336332371222990867e-01,0.000000000000000000e+00,0.000000000000000000e+00
8.347286815863230736e-01,0.000000000000000000e+00,0.000000000000000000e+00
8.358241260503470604e-01,0.000000000000000000e+00,0.000000000000000000e+00
8.369195705143711583e-01,0.000000000000000000e+00,0.000000000000000000e+00
8.380150149783952562e-01,0.000000000000000000e+00,0.000000000000000000e+00
8.391104594424192431e-01,0.000000000000000000e+00,0.000000000000000000e+00
8.402059039064432300e-01,0.000000000000000000e+00,0.000000000000000000e+00
8.413013483704673279e-01,0.000000000000000000e+00,0.000000000000000000e+00
8.423967928344914258e-01,0.000000000000000000e+00,0.000000000000000000e+00
8.434922372985154126e-01,0.000000000000000000e+00,0.000000000000000000e+00
8.445876817625395105e-01,0.000000000000000000e+00,0.000000000000000000e+00
8.456831262265634974e-01,0.000000000000000000e+00,0.000000000000000000e+00
8.467785706905875953e-01,0.000000000000000000e+00,0.000000000000000000e+00
8.478740151546115822e-01,0.000000000000000000e+00,0.000000000000000000e+00
8.489694596186356801e-01,0.000000000000000000e+00,0.000000000000000000e+00
8.500649040826596670e-01,0.000000000000000000e+00,0.000000000000000000e+00
8.511603485466836538e-01,0.000000000000000000e+00,0.000000000000000000e+00
8.522557930107078628e-01,0.000000000000000000e+00,0.000000000000000000e+00
8.533512374747318496e-01,0.000000000000000000e+00,0.000000000000000000e+00
8.544466819387558365e-01,0.000000000000000000e+00,0.000000000000000000e+00
8.555421264027798234e-01,0.000000000000000000e+00,0.000000000000000000e+00
8.566375708668040323e-01,0.000000000000000000e+00,0.000000000000000000e+00
8.577330153308280192e-01,0.000000000000000000e+00,0.000000000000000000e+00
8.588284597948520060e-01,0.000000000000000000e+00,0.000000000000000000e+00
8.599239042588761039e-01,0.000000000000000000e+00,0.000000000000000000e+00
8.610193487229002018e-01,0.000000000000000000e+00,0.000000000000000000e+00
8.621147931869241887e-01,0.000000000000000000e+00,0.000000000000000000e+00
8.632102376509482866e-01,0.000000000000000000e+00,0.000000000000000000e+00
8.643056821149722735e-01,0.000000000000000000e+00,0.000000000000000000e+00
8.654011265789963714e-01,0.000000000000000000e+00,0.000000000000000000e+00
8.664965710430203583e-01,0.000000000000000000e+00,0.000000000000000000e+00
8.675920155070444562e-01,0.000000000000000000e+00,0.000000000000000000e+00
8.686874599710684430e-01,0.000000000000000000e+00,0.000000000000000000e+00
8.697829044350925409e-01,0.000000000000000000e+00,0.000000000000000000e+00
8.708783488991166388e-01,0.000000000000000000e+00,0.000000000000000000e+00
8.719737933631406257e-01,0.000000000000000000e+00,0.000000000000000000e+00
8.730692378271646126e-01,0.000000000000000000e+00,0.000000000000000000e+00
8.741646822911887105e-01,0.000000000000000000e+00,0.000000000000000000e+00
8.752601267552128084e-01,0.000000000000000000e+00,0.000000000000000000e+00
8.763555712192367952e-01,0.000000000000000000e+00,0.000000000000000000e+00
8.774510156832607821e-01,0.000000000000000000e+00,0.000000000000000000e+00
8.785464601472848800e-01,0.000000000000000000e+00,0.000000000000000000e+00
8.796419046113088669e-01,0.000000000000000000e+00,0.000000000000000000e+00
8.807373490753328538e-01,0.000000000000000000e+00,0.000000000000000000e+00
8.818327935393570627e-01,0.000000000000000000e+00,0.000000000000000000e+00
8.829282380033811606e-01,0.000000000000000000e+00,0.000000000000000000e+00
8.840236824674051475e-01,0.000000000000000000e+00,0.000000000000000000e+00
8.851191269314291343e-01,0.000000000000000000e+00,0.000000000000000000e+00
8.862145713954532322e-01,0.000000000000000000e+00,0.000000000000000000e+00
8.873100158594772191e-01,0.000000000000000000e+00,0.000000000000000000e+00
8.884054603235012060e-01,0.000000000000000000e+00,0.000000000000000000e+00
8.895009047875253039e-01,0.000000000000000000e+00,0.000000000000000000e+00
8.905963492515495128e-01,0.000000000000000000e+00,0.000000000000000000e+00
8.916917937155734997e-01,0.000000000000000000e+00,0.000000000000000000e+00
8.927872381795974865e-01,0.000000000000000000e+00,0.000000000000000000e+00
8.938826826436215844e-01,0.000000000000000000e+00,0.000000000000000000e+00
8.949781271076455713e-01,0.000000000000000000e+00,0.000000000000000000e+00
8.960735715716695582e-01,0.000000000000000000e+00,0.000000000000000000e+00
8.971690160356936561e-01,0.000000000000000000e+00,0.000000000000000000e+00
8.982644604997176430e-01,0.000000000000000000e+00,0.000000000000000000e+00
8.993599049637418519e-01,0.000000000000000000e+00,0.000000000000000000e+00
9.004553494277658388e-01,0.000000000000000000e+00,0.000000000000000000e+00
9.015507938917899367e-01,0.000000000000000000e+00,0.000000000000000000e+00
9.026462383558139235e-01,0.000000000000000000e+00,0.000000000000000000e+00
9.037416828198379104e-01,0.000000000000000000e+00,0.000000000000000000e+00
9.048371272838620083e-01,0.000000000000000000e+00,0.000000000000000000e+00
9.059325717478859952e-01,0.000000000000000000e+00,0.000000000000000000e+00
9.070280162119099820e-01,0.000000000000000000e+00,0.000000000000000000e+00
9.081234606759340799e-01,0.000000000000000000e+00,0.000000000000000000e+00
9.092189051399582889e-01,0.000000000000000000e+00,0.000000000000000000e+00
9.103143496039822757e-01,0.000000000000000000e+00,0.000000000000000000e+00
9.114097940680062626e-01,0.000000000000000000e+00,0.000000000000000000e+00
9.125052385320303605e-01,0.000000000000000000e+00,0.000000000000000000e+00
9.136006829960543474e-01,0.000000000000000000e+00,0.000000000000000000e+00
9.146961274600783343e-01,0.000000000000000000e+00,0.000000000000000000e+00
9.157915719241024322e-01,0.000000000000000000e+00,0.000000000000000000e+00
9.168870163881264190e-01,0.000000000000000000e+00,0.000000000000000000e+00
9.179824608521506280e-01,0.000000000000000000e+00,0.000000000000000000e+00
9.190779053161746148e-01,0.000000000000000000e+00,0.000000000000000000e+00
9.201733497801987127e-01,0.000000000000000000e+00,0.000000000000000000e+00
9.212687942442226996e-01,0.000000000000000000e+00,0.000000000000000000e+00
9.223642387082466865e-01,0.000000000000000000e+00,0.000000000000000000e+00
9.234596831722707844e-01,0.000000000000000000e+00,0.000000000000000000e+00
9.245551276362947712e-01,0.000000000000000000e+00,0.000000000000000000e+00
9.256505721003187581e-01,0.000000000000000000e+00,0.000000000000000000e+00
9.267460165643429670e-01,0.000000000000000000e+00,0.000000000000000000e+00
9.278414610283670649e-01,0.000000000000000000e+00,0.000000000000000000e+00
9.289369054923910518e-01,0.000000000000000000e+00,0.000000000000000000e+00
9.300323499564150387e-01,0.000000000000000000e+00,0.000000000000000000e+00
9.311277944204391366e-01,0.000000000000000000e+00,0.000000000000000000e+00
9.322232388844631235e-01,0.000000000000000000e+00,0.000000000000000000e+00
9.333186833484871103e-01,0.000000000000000000e+00,0.000000000000000000e+00
9.344141278125112082e-01,0.000000000000000000e+00,0.000000000000000000e+00
9.355095722765351951e-01,0.000000000000000000e+00,0.000000000000000000e+00
9.366050167405594040e-01,0.000000000000000000e+00,0.000000000000000000e+00
9.377004612045833909e-01,0.000000000000000000e+00,0.000000000000000000e+00
9.387959056686074888e-01,0.000000000000000000e+00,0.000000000000000000e+00
9.398913501326314757e-01,0.000000000000000000e+00,0.000000000000000000e+00
9.409867945966554625e-01,0.000000000000000000e+00,0.000000000000000000e+00
9.420822390606795604e-01,0.000000000000000000e+00,0.000000000000000000e+00
9.431776835247035473e-01,0.000000000000000000e+00,0.000000000000000000e+00
9.442731279887275342e-01,0.000000000000000000e+00,0.000000000000000000e+00
9.453685724527517431e-01,0.000000000000000000e+00,0.000000000000000000e+00
9.464640169167758410e-01,0.000000000000000000e+00,0.000000000000000000e+00
9.475594613807998279e-01,0.000000000000000000e+00,0.000000000000000000e+00
9.486549058448238148e-01,0.000000000000000000e+00,0.000000000000000000e+00
9.497503503088479127e-01,0.000000000000000000e+00,0.000000000000000000e+00
9.508457947728718995e-01,0.000000000000000000e+00,0.000000000000000000e+00
9.519412392368958864e-01,0.000000000000000000e+00,0.000000000000000000e+00
9.530366837009199843e-01,0.000000000000000000e+00,0.000000000000000000e+00
9.541321281649441932e-01,0.000000000000000000e+00,0.000000000000000000e+00
9.552275726289681801e-01,0.000000000000000000e+00,0.000000000000000000e+00
9.563230170929921670e-01,0.000000000000000000e+00,0.000000000000000000e+00
9.574184615570162649e-01,0.000000000000000000e+00,0.000000000000000000e+00
9.585139060210402517e-01,0.000000000000000000e+00,0.000000000000000000e+00
9.596093504850642386e-01,0.000000000000000000e+00,0.000000000000000000e+00
9.607047949490883365e-01,0.000000000000000000e+00,0.000000000000000000e+00
9.618002394131123234e-01,0.000000000000000000e+00,0.000000000000000000e+00
9.628956838771363103e-01,0.000000000000000000e+00,0.000000000000000000e+00
9.639911283411605192e-01,0.000000000000000000e+00,0.000000000000000000e+00
9.650865728051846171e-01,0.000000000000000000e+00,0.000000000000000000e+00
9.661820172692086039e-01,0.000000000000000000e+00,0.000000000000000000e+00
9.672774617332325908e-01,0.000000000000000000e+00,0.000000000000000000e+00
9.683729061972566887e-01,0.000000000000000000e+00,0.000000000000000000e+00
9.694683506612806756e-01,0.000000000000000000e+00,0.000000000000000000e+00
9.705637951253046625e-01,0.000000000000000000e+00,0.000000000000000000e+00
9.716592395893287604e-01,0.000000000000000000e+00,0.000000000000000000e+00
9.727546840533529693e-01,0.000000000000000000e+00,0.000000000000000000e+00
9.738501285173769562e-01,0.000000000000000000e+00,0.000000000000000000e+00
9.749455729814009430e-01,0.000000000000000000e+00,0.000000000000000000e+00
9.760410174454250409e-01,0.000000000000000000e+00,0.000000000000000000e+00
9.771364619094490278e-01,0.000000000000000000e+00,0.000000000000000000e+00
9.782319063734730147e-01,0.000000000000000000e+00,0.000000000000000000e+00
9.793273508374971126e-01,0.000000000000000000e+00,0.000000000000000000e+00
9.804227953015210995e-01,0.000000000000000000e+00,0.000000000000000000e+00
9.815182397655453084e-01,0.000000000000000000e+00,0.000000000000000000e+00
9.826136842295692952e-01,0.000000000000000000e+00,0.000000000000000000e+00
9.837091286935933931e-01,0.000000000000000000e+00,0.000000000000000000e+00
9.848045731576173800e-01,0.000000000000000000e+00,0.000000000000000000e+00
9.859000176216413669e-01,0.000000000000000000e+00,0.000000000000000000e+00
9.869954620856654648e-01,0.000000000000000000e+00,0.000000000000000000e+00
9.880909065496894517e-01,0.000000000000000000e+00,0.000000000000000000e+00
9.891863510137134385e-01,0.000000000000000000e+00,0.000000000000000000e+00
9.902817954777375364e-01,0.000000000000000000e+00,0.000000000000000000e+00
9.913772399417617454e-01,0.000000000000000000e+00,0.000000000000000000e+00
9.924726844057857322e-01,0.000000000000000000e+00,0.000000000000000000e+00
9.935681288698097191e-01,0.000000000000000000e+00,0.000000000000000000e+00
9.946635733338338170e-01,0.000000000000000000e+00,0.000000000000000000e+00
9.957590177978578039e-01,0.000000000000000000e+00,0.000000000000000000e+00
9.968544622618817908e-01,0.000000000000000000e+00,0.000000000000000000e+00
9.979499067259058886e-01,0.000000000000000000e+00,0.000000000000000000e+00
9.990453511899298755e-01,0.000000000000000000e+00,0.000000000000000000e+00
1.000140795653954084e+00,0.000000000000000000e+00,0.000000000000000000e+00
1.001236240117978182e+00,0.000000000000000000e+00,0.000000000000000000e+00
1.002331684582002058e+00,0.000000000000000000e+00,0.000000000000000000e+00
1.003427129046026156e+00,0.000000000000000000e+00,0.000000000000000000e+00
1.004522573510050254e+00,0.000000000000000000e+00,0.000000000000000000e+00
1.005618017974074130e+00,0.000000000000000000e+00,0.000000000000000000e+00
1.006713462438098228e+00,0.000000000000000000e+00,0.000000000000000000e+00
1.007808906902122326e+00,0.000000000000000000e+00,0.000000000000000000e+00
1.008904351366146424e+00,0.000000000000000000e+00,0.000000000000000000e+00
1.009999795830170521e+00,0.000000000000000000e+00,0.000000000000000000e+00
1.011095240294194397e+00,0.000000000000000000e+00,0.000000000000000000e+00
1.012190684758218495e+00,0.000000000000000000e+00,0.000000000000000000e+00
1.013286129222242593e+00,0.000000000000000000e+00,0.000000000000000000e+00
1.014381573686266469e+00,0.000000000000000000e+00,0.000000000000000000e+00
1.015477018150290567e+00,0.000000000000000000e+00,0.000000000000000000e+00
1.016572462614314665e+00,0.000000000000000000e+00,0.000000000000000000e+00
1.017667907078338541e+00,0.000000000000000000e+00,0.000000000000000000e+00
1.018763351542362861e+00,0.000000000000000000e+00,0.000000000000000000e+00
1.019858796006386958e+00,0.000000000000000000e+00,0.000000000000000000e+00
1.020954240470410834e+00,0.000000000000000000e+00,0.000000000000000000e+00
1.022049684934434932e+00,0.000000000000000000e+00,0.000000000000000000e+00
1.023145129398459030e+00,0.000000000000000000e+00,0.000000000000000000e+00
1.024240573862482906e+00,0.000000000000000000e+00,0.000000000000000000e+00
1.025336018326507004e+00,0.000000000000000000e+00,0.000000000000000000e+00
1.026431462790531102e+00,0.000000000000000000e+00,0.000000000000000000e+00
1.027526907254555200e+00,0.000000000000000000e+00,0.000000000000000000e+00
1.028622351718579297e+00,0.000000000000000000e+00,0.000000000000000000e+00
1.029717796182603173e+00,0.000000000000000000e+00,0.000000000000000000e+00
1.030813240646627271e+00,0.000000000000000000e+00,0.000000000000000000e+00
1.031908685110651369e+00,0.000000000000000000e+00,0.000000000000000000e+00
1.033004129574675245e+00,0.000000000000000000e+00,0.000000000000000000e+00
1.034099574038699343e+00,0.000000000000000000e+00,0.000000000000000000e+00
1.035195018502723441e+00,0.000000000000000000e+00,0.000000000000000000e+00
1.036290462966747539e+00,0.000000000000000000e+00,0.000000000000000000e+00
1.037385907430771637e+00,0.000000000000000000e+00,0.000000000000000000e+00
1.038481351894795734e+00,0.000000000000000000e+00,0.000000000000000000e+00
1.039576796358819610e+00,0.000000000000000000e+00,0.000000000000000000e+00
1.040672240822843708e+00,0.000000000000000000e+00,0.000000000000000000e+00
1.041767685286867806e+00,0.000000000000000000e+00,0.000000000000000000e+00
1.042863129750891682e+00,0.000000000000000000e+00,0.000000000000000000e+00
1.043958574214915780e+00,0.000000000000000000e+00,0.000000000000000000e+00
1.045054018678939878e+00,0.000000000000000000e+00,0.000000000000000000e+00
1.046149463142963976e+00,0.000000000000000000e+00,0.000000000000000000e+00
1.047244907606988074e+00,0.000000000000000000e+00,0.000000000000000000e+00
1.048340352071011949e+00,0.000000000000000000e+00,0.000000000000000000e+00
1.049435796535036047e+00,0.000000000000000000e+00,0.000000000000000000e+00
1.050531240999060145e+00,0.000000000000000000e+00,0.000000000000000000e+00
1.051626685463084021e+00,0.000000000000000000e+00,0.000000000000000000e+00
1.052722129927108119e+00,0.000000000000000000e+00,0.000000000000000000e+00
1.053817574391132217e+00,0.000000000000000000e+00,0.000000000000000000e+00
1.054913018855156315e+00,0.000000000000000000e+00,0.000000000000000000e+00
1.056008463319180413e+00,0.000000000000000000e+00,0.000000000000000000e+00
1.057103907783204511e+00,0.000000000000000000e+00,0.000000000000000000e+00
1.058199352247228386e+00,0.000000000000000000e+00,0.000000000000000000e+00
1.059294796711252484e+00,0.000000000000000000e+00,0.000000000000000000e+00
1.060390241175276582e+00,0.000000000000000000e+00,0.000000000000000000e+00
1.061485685639300458e+00,0.000000000000000000e+00,0.000000000000000000e+00
1.062581130103324556e+00,0.000000000000000000e+00,0.000000000000000000e+00
1.063676574567348654e+00,0.000000000000000000e+00,0.000000000000000000e+00
1.064772019031372752e+00,0.000000000000000000e+00,0.000000000000000000e+00
1.065867463495396850e+00,0.000000000000000000e+00,0.000000000000000000e+00
1.066962907959420725e+00,0.000000000000000000e+00,0.000000000000000000e+00
1.068058352423444823e+00,0.000000000000000000e+00,0.000000000000000000e+00
1.069153796887468921e+00,0.000000000000000000e+00,0.000000000000000000e+00
1.070249241351492797e+00,0.000000000000000000e+00,0.000000000000000000e+00
1.071344685815516895e+00,0.000000000000000000e+00,0.000000000000000000e+00
1.072440130279540993e+00,0.000000000000000000e+00,0.000000000000000000e+00
1.073535574743565091e+00,0.000000000000000000e+00,0.000000000000000000e+00
1.074631019207589189e+00,0.000000000000000000e+00,0.000000000000000000e+00
1.075726463671613287e+00,0.000000000000000000e+00,0.000000000000000000e+00
1.076821908135637162e+00,0.000000000000000000e+00,0.000000000000000000e+00
1.077917352599661260e+00,0.000000000000000000e+00,0.000000000000000000e+00
1.079012797063685358e+00,0.000000000000000000e+00,0.000000000000000000e+00
1.080108241527709234e+00,0.000000000000000000e+00,0.000000000000000000e+00
1.081203685991733332e+00,0.000000000000000000e+00,0.000000000000000000e+00
1.082299130455757430e+00,0.000000000000000000e+00,0.000000000000000000e+00
1.083394574919781528e+00,0.000000000000000000e+00,0.000000000000000000e+00
1.084490019383805626e+00,0.000000000000000000e+00,0.000000000000000000e+00
1.085585463847829502e+00,0.000000000000000000e+00,0.000000000000000000e+00
1.086680908311853599e+00,0.000000000000000000e+00,0.000000000000000000e+00
1.087776352775877697e+00,0.000000000000000000e+00,0.000000000000000000e+00
1.088871797239901573e+00,0.000000000000000000e+00,0.000000000000000000e+00
1.089967241703925671e+00,0.000000000000000000e+00,0.000000000000000000e+00
1.091062686167949991e+00,0.000000000000000000e+00,0.000000000000000000e+00
1.092158130631973867e+00,0.000000000000000000e+00,0.000000000000000000e+00
1.093253575095997965e+00,0.000000000000000000e+00,0.000000000000000000e+00
1.094349019560022063e+00,0.000000000000000000e+00,0.000000000000000000e+00
1.095444464024045939e+00,0.000000000000000000e+00,0.000000000000000000e+00
1.096539908488070036e+00,0.000000000000000000e+00,0.000000000000000000e+00
1.097635352952094134e+00,0.000000000000000000e+00,0.000000000000000000e+00
1.098730797416118010e+00,0.000000000000000000e+00,0.000000000000000000e+00
1.099826241880142108e+00,0.000000000000000000e+00,0.000000000000000000e+00
1.100921686344166206e+00,0.000000000000000000e+00,0.000000000000000000e+00
1.102017130808190304e+00,0.000000000000000000e+00,0.000000000000000000e+00
1.103112575272214402e+00,0.000000000000000000e+00,0.000000000000000000e+00
1.104208019736238278e+00,0.000000000000000000e+00,0.000000000000000000e+00
1.105303464200262376e+00,0.000000000000000000e+00,0.000000000000000000e+00
1.106398908664286473e+00,0.000000000000000000e+00,0.000000000000000000e+00
1.107494353128310349e+00,0.000000000000000000e+00,0.000000000000000000e+00
1.108589797592334447e+00,0.000000000000000000e+00,0.000000000000000000e+00
1.109685242056358767e+00,0.000000000000000000e+00,0.000000000000000000e+00
1.110780686520382643e+00,0.000000000000000000e+00,0.000000000000000000e+00
1.111876130984406741e+00,0.000000000000000000e+00,0.000000000000000000e+00
1.112971575448430839e+00,0.000000000000000000e+00,0.000000000000000000e+00
1.114067019912454715e+00,0.000000000000000000e+00,0.000000000000000000e+00
1.115162464376478813e+00,0.000000000000000000e+00,0.000000000000000000e+00
1.116257908840502910e+00,0.000000000000000000e+00,0.000000000000000000e+00
1.117353353304526786e+00,0.000000000000000000e+00,0.000000000000000000e+00
1.118448797768551106e+00,0.000000000000000000e+00,0.000000000000000000e+00
1.119544242232574982e+00,0.000000000000000000e+00,0.000000000000000000e+00
1.120639686696599080e+00,0.000000000000000000e+00,0.000000000000000000e+00
1.121735131160623178e+00,0.000000000000000000e+00,0.000000000000000000e+00
1.122830575624647054e+00,0.000000000000000000e+00,0.000000000000000000e+00
1.123926020088671152e+00,0.000000000000000000e+00,0.000000000000000000e+00
1.125021464552695249e+00,0.000000000000000000e+00,0.000000000000000000e+00
1.126116909016719125e+00,0.000000000000000000e+00,0.000000000000000000e+00
1.127212353480743223e+00,0.000000000000000000e+00,0.000000000000000000e+00
1.128307797944767543e+00,0.000000000000000000e+00,0.000000000000000000e+00
1.129403242408791419e+00,0.000000000000000000e+00,0.000000000000000000e+00
1.130498686872815517e+00,0.000000000000000000e+00,0.000000000000000000e+00
1.131594131336839615e+00,0.000000000000000000e+00,0.000000000000000000e+00
1.132689575800863491e+00,0.000000000000000000e+00,0.000000000000000000e+00
1.133785020264887589e+00,0.000000000000000000e+00,0.000000000000000000e+00
1.134880464728911686e+00,0.000000000000000000e+00,0.000000000000000000e+00
1.135975909192935562e+00,0.000000000000000000e+00,0.000000000000000000e+00
1.137071353656959882e+00,0.000000000000000000e+00,0.000000000000000000e+00
1.138166798120983758e+00,0.000000000000000000e+00,0.000000000000000000e+00
1.139262242585007856e+00,0.000000000000000000e+00,0.000000000000000000e+00
1.140357687049031954e+00,0.000000000000000000e+00,0.000000000000000000e+00
1.141453131513055830e+00,0.000000000000000000e+00,0.000000000000000000e+00
1.142548575977079928e+00,0.000000000000000000e+00,0.000000000000000000e+00
1.143644020441104026e+00,0.000000000000000000e+00,0.000000000000000000e+00
1.144739464905127901e+00,0.000000000000000000e+00,0.000000000000000000e+00
1.145834909369152221e+00,0.000000000000000000e+00,0.000000000000000000e+00
1.146930353833176319e+00,0.000000000000000000e+00,0.000000000000000000e+00
1.148025798297200195e+00,0.000000000000000000e+00,0.000000000000000000e+00
1.149121242761224293e+00,0.000000000000000000e+00,0.000000000000000000e+00
1.150216687225248391e+00,0.000000000000000000e+00,0.000000000000000000e+00
1.151312131689272267e+00,0.000000000000000000e+00,0.000000000000000000e+00
1.152407576153296365e+00,0.000000000000000000e+00,0.000000000000000000e+00
1.153503020617320463e+00,0.000000000000000000e+00,0.000000000000000000e+00
1.154598465081344338e+00,0.000000000000000000e+00,0.000000000000000000e+00
1.155693909545368658e+00,0.000000000000000000e+00,0.000000000000000000e+00
1.156789354009392534e+00,0.000000000000000000e+00,0.000000000000000000e+00
1.157884798473416632e+00,0.000000000000000000e+00,0.000000000000000000e+00
1.158980242937440730e+00,0.000000000000000000e+00,0.000000000000000000e+00
1.160075687401464606e+00,0.000000000000000000e+00,0.000000000000000000e+00
1.161171131865488704e+00,0.000000000000000000e+00,0.000000000000000000e+00
1.162266576329512802e+00,0.000000000000000000e+00,0.000000000000000000e+00
1.163362020793536677e+00,0.000000000000000000e+00,0.000000000000000000e+00
1.164457465257560997e+00,0.000000000000000000e+00,0.000000000000000000e+00
1.165552909721585095e+00,0.000000000000000000e+00,0.000000000000000000e+00
1.166648354185608971e+00,0.000000000000000000e+00,0.000000000000000000e+00
1.167743798649633069e+00,0.000000000000000000e+00,0.000000000000000000e+00
1.168839243113657167e+00,0.000000000000000000e+00,0.000000000000000000e+00
1.169934687577681043e+00,0.000000000000000000e+00,0.000000000000000000e+00
1.171030132041705141e+00,0.000000000000000000e+00,0.000000000000000000e+00
1.172125576505729239e+00,0.000000000000000000e+00,0.000000000000000000e+00
1.173221020969753337e+00,0.000000000000000000e+00,0.000000000000000000e+00
1.174316465433777434e+00,0.000000000000000000e+00,0.000000000000000000e+00
1.175411909897801310e+00,0.000000000000000000e+00,0.000000000000000000e+00
1.176507354361825408e+00,0.000000000000000000e+00,0.000000000000000000e+00
1.177602798825849506e+00,0.000000000000000000e+00,0.000000000000000000e+00
1.178698243289873382e+00,0.000000000000000000e+00,0.000000000000000000e+00
1.179793687753897480e+00,0.000000000000000000e+00,0.000000000000000000e+00
1.180889132217921578e+00,0.000000000000000000e+00,0.000000000000000000e+00
1.181984576681945454e+00,0.000000000000000000e+00,0.000000000000000000e+00
1.183080021145969773e+00,0.000000000000000000e+00,0.000000000000000000e+00
1.184175465609993871e+00,0.000000000000000000e+00,0.000000000000000000e+00
1.185270910074017747e+00,0.000000000000000000e+00,0.000000000000000000e+00
1.186366354538041845e+00,0.000000000000000000e+00,0.000000000000000000e+00
1.187461799002065943e+00,0.000000000000000000e+00,0.000000000000000000e+00
1.188557243466089819e+00,0.000000000000000000e+00,0.000000000000000000e+00
1.189652687930113917e+00,0.000000000000000000e+00,0.000000000000000000e+00
1.190748132394138015e+00,0.000000000000000000e+00,0.000000000000000000e+00
1.191843576858162113e+00,0.000000000000000000e+00,0.000000000000000000e+00
1.192939021322186210e+00,0.000000000000000000e+00,0.000000000000000000e+00
1.194034465786210086e+00,0.000000000000000000e+00,0.000000000000000000e+00
1.195129910250234184e+00,0.000000000000000000e+00,0.000000000000000000e+00
1.196225354714258282e+00,0.000000000000000000e+00,0.000000000000000000e+00
1.197320799178282158e+00,0.000000000000000000e+00,0.000000000000000000e+00
1.198416243642306256e+00,0.000000000000000000e+00,0.000000000000000000e+00
1.199511688106330354e+00,0.000000000000000000e+00,0.000000000000000000e+00
1.200607132570354452e+00,0.000000000000000000e+00,0.000000000000000000e+00
1.201702577034378550e+00,0.000000000000000000e+00,0.000000000000000000e+00
1.202798021498402647e+00,0.000000000000000000e+00,0.000000000000000000e+00
1.203893465962426523e+00,0.000000000000000000e+00,0.000000000000000000e+00
1.204988910426450621e+00,0.000000000000000000e+00,0.000000000000000000e+00
1.206084354890474719e+00,0.000000000000000000e+00,0.000000000000000000e+00
1.207179799354498595e+00,0.000000000000000000e+00,0.000000000000000000e+00
1.208275243818522693e+00,0.000000000000000000e+00,0.000000000000000000e+00
1.209370688282546791e+00,0.000000000000000000e+00,0.000000000000000000e+00
1.210466132746570889e+00,0.000000000000000000e+00,0.000000000000000000e+00
1.211561577210594987e+00,0.000000000000000000e+00,0.000000000000000000e+00
1.212657021674618862e+00,0.000000000000000000e+00,0.000000000000000000e+00
1.213752466138642960e+00,0.000000000000000000e+00,0.000000000000000000e+00
1.214847910602667058e+00,0.000000000000000000e+00,0.000000000000000000e+00
1.215943355066690934e+00,0.000000000000000000e+00,0.000000000000000000e+00
1.217038799530715032e+00,0.000000000000000000e+00,0.000000000000000000e+00
1.218134243994739130e+00,0.000000000000000000e+00,0.000000000000000000e+00
1.219229688458763228e+00,0.000000000000000000e+00,0.000000000000000000e+00
1.220325132922787326e+00,0.000000000000000000e+00,0.000000000000000000e+00
1.221420577386811424e+00,0.000000000000000000e+00,0.000000000000000000e+00
1.222516021850835299e+00,0.000000000000000000e+00,0.000000000000000000e+00
1.223611466314859397e+00,0.000000000000000000e+00,0.000000000000000000e+00
1.224706910778883495e+00,0.000000000000000000e+00,0.000000000000000000e+00
1.225802355242907371e+00,0.000000000000000000e+00,0.000000000000000000e+00
1.226897799706931469e+00,0.000000000000000000e+00,0.000000000000000000e+00
1.227993244170955567e+00,0.000000000000000000e+00,0.000000000000000000e+00
1.229088688634979665e+00,0.000000000000000000e+00,0.000000000000000000e+00
1.230184133099003763e+00,0.000000000000000000e+00,0.000000000000000000e+00
1.231279577563027638e+00,0.000000000000000000e+00,0.000000000000000000e+00
1.232375022027051736e+00,0.000000000000000000e+00,0.000000000000000000e+00
1.233470466491075834e+00,0.000000000000000000e+00,0.000000000000000000e+00
1.234565910955099710e+00,0.000000000000000000e+00,0.000000000000000000e+00
1.235661355419123808e+00,0.000000000000000000e+00,0.000000000000000000e+00
1.236756799883147906e+00,0.000000000000000000e+00,0.000000000000000000e+00
1.237852244347172004e+00,0.000000000000000000e+00,0.000000000000000000e+00
1.238947688811196102e+00,0.000000000000000000e+00,0.000000000000000000e+00
1.240043133275220200e+00,0.000000000000000000e+00,0.000000000000000000e+00
1.241138577739244075e+00,0.000000000000000000e+00,0.000000000000000000e+00
1.242234022203268173e+00,0.000000000000000000e+00,0.000000000000000000e+00
1.243329466667292271e+00,0.000000000000000000e+00,0.000000000000000000e+00
1.244424911131316147e+00,0.000000000000000000e+00,0.000000000000000000e+00
1.245520355595340245e+00,0.000000000000000000e+00,0.000000000000000000e+00
1.246615800059364343e+00,0.000000000000000000e+00,0.000000000000000000e+00
1.247711244523388441e+00,0.000000000000000000e+00,0.000000000000000000e+00
1.248806688987412539e+00,0.000000000000000000e+00,0.000000000000000000e+00
1.249902133451436415e+00,0.000000000000000000e+00,0.000000000000000000e+00
1.250997577915460512e+00,0.000000000000000000e+00,0.000000000000000000e+00
1.252093022379484610e+00,0.000000000000000000e+00,0.000000000000000000e+00
1.253188466843508486e+00,0.000000000000000000e+00,0.000000000000000000e+00
1.254283911307532584e+00,0.000000000000000000e+00,0.000000000000000000e+00
1.255379355771556904e+00,0.000000000000000000e+00,0.000000000000000000e+00
1.256474800235580780e+00,0.000000000000000000e+00,0.000000000000000000e+00
1.257570244699604878e+00,0.000000000000000000e+00,0.000000000000000000e+00
1.258665689163628976e+00,0.000000000000000000e+00,0.000000000000000000e+00
1.259761133627652852e+00,0.000000000000000000e+00,0.000000000000000000e+00
1.260856578091676949e+00,0.000000000000000000e+00,0.000000000000000000e+00
1.261952022555701047e+00,0.000000000000000000e+00,0.000000000000000000e+00
1.263047467019724923e+00,0.000000000000000000e+00,0.000000000000000000e+00
1.264142911483749021e+00,0.000000000000000000e+00,0.000000000000000000e+00
1.265238355947773119e+00,0.000000000000000000e+00,0.000000000000000000e+00
1.266333800411797217e+00,0.000000000000000000e+00,0.000000000000000000e+00
1.267429244875821315e+00,0.000000000000000000e+00,0.000000000000000000e+00
1.268524689339845191e+00,0.000000000000000000e+00,0.000000000000000000e+00
1.269620133803869289e+00,0.000000000000000000e+00,0.000000000000000000e+00
1.270715578267893386e+00,0.000000000000000000e+00,0.000000000000000000e+00
1.271811022731917262e+00,0.000000000000000000e+00,0.000000000000000000e+00
1.272906467195941360e+00,0.000000000000000000e+00,0.000000000000000000e+00
1.274001911659965680e+00,0.000000000000000000e+00,0.000000000000000000e+00
1.275097356123989556e+00,0.000000000000000000e+00,0.000000000000000000e+00
1.276192800588013654e+00,0.000000000000000000e+00,0.000000000000000000e+00
1.277288245052037752e+00,0.000000000000000000e+00,0.000000000000000000e+00
1.278383689516061628e+00,0.000000000000000000e+00,0.000000000000000000e+00
1.279479133980085725e+00,0.000000000000000000e+00,0.000000000000000000e+00
1.280574578444109823e+00,0.000000000000000000e+00,0.000000000000000000e+00
1.281670022908133699e+00,0.000000000000000000e+00,0.000000000000000000e+00
1.282765467372158019e+00,0.000000000000000000e+00,0.000000000000000000e+00
1.283860911836181895e+00,0.000000000000000000e+00,0.000000000000000000e+00
1.284956356300205993e+00,0.000000000000000000e+00,0.000000000000000000e+00
1.286051800764230091e+00,0.000000000000000000e+00,0.000000000000000000e+00
1.287147245228253967e+00,0.000000000000000000e+00,0.000000000000000000e+00
1.288242689692278065e+00,0.000000000000000000e+00,0.000000000000000000e+00
1.289338134156302162e+00,0.000000000000000000e+00,0.000000000000000000e+00
1.290433578620326038e+00,0.000000000000000000e+00,0.000000000000000000e+00
1.291529023084350136e+00,0.000000000000000000e+00,0.000000000000000000e+00
1.292624467548374456e+00,0.000000000000000000e+00,0.000000000000000000e+00
1.293719912012398332e+00,0.000000000000000000e+00,0.000000000000000000e+00
1.294815356476422430e+00,0.000000000000000000e+00,0.000000000000000000e+00
1.295910800940446528e+00,0.000000000000000000e+00,0.000000000000000000e+00
1.297006245404470404e+00,0.000000000000000000e+00,0.000000000000000000e+00
1.298101689868494502e+00,0.000000000000000000e+00,0.000000000000000000e+00
1.299197134332518377e+00,0.000000000000000000e+00,0.000000000000000000e+00
1.300292578796542475e+00,0.000000000000000000e+00,0.000000000000000000e+00
1.301388023260566795e+00,0.000000000000000000e+00,0.000000000000000000e+00
1.302483467724590671e+00,0.000000000000000000e+00,0.000000000000000000e+00
1.303578912188614769e+00,0.000000000000000000e+00,0.000000000000000000e+00
1.304674356652638867e+00,0.000000000000000000e+00,0.000000000000000000e+00
1.305769801116662743e+00,0.000000000000000000e+00,0.000000000000000000e+00
1.306865245580686841e+00,0.000000000000000000e+00,0.000000000000000000e+00
1.307960690044710939e+00,0.000000000000000000e+00,0.000000000000000000e+00
1.309056134508734814e+00,0.000000000000000000e+00,0.000000000000000000e+00
1.310151578972759134e+00,0.000000000000000000e+00,0.000000000000000000e+00
1.311247023436783232e+00,0.000000000000000000e+00,0.000000000000000000e+00
1.312342467900807108e+00,0.000000000000000000e+00,0.000000000000000000e+00
1.313437912364831206e+00,0.000000000000000000e+00,0.000000000000000000e+00
1.314533356828855304e+00,0.000000000000000000e+00,0.000000000000000000e+00
1.315628801292879180e+00,0.000000000000000000e+00,0.000000000000000000e+00
1.316724245756903278e+00,0.000000000000000000e+00,0.000000000000000000e+00
1.317819690220927153e+00,0.000000000000000000e+00,0.000000000000000000e+00
1.318915134684951251e+00,0.000000000000000000e+00,0.000000000000000000e+00
1.320010579148975571e+00,0.000000000000000000e+00,0.000000000000000000e+00
1.321106023612999447e+00,0.000000000000000000e+00,0.000000000000000000e+00
1.322201468077023545e+00,0.000000000000000000e+00,0.000000000000000000e+00
1.323296912541047643e+00,0.000000000000000000e+00,0.000000000000000000e+00
1.324392357005071519e+00,0.000000000000000000e+00,0.000000000000000000e+00
1.325487801469095617e+00,0.000000000000000000e+00,0.000000000000000000e+00
1.326583245933119715e+00,0.000000000000000000e+00,0.000000000000000000e+00
1.327678690397143590e+00,0.000000000000000000e+00,0.000000000000000000e+00
1.328774134861167910e+00,0.000000000000000000e+00,0.000000000000000000e+00
1.329869579325192008e+00,0.000000000000000000e+00,0.000000000000000000e+00
1.330965023789215884e+00,0.000000000000000000e+00,0.000000000000000000e+00
1.332060468253239982e+00,0.000000000000000000e+00,0.000000000000000000e+00
1.333155912717263858e+00,0.000000000000000000e+00,0.000000000000000000e+00
1.334251357181287956e+00,0.000000000000000000e+00,0.000000000000000000e+00
1.335346801645312054e+00,0.000000000000000000e+00,0.000000000000000000e+00
1.336442246109335930e+00,0.000000000000000000e+00,0.000000000000000000e+00
1.337537690573360250e+00,0.000000000000000000e+00,0.000000000000000000e+00
1.338633135037384347e+00,0.000000000000000000e+00,0.000000000000000000e+00
1.339728579501408223e+00,0.000000000000000000e+00,0.000000000000000000e+00
1.340824023965432321e+00,0.000000000000000000e+00,0.000000000000000000e+00
1.341919468429456419e+00,0.000000000000000000e+00,0.000000000000000000e+00
1.343014912893480295e+00,0.000000000000000000e+00,0.000000000000000000e+00
1.344110357357504393e+00,0.000000000000000000e+00,0.000000000000000000e+00
1.345205801821528491e+00,0.000000000000000000e+00,0.000000000000000000e+00
1.346301246285552367e+00,0.000000000000000000e+00,0.000000000000000000e+00
1.347396690749576686e+00,0.000000000000000000e+00,0.000000000000000000e+00
1.348492135213600562e+00,0.000000000000000000e+00,0.000000000000000000e+00
1.349587579677624660e+00,0.000000000000000000e+00,0.000000000000000000e+00
1.350683024141648758e+00,0.000000000000000000e+00,0.000000000000000000e+00
1.351778468605672634e+00,0.000000000000000000e+00,0.000000000000000000e+00
1.352873913069696732e+00,0.000000000000000000e+00,0.000000000000000000e+00
1.353969357533720830e+00,0.000000000000000000e+00,0.000000000000000000e+00
1.355064801997744706e+00,0.000000000000000000e+00,0.000000000000000000e+00
1.356160246461769026e+00,0.000000000000000000e+00,0.000000000000000000e+00
1.357255690925793123e+00,0.000000000000000000e+00,0.000000000000000000e+00
1.358351135389816999e+00,0.000000000000000000e+00,0.000000000000000000e+00
1.359446579853841097e+00,0.000000000000000000e+00,0.000000000000000000e+00
1.360542024317865195e+00,0.000000000000000000e+00,0.000000000000000000e+00
1.361637468781889071e+00,0.000000000000000000e+00,0.000000000000000000e+00
1.362732913245913169e+00,0.000000000000000000e+00,0.000000000000000000e+00
1.363828357709937267e+00,0.000000000000000000e+00,0.000000000000000000e+00
1.364923802173961365e+00,0.000000000000000000e+00,0.000000000000000000e+00
1.366019246637985463e+00,0.000000000000000000e+00,0.000000000000000000e+00
1.367114691102009338e+00,0.000000000000000000e+00,0.000000000000000000e+00
1.368210135566033436e+00,0.000000000000000000e+00,0.000000000000000000e+00
1.369305580030057534e+00,0.000000000000000000e+00,0.000000000000000000e+00
