# omega(Hartree) S(1/Hartree) dS(1/Hartree)
1.095444464024046072e-03,1.117894762919994012e+00,1.691891530822890788e+00
2.190888928048092144e-03,1.134389516538598874e+00,1.348854957290654744e+00
3.286333392072138000e-03,1.152391627955719144e+00,9.802689910358267644e-01
4.381777856096184288e-03,1.171851494184340536e+00,6.737160150536919412e-01
5.477222320120230144e-03,1.192724015595833187e+00,4.770732122890288807e-01
6.572666784144275999e-03,1.214967822668236552e+00,3.900785821342817039e-01
7.668111248168322722e-03,1.238544605659300357e+00,3.685780366839268574e-01
8.763555712192368577e-03,1.263418532656639170e+00,3.683395423493598386e-01
9.859000176216414432e-03,1.289555743933232579e+00,3.707236641548475875e-01
1.095444464024046029e-02,1.316923912554649023e+00,3.720871790839657134e-01
1.204988910426450614e-02,1.345491862832226104e+00,3.729815540318128786e-01
1.314533356828855200e-02,1.375229239566245765e+00,3.742878075125471993e-01
1.424077803231259785e-02,1.406106222126608296e+00,3.764558443794770448e-01
1.533622249633664544e-02,1.438093278325157431e+00,3.796007315190031428e-01
1.643166696036068783e-02,1.471160953776437408e+00,3.837061265902764751e-01
1.752711142438473715e-02,1.505279693054023760e+00,3.887592719105518735e-01
1.862255588840878301e-02,1.540419689450094332e+00,3.948112226558112003e-01
1.971800035243282886e-02,1.576550760557547060e+00,4.019898584905374217e-01
2.081344481645687472e-02,1.613642247231279025e+00,4.104878119716508511e-01
2.190888928048092057e-02,1.651662933762824137e+00,4.205387059537942229e-01
2.300433374450496643e-02,1.690580987330984941e+00,4.323892283786707758e-01
2.409977820852901229e-02,1.730363914978324313e+00,4.462705179208394379e-01
2.519522267255305814e-02,1.770978536518654112e+00,4.623719762577777059e-01
2.629066713657710400e-02,1.812390971909416226e+00,4.808197639481415764e-01
2.738611160060114985e-02,1.854566641729428866e+00,5.016617981846455132e-01
2.848155606462519571e-02,1.897470279493295386e+00,5.248599714529537108e-01
2.957700052864924503e-02,1.941065954609456634e+00,5.502894829227590323e-01
3.067244499267329089e-02,1.985317104856527459e+00,5.777440132550665242e-01
3.176788945669733327e-02,2.030186577309822660e+00,6.069451305028275012e-01
3.286333392072137566e-02,2.075636676702144356e+00,6.375541094834681344e-01
3.395877838474542498e-02,2.121629220252099657e+00,6.691847617721121688e-01
3.505422284876947431e-02,2.168125598036730661e+00,7.014161956955076160e-01
3.614966731279351669e-02,2.215086838029388883e+00,7.338049435974889345e-01
3.724511177681756602e-02,2.262473674964644577e+00,7.658961951533244106e-01
3.834055624084160840e-02,2.310246622234018332e+00,7.972341489591985297e-01
3.943600070486565773e-02,2.358366046057582377e+00,8.273716496249473584e-01
4.053144516888970011e-02,2.406792241216512807e+00,8.558794443089097204e-01
4.162688963291374944e-02,2.455485507675393198e+00,8.823554817865654210e-01
4.272233409693779183e-02,2.504406227463530143e+00,9.064348354972096011e-01
4.381777856096184115e-02,2.553514941227940316e+00,9.278009455742886047e-01
4.491322302498588354e-02,2.602772423913541910e+00,9.461989531168540912e-01
4.600866748900993286e-02,2.652139759069006786e+00,9.614518180473700104e-01
4.710411195303397525e-02,2.701578411320467943e+00,9.734794932697858894e-01
4.819955641705802457e-02,2.751050296598142264e+00,9.823203783569162129e-01
4.929500088108207390e-02,2.800517849743803467e+00,9.881521426105619454e-01
5.039044534510611628e-02,2.849944089169798911e+00,9.913053305600140197e-01
5.148588980913015867e-02,2.899292678281632618e+00,9.922576361170847292e-01
5.258133427315420799e-02,2.948527983416813658e+00,9.915903175025346794e-01
5.367677873717825038e-02,2.997615128092698811e+00,9.898847801960051207e-01
5.477222320120229970e-02,3.046520043393447175e+00,9.875468976899537399e-01
5.586766766522634903e-02,3.095209514364018588e+00,9.845884869115920646e-01
5.696311212925039141e-02,3.143651222312972671e+00,9.804995275869602400e-01
5.805855659327444074e-02,3.191813782960079227e+00,9.745479837705354198e-01
5.915400105729849006e-02,3.239666780395459078e+00,9.671733627624647944e-01
6.024944552132253245e-02,3.287180796846203013e+00,9.635088612586416579e-01
6.134488998534658177e-02,3.334327438274213407e+00,9.797097255482645206e-01
6.244033444937061722e-02,3.381079355852967261e+00,1.048841255454593391e+00
6.353577891339466654e-02,3.427410263395225698e+00,1.214295267471057205e+00
6.463122337741870893e-02,3.473294950822750415e+00,1.504785216676855164e+00
6.572666784144275132e-02,3.518709293789129333e+00,1.915948480816914046e+00
6.682211230546680758e-02,3.563630259582184934e+00,2.414572807001020838e+00
6.791755676949084997e-02,3.608035909447059542e+00,2.948724695462149104e+00
6.901300123351489235e-02,3.651905397483695914e+00,3.455302140668546684e+00
7.010844569753894862e-02,3.695218966281801798e+00,3.868370227319358978e+00
7.120389016156299100e-02,3.737957939466148627e+00,4.129851129557017941e+00
7.229933462558703339e-02,3.780104711330270817e+00,4.200612979575069517e+00
7.339477908961108965e-02,3.821642733742681930e+00,4.068612868261590521e+00
7.449022355363513204e-02,3.862556500512450253e+00,3.751347680418659625e+00
7.558566801765917442e-02,3.902831529403373079e+00,3.291762414382958912e+00
7.668111248168321681e-02,3.942454341985853095e+00,2.748990362715582503e+00
7.777655694570725919e-02,3.981412441515456369e+00,2.187054335252422099e+00
7.887200140973131546e-02,4.019694289025267153e+00,1.665156282509212327e+00
7.996744587375535784e-02,4.057289277815623763e+00,1.232194847020315898e+00
8.106289033777940023e-02,4.094187706521796422e+00,9.246903300334351483e-01
8.215833480180345649e-02,4.130380750935351841e+00,7.588535687121024109e-01
8.325377926582749888e-02,4.165860434749333763e+00,7.114066239298210137e-01
8.434922372985154126e-02,4.200619599391928638e+00,7.281839233145041002e-01
8.544466819387558365e-02,4.234651873106469289e+00,7.657624548425027156e-01
8.654011265789963991e-02,4.267951639429528043e+00,8.052816292837787771e-01
8.763555712192368230e-02,4.300514005210686719e+00,8.422465379414416642e-01
8.873100158594772469e-02,4.332334768311275397e+00,8.772014331079650562e-01
8.982644604997176707e-02,4.363410385110826795e+00,9.114659406506058215e-01
9.092189051399580946e-02,4.393737937943256178e+00,9.457913153140259377e-01
9.201733497801986572e-02,4.423315102576250268e+00,9.802421978453198514e-01
9.311277944204390811e-02,4.452140115840125922e+00,1.014452418775328990e+00
9.420822390606795049e-02,4.480211743504983524e+00,1.047897345175746953e+00
9.530366837009200676e-02,4.507529248496489949e+00,1.080074354221211674e+00
9.639911283411604914e-02,4.534092359534578343e+00,1.110589715347376272e+00
9.749455729814009153e-02,4.559901240271101663e+00,1.139181906851738812e+00
9.859000176216414779e-02,4.584956458995907980e+00,1.165710762526945166e+00
9.968544622618819018e-02,4.609258958974110421e+00,1.190132881058594050e+00
1.007808906902122326e-01,4.632810029470777913e+00,1.212474691353433220e+00
1.018763351542362888e-01,4.655611277512758051e+00,1.232808543449217531e+00
1.029717796182603173e-01,4.677664600431977959e+00,1.251233759215989894e+00
1.040672240822843597e-01,4.698972159228397061e+00,1.267862605384461938e+00
1.051626685463084160e-01,4.719536352785989486e+00,1.282810627584931806e+00
1.062581130103324584e-01,4.739359792969212393e+00,1.296190341725049544e+00
1.073535574743565008e-01,4.758445280624172824e+00,1.308107498016586767e+00
1.084490019383805570e-01,4.776795782502627041e+00,1.318659136818425504e+00
1.095444464024045994e-01,4.794414409124065912e+00,1.327932873136766778e+00
1.106398908664286418e-01,4.811304393586879335e+00,1.336007003569350315e+00
1.117353353304526981e-01,4.827469071336130568e+00,1.342951069834598554e+00
1.128307797944767404e-01,4.842911860892038511e+00,1.348826741875845059e+00
1.139262242585007828e-01,4.857636245540913222e+00,1.353688784343681561e+00
1.150216687225248391e-01,4.871645755986959259e+00,1.357586097826632532e+00
1.161171131865488815e-01,4.884943953961267127e+00,1.360562721761439109e+00
1.172125576505729239e-01,4.897534416782059807e+00,1.362658775559263402e+00
1.183080021145969801e-01,4.909420722858431674e+00,1.363911349157637121e+00
1.194034465786210225e-01,4.920606438127986593e+00,1.364355287244967352e+00
1.204988910426450649e-01,4.931095103417041159e+00,1.364023909162187742e+00
1.215943355066691212e-01,4.940890222711320057e+00,1.362949629508117155e+00
1.226897799706931635e-01,4.949995252323329709e+00,1.361164490519409576e+00
1.237852244347171921e-01,4.958413590941871618e+00,1.358700608770448293e+00
1.248806688987412344e-01,4.966148570548509333e+00,1.355590509783490605e+00
1.259761133627652907e-01,4.973203448184794873e+00,1.351867352192570593e+00
1.270715578267893331e-01,4.979581398553808214e+00,1.347565021278448905e+00
1.281670022908133755e-01,4.985285507438861785e+00,1.342718066149743983e+00
1.292624467548374179e-01,4.990318765922464372e+00,1.337361448727812263e+00
1.303578912188614602e-01,4.994684065387527738e+00,1.331530096763613669e+00
1.314533356828855026e-01,4.998384193283633259e+00,1.325258199609611331e+00
1.325487801469095728e-01,5.001421829640597672e+00,1.318578250864608226e+00
1.336442246109336152e-01,5.003799544311727132e+00,1.311519838558380391e+00
1.347396690749576575e-01,5.005519794928885879e+00,1.304108184824531946e+00
1.358351135389816999e-01,5.006584925552663101e+00,1.296362563720379502e+00
1.369305580030057423e-01,5.006997165999839794e+00,1.288294775776322343e+00
1.380260024670297847e-01,5.006758631831240258e+00,1.279908014792961346e+00
1.391214469310538548e-01,5.005871324983294457e+00,1.271196716342188893e+00
1.402168913950778972e-01,5.004337135026677430e+00,1.262148270779523074e+00
1.413123358591019396e-01,5.002157841035759667e+00,1.252747923781097450e+00
1.424077803231259820e-01,4.999335114052661844e+00,1.242988763512074879e+00
1.435032247871500244e-01,4.995870520130337056e+00,1.232889333468154325e+00
1.445986692511740668e-01,4.991765523938943794e+00,1.222522071328458360e+00
1.456941137151981369e-01,4.987021492920779231e+00,1.212056052082725488e+00
1.467895581792221793e-01,4.981639701974335921e+00,1.201816997771818496e+00
1.478850026432462217e-01,4.975621338666117666e+00,1.192364566897976319e+00
1.489804471072702641e-01,4.968967508931950050e+00,1.184579992941892534e+00
1.500758915712943065e-01,4.961679243277077767e+00,1.179742894507969764e+00
1.511713360353183488e-01,4.953757503445711308e+00,1.179553276851634358e+00
1.522667804993423912e-01,4.945203189550529288e+00,1.186028243352290623e+00
1.533622249633664336e-01,4.936017147646467151e+00,1.201194709978909092e+00
1.544576694273904760e-01,4.926200177734574304e+00,1.226560198480635577e+00
1.555531138914145184e-01,4.915753042180576848e+00,1.262547434570379323e+00
1.566485583554385608e-01,4.904676474533942176e+00,1.308497397736524404e+00
1.577440028194626309e-01,4.892971188731180199e+00,1.364528322336403310e+00
1.588394472834866733e-01,4.880637888669255631e+00,1.437397739611324887e+00
1.599348917475107157e-01,4.867677278131963270e+00,1.552346104567474683e+00
1.610303362115347581e-01,4.854090071054177002e+00,1.766583279660852712e+00
1.621257806755588005e-01,4.839877002106605097e+00,2.163828679890686058e+00
1.632212251395828428e-01,4.825038837584310514e+00,2.813974178038415541e+00
1.643166696036069130e-01,4.809576386581157159e+00,3.731433988434811777e+00
1.654121140676309554e-01,4.793490512431819006e+00,4.864244903601023573e+00
1.665075585316549978e-01,4.776782144402417885e+00,6.098948653759616256e+00
1.676030029956790401e-01,4.759452289610062614e+00,7.272265080755393463e+00
1.686984474597030825e-01,4.741502045150646438e+00,8.196702412611298172e+00
1.697938919237271249e-01,4.722932610413849375e+00,8.701920965542731423e+00
1.708893363877511673e-01,4.703745299562756443e+00,8.682077706963429620e+00
1.719847808517752374e-01,4.683941554155238940e+00,8.131918032903698190e+00
1.730802253157992798e-01,4.663522955883136589e+00,7.155610129268266562e+00
1.741756697798233222e-01,4.642491239403682357e+00,5.942460873220644757e+00
1.752711142438473646e-01,4.620848305300174985e+00,4.716964789061218077e+00
1.763665587078714070e-01,4.598596232706070097e+00,3.677863146749388079e+00
1.774620031718954494e-01,4.575737292880414309e+00,2.937706576267328007e+00
1.785574476359194918e-01,4.552273961511502876e+00,2.483233151059927923e+00
1.796528920999435341e-01,4.528208931912708124e+00,2.207002293795669257e+00
1.807483365639675765e-01,4.503545127762357048e+00,2.001460231194260864e+00
1.818437810279916189e-01,4.478285715794299904e+00,1.813267149164159431e+00
1.829392254920156613e-01,4.452434118343314928e+00,1.633490587825828788e+00
1.840346699560397314e-01,4.425994025710488167e+00,1.471851708553127080e+00
1.851301144200637738e-01,4.398969408313421425e+00,1.339903276184288838e+00
1.862255588840878162e-01,4.371364528585282905e+00,1.243632009081198975e+00
1.873210033481118586e-01,4.343183952585397023e+00,1.181804285880891037e+00
1.884164478121359010e-01,4.314432561283529921e+00,1.147769093359205073e+00
1.895118922761599434e-01,4.285115561479464930e+00,1.132791456195583857e+00
1.906073367401840135e-01,4.255238496318953345e+00,1.128924853812111495e+00
1.917027812042080559e-01,4.224807255366067160e+00,1.130399675284296857e+00
1.927982256682320983e-01,4.193828084192464445e+00,1.133732491242350537e+00
1.938936701322561407e-01,4.162307593443022924e+00,1.137214166420369210e+00
1.949891145962801831e-01,4.130252767338017605e+00,1.140273985513595933e+00
1.960845590603042254e-01,4.097670971571081289e+00,1.142947735816256971e+00
1.971800035243282956e-01,4.064569960563503059e+00,1.145508522529698370e+00
1.982754479883523380e-01,4.030957884034876315e+00,1.148246206692445481e+00
1.993708924523763804e-01,3.996843292851042673e+00,1.151359091054558137e+00
2.004663369164004227e-01,3.962235144111365237e+00,1.154920298837894599e+00
2.015617813804244651e-01,3.927142805437155992e+00,1.158887458847122298e+00
2.026572258444485075e-01,3.891576058426216012e+00,1.163132559351300888e+00
2.037526703084725777e-01,3.855545101237185524e+00,1.167476785365558767e+00
2.048481147724966200e-01,3.819060550271384358e+00,1.171721739674229879e+00
2.059435592365206347e-01,3.782133440920315781e+00,1.175673276227652053e+00
2.070390037005446771e-01,3.744775227348771107e+00,1.179157254398245813e+00
2.081344481645687194e-01,3.706997781287161509e+00,1.182028189444412902e+00
2.092298926285927896e-01,3.668813389806832248e+00,1.184172433211904130e+00
2.103253370926168320e-01,3.630234752057508008e+00,1.185507596828576427e+00
2.114207815566408744e-01,3.591274974946219611e+00,1.185979682157293658e+00
2.125162260206649167e-01,3.551947567742284484e+00,1.185559048532329518e+00
2.136116704846889591e-01,3.512266435594741054e+00,1.184236000711729853e+00
2.147071149487130015e-01,3.472245871952778895e+00,1.182016510402869924e+00
2.158025594127370717e-01,3.431900549883498019e+00,1.178918348671180949e+00
2.168980038767611140e-01,3.391245512284118746e+00,1.174967770964308711e+00
2.179934483407851564e-01,3.350296160991705907e+00,1.170196784781313060e+00
2.190888928048091988e-01,3.309068244794759028e+00,1.164640974970805098e+00
2.201843372688332134e-01,3.267577846358377780e+00,1.158337826682448002e+00
2.212797817328572836e-01,3.225841368076014515e+00,1.151325473542316846e+00
2.223752261968813260e-01,3.183875516868142519e+00,1.143641793587149236e+00
2.234706706609053961e-01,3.141697287948979955e+00,1.135323785050608381e+00
2.245661151249294107e-01,3.099323947592352635e+00,1.126407157307378393e+00
2.256615595889534809e-01,3.056773014924622611e+00,1.116926085547315983e+00
2.267570040529774955e-01,3.014062242784774526e+00,1.106913085330032187e+00
2.278524485170015657e-01,2.971209597691395921e+00,1.096398971715011772e+00
2.289478929810256080e-01,2.928233238960970652e+00,1.085412876468337506e+00
2.300433374450496782e-01,2.885151497028823897e+00,1.073982303576813457e+00
2.311387819090736928e-01,2.841982851024195345e+00,1.062133205635614308e+00
2.322342263730977630e-01,2.798745905658410749e+00,1.049890071906190769e+00
2.333296708371217776e-01,2.755459367486155831e+00,1.037276019209687261e+00
2.344251153011458477e-01,2.712142020604930259e+00,1.024312880063802833e+00
2.355205597651698901e-01,2.668812701859898606e+00,1.011021284576564261e+00
2.366160042291939603e-01,2.625490275624972281e+00,9.974207338625575847e-01
2.377114486932179749e-01,2.582193608233080528e+00,9.835296635034260770e-01
2.388068931572420450e-01,2.538941542131447182e+00,9.693654961400088865e-01
2.399023376212660597e-01,2.495752869838766763e+00,9.549446823126953587e-01
2.409977820852901298e-01,2.452646307783494350e+00,9.402827304462982871e-01
2.420932265493141722e-01,2.409640470103554311e+00,9.253942243217039287e-01
2.431886710133382423e-01,2.366753842488252602e+00,9.102928291072772682e-01
2.442841154773622570e-01,2.324004756143387418e+00,8.949912843592993106e-01
2.453795599413863271e-01,2.281411361961858120e+00,8.795013843055176084e-01
2.464750044054103417e-01,2.238991604979748917e+00,8.638339441786236916e-01
2.475704488694343841e-01,2.196763199198553007e+00,8.479987511019305702e-01
2.486658933334584543e-01,2.154743602852334128e+00,8.320044987606772802e-01
2.497613377974824689e-01,2.112949994196744452e+00,8.158587032796091876e-01
2.508567822615065390e-01,2.071399247895392648e+00,7.995675984131127567e-01
2.519522267255305814e-01,2.030107912076652976e+00,7.831360075794190356e-01
2.530476711895546238e-01,1.989092186129611584e+00,7.665671899578674342e-01
2.541431156535786662e-01,1.948367899307848816e+00,7.498626581676611780e-01
2.552385601176027086e-01,1.907950490202189542e+00,7.330219660150497640e-01
2.563340045816267510e-01,1.867854987144463852e+00,7.160424661465946139e-01
2.574294490456507933e-01,1.828095989595043269e+00,6.989190409443313268e-01
2.585248935096748357e-01,1.788687650567475362e+00,6.816438158368317568e-01
2.596203379736989336e-01,1.749643660135821177e+00,6.642058740897911484e-01
2.607157824377229205e-01,1.710977230066243804e+00,6.465910081062048453e-01
2.618112269017470184e-01,1.672701079610512398e+00,6.287815682857385013e-01
2.629066713657710053e-01,1.634827422492557858e+00,6.107565084326682658e-01
2.640021158297951032e-01,1.597367955115210458e+00,5.924917849663370317e-01
2.650975602938191455e-01,1.560333846008121306e+00,5.739613476159821648e-01
2.661930047578431879e-01,1.523735726533841595e+00,5.551390677786303129e-01
2.672884492218672303e-01,1.487583682861741474e+00,5.360020754109169339e-01
2.683838936858912727e-01,1.451887249216919917e+00,5.165360905703000327e-01
2.694793381499153151e-01,1.416655402403757424e+00,4.967433474159691498e-01
2.705747826139393575e-01,1.381896557599591846e+00,4.766534319907901329e-01
2.716702270779633999e-01,1.347618565409983260e+00,4.563364221114397101e-01
2.727656715419874978e-01,1.313828710170400038e+00,4.359156184287614755e-01
2.738611160060114846e-01,1.280533709475875304e+00,4.155736965383013959e-01
2.749565604700355270e-01,1.247739714915822029e+00,3.955435449038019469e-01
2.760520049340595694e-01,1.215452313986371990e+00,3.760851581433565793e-01
2.771474493980836118e-01,1.183676533148937171e+00,3.575124544245457670e-01
2.782428938621077097e-01,1.152416842000008712e+00,3.405533687777191343e-01
2.793383383261316966e-01,1.121677158514292394e+00,3.278930272050334938e-01
2.804337827901557945e-01,1.091460855319643430e+00,3.285204297105292492e-01
2.815292272541797813e-01,1.061770766958863188e+00,3.641519681814849307e-01
2.826246717182038792e-01,1.032609198093476621e+00,4.648265297416044883e-01
2.837201161822279216e-01,1.003977932598185241e+00,6.461755495728830345e-01
2.848155606462519640e-01,9.758782434974024866e-01,9.172786480782268992e-01
2.859110051102760064e-01,9.483109036905288391e-01,1.443184377717718681e+00
2.870064495743000488e-01,9.212761974120148301e-01,2.689617905585465873e+00
2.881018940383240912e-01,8.947739323730312666e-01,4.529758120888710771e+00
2.891973385023481335e-01,8.688034525280114995e-01,5.598630324846057604e+00
2.902927829663721759e-01,8.433636514116754634e-01,4.790911903235834934e+00
2.913882274303962738e-01,8.184529859899900561e-01,3.053806906811783684e+00
2.924836718944202607e-01,7.940694909702740167e-01,2.024441742294230906e+00
2.935791163584443586e-01,7.702107935148773121e-01,1.593028435541817833e+00
2.946745608224683455e-01,7.468741283042994450e-01,1.261143469668878137e+00
2.957700052864924434e-01,7.240563528961219131e-01,1.028727624008245911e+00
2.968654497505164858e-01,7.017539633268031762e-01,9.015641893168391263e-01
2.979608942145405281e-01,6.799631099062977135e-01,8.230126439367078106e-01
2.990563386785645705e-01,6.586796131546474031e-01,7.499442641787377184e-01
3.001517831425886129e-01,6.378989798328930094e-01,6.725200638850431512e-01
3.012472276066126553e-01,6.176164190219617378e-01,5.967558187818964299e-01
3.023426720706366977e-01,5.978268582053689606e-01,5.307098600254764875e-01
3.034381165346607401e-01,5.785249593119130562e-01,4.790797147916187049e-01
3.045335609986847825e-01,5.597051346799374327e-01,4.419272956946934672e-01
3.056290054627088248e-01,5.413615629028424303e-01,4.156614543991449251e-01
3.067244499267328672e-01,5.234882045212831958e-01,3.953556956506794062e-01
3.078198943907569096e-01,5.060788175270467537e-01,3.768897436433346071e-01
3.089153388547809520e-01,4.891269726480689806e-01,3.578919312355996474e-01
3.100107833188050499e-01,4.726260683838356402e-01,3.376294204453433312e-01
3.111062277828290368e-01,4.565693457656473386e-01,3.164577959151186337e-01
3.122016722468531347e-01,4.409499028160571710e-01,2.952593749710453741e-01
3.132971167108771215e-01,4.257607086847878253e-01,2.750271209238838166e-01
3.143925611749012194e-01,4.109946174417918874e-01,2.566013339364919821e-01
3.154880056389252618e-01,3.966443815093475544e-01,2.405232751461927054e-01
3.165834501029493042e-01,3.827026647090711053e-01,2.269777093833853232e-01
3.176788945669733466e-01,3.691620549331215417e-01,2.158118603880360142e-01
3.187743390309973890e-01,3.560150763951602237e-01,2.066184911537389535e-01
3.198697834950214314e-01,3.432542014759470961e-01,1.988568026869550753e-01
3.209652279590454738e-01,3.308718621447691022e-01,1.919742751678535087e-01
3.220606724230695161e-01,3.188604609527699307e-01,1.854985489635543605e-01
3.231561168870936140e-01,3.072123815926771639e-01,1.790865253893890729e-01
3.242515613511176009e-01,2.959199990219664178e-01,1.725349189635964620e-01
3.253470058151416988e-01,2.849756891476620257e-01,1.657648640556150521e-01
3.264424502791656857e-01,2.743718380729631146e-01,1.587936333824304103e-01
3.275378947431897836e-01,2.641008509059962206e-01,1.517031585546614325e-01
3.286333392072138260e-01,2.541551601336418109e-01,1.446110793641959269e-01
3.297287836712378128e-01,2.445272335635827465e-01,1.376469304436770125e-01
3.308242281352619107e-01,2.352095818392705984e-01,1.309340970506113200e-01
3.319196725992858976e-01,2.261947655328863938e-01,1.245771622720669020e-01
3.330151170633099955e-01,2.174754018232898378e-01,1.186539286400069976e-01
3.341105615273339824e-01,2.090441707659732029e-01,1.132114285233809525e-01
3.352060059913580803e-01,2.008938211623228220e-01,1.082653782197254277e-01
3.363014504553821227e-01,1.930171760377454304e-01,1.038025970312706353e-01
3.373968949194061651e-01,1.854071377371572515e-01,9.978583026547144241e-02
3.384923393834302074e-01,1.780566926478458212e-01,9.616023016841560023e-02
3.395877838474542498e-01,1.709589155595118148e-01,9.286058192143717416e-02
3.406832283114782922e-01,1.641069736721351702e-01,8.981833208243818201e-02
3.417786727755023346e-01,1.574941302624919826e-01,8.696762800092491807e-02
3.428741172395263770e-01,1.511137480204212957e-01,8.424986407831312751e-02
3.439695617035504749e-01,1.449592920657030160e-01,8.161655796534504625e-02
3.450650061675744618e-01,1.390243326575858751e-01,7.903065696552880048e-02
3.461604506315985597e-01,1.333025476077873694e-01,7.646655341134077355e-02
3.472558950956225465e-01,1.277877244088665432e-01,7.390916372514248767e-02
3.483513395596466444e-01,1.224737620894087026e-01,7.135242281720256818e-02
3.494467840236706868e-01,1.173546728078426193e-01,6.879749528254452962e-02
3.505422284876947292e-01,1.124245831959349989e-01,6.625093470507283089e-02
3.516376729517187716e-01,1.076777354631824890e-01,6.372295076209877340e-02
3.527331174157428140e-01,1.031084882745880171e-01,6.122588082762998180e-02
3.538285618797668564e-01,9.871131741101485391e-02,5.877291270705775617e-02
3.549240063437908987e-01,9.448081622457479845e-02,5.637706864244584198e-02
3.560194508078149411e-01,9.041169589936520756e-02,5.405043675025224953e-02
3.571148952718389835e-01,8.649878552770783047e-02,5.180362243979423631e-02
3.582103397358630259e-01,8.273703201261696505e-02,4.964538682292167493e-02
3.593057841998870683e-01,7.912149980627901369e-02,4.758243918048681714e-02
3.604012286639111107e-01,7.564737049467783192e-02,4.561935402826997055e-02
3.614966731279351531e-01,7.230994223761350037e-02,4.375858822322576530e-02
3.625921175919592510e-01,6.910462907322480197e-02,4.200057847155779650e-02
3.636875620559832378e-01,6.602696009644963560e-02,4.034390348827820993e-02
3.647830065200073357e-01,6.307257852008621435e-02,3.878549750635258697e-02
3.658784509840313226e-01,6.023724062595987166e-02,3.732090283395474162e-02
3.669738954480554205e-01,5.751681461594236600e-02,3.594454909412943266e-02
3.680693399120794629e-01,5.490727936893127770e-02,3.465004625997565590e-02
3.691647843761035053e-01,5.240472311241822778e-02,3.343047823964370724e-02
3.702602288401275477e-01,5.000534201560297154e-02,3.227868406922271977e-02
3.713556733041515900e-01,4.770543871089683030e-02,3.118751500256565154e-02
3.724511177681756324e-01,4.550142075024841970e-02,3.015005795663776647e-02
3.735465622321996748e-01,4.338979900331471629e-02,2.915981861984260140e-02
3.746420066962237172e-01,4.136718600288696868e-02,2.821086072732249470e-02
3.757374511602478151e-01,3.943029424380251058e-02,2.729790113166034524e-02
3.768328956242718020e-01,3.757593444046581493e-02,2.641636302547742052e-02
3.779283400882958999e-01,3.580101374895229560e-02,2.556239178114506211e-02
3.790237845523198867e-01,3.410253395774560936e-02,2.473283926692614043e-02
3.801192290163439846e-01,3.247758965260320874e-02,2.392522319490921617e-02
3.812146734803680270e-01,3.092336635987584861e-02,2.313766814981563225e-02
3.823101179443920694e-01,2.943713867240723217e-02,2.236883457340815839e-02
3.834055624084161118e-01,2.801626836192398773e-02,2.161784128390484283e-02
3.845010068724400987e-01,2.665820248221265065e-02,2.088418622903517527e-02
3.855964513364641966e-01,2.536047146598358407e-02,2.016766921648024263e-02
3.866918958004882390e-01,2.412068721946860825e-02,1.946831942041515537e-02
3.877873402645122813e-01,2.293654121737516774e-02,1.878632959312310710e-02
3.888827847285363237e-01,2.180580260123293063e-02,1.812199814223584490e-02
3.899782291925603661e-01,2.072631628463782530e-02,1.747567959901617785e-02
3.910736736565844085e-01,1.969600106618833724e-02,1.684774349276617691e-02
3.921691181206084509e-01,1.871284775493863364e-02,1.623854127110371456e-02
3.932645625846324933e-01,1.777491730855387808e-02,1.564838063901218337e-02
3.943600070486565912e-01,1.688033898716399459e-02,1.507750653097873761e-02
3.954554515126805780e-01,1.602730852468532696e-02,1.452608785157502753e-02
3.965508959767046759e-01,1.521408631966394802e-02,1.399420911106922724e-02
3.976463404407286628e-01,1.443899564623530966e-02,1.348186611766291967e-02
3.987417849047527607e-01,1.370042088800535809e-02,1.298896496378085762e-02
3.998372293687768031e-01,1.299680579533614953e-02,1.251532363062104504e-02
4.009326738328008455e-01,1.232665176762192880e-02,1.206067563510174710e-02
4.020281182968248879e-01,1.168851616089629925e-02,1.162467523836602061e-02
4.031235627608489303e-01,1.108101062358723791e-02,1.120690382579673204e-02
4.042190072248729726e-01,1.050279945870302711e-02,1.080687713992585855e-02
4.053144516888970150e-01,9.952598015514053584e-03,1.042405311440966487e-02
4.064098961529210574e-01,9.429171110392532001e-03,1.005784010174505180e-02
4.075053406169451553e-01,8.931331477027761728e-03,9.707605321903324536e-03
4.086007850809691422e-01,8.457938247311202681e-03,9.372683384277156679e-03
4.096962295449932401e-01,8.007895463342793937e-03,9.052384749575696776e-03
4.107916740090172270e-01,7.580150619592992273e-03,8.746004006663185559e-03
4.118871184730412693e-01,7.173693237255103668e-03,8.452827850161591730e-03
4.129825629370653672e-01,6.787553469810428397e-03,8.172142647748556477e-03
4.140780074010893541e-01,6.420800740235690397e-03,7.903241496560206233e-03
4.151734518651134520e-01,6.072542410284637211e-03,7.645430678029373033e-03
4.162688963291374389e-01,5.741922480856862139e-03,7.398035433524892054e-03
4.173643407931615368e-01,5.428120324802569209e-03,7.160405001565302470e-03
4.184597852571855792e-01,5.130349450957611725e-03,6.931916873748764953e-03
4.195552297212096216e-01,4.847856299978449413e-03,6.711980248683758685e-03
4.206506741852336639e-01,4.579919070772213614e-03,6.500038681471492601e-03
4.217461186492577063e-01,4.325846579268559713e-03,6.295571950055512365e-03
4.228415631132817487e-01,4.084977146590625975e-03,6.098097171617954462e-03
4.239370075773057911e-01,3.856677518706257395e-03,5.907169224433291704e-03
4.250324520413298335e-01,3.640341816307741517e-03,5.722380538985011138e-03
4.261278965053539314e-01,3.435390513953614881e-03,5.543360331357106464e-03
4.272233409693779183e-01,3.241269449176434510e-03,5.369773360418976342e-03
4.283187854334020161e-01,3.057448860638808420e-03,5.201318290590373726e-03
4.294142298974260030e-01,2.883422454758366449e-03,5.037725742019894155e-03
4.305096743614501009e-01,2.718706500781186471e-03,4.878756108105025517e-03
4.316051188254741433e-01,2.562838953430859011e-03,4.724197214038718465e-03
4.327005632894981857e-01,2.415378602892293523e-03,4.573861884619999027e-03
4.337960077535222281e-01,2.275904251781102079e-03,4.427585481938440051e-03
4.348914522175462705e-01,2.144013918207542720e-03,4.285223464422378489e-03
4.359868966815703129e-01,2.019324064555369589e-03,4.146649011229612374e-03
4.370823411455943552e-01,1.901468851854797330e-03,4.011750748348639692e-03
4.381777856096183976e-01,1.790099418450591525e-03,3.880430602373503759e-03
4.392732300736424400e-01,1.684883183369656565e-03,3.752601804148192853e-03
4.403686745376664269e-01,1.585503172932551134e-03,3.628187053854012561e-03
4.414641190016905803e-01,1.491657370814447907e-03,3.507116856751708433e-03
4.425595634657145672e-01,1.403058090279479201e-03,3.389328030485879058e-03
4.436550079297386096e-01,1.319431368937111796e-03,3.274762384225343020e-03
4.447504523937626519e-01,1.240516384678529800e-03,3.163365562677301901e-03
4.458458968577867498e-01,1.166064892719151282e-03,3.055086048161585657e-03
4.469413413218107922e-01,1.095840682772260440e-03,2.949874309748211788e-03
4.480367857858347791e-01,1.029619056500981691e-03,2.847682089973776511e-03
4.491322302498588215e-01,9.671863240816542867e-04,2.748461815470407132e-03
4.502276747138829194e-01,9.083393192308385732e-04,2.652166118567598086e-03
4.513231191779069618e-01,8.528849333274709068e-04,2.558747460753545231e-03
4.524185636419310041e-01,8.006396667324638516e-04,2.468157842104691871e-03
4.535140081059549910e-01,7.514291968619696152e-04,2.380348585104574612e-03
4.546094525699791444e-01,7.050879639906292582e-04,2.295270186628581375e-03
4.557048970340031313e-01,6.614587727537295713e-04,2.212872223693439916e-03
4.568003414980271737e-01,6.203924096172551460e-04,2.133103306357039472e-03
4.578957859620512161e-01,5.817472747302464449e-04,2.055911066055684036e-03
4.589912304260753140e-01,5.453890299621709471e-04,1.981242180076149984e-03
4.600866748900993564e-01,5.111902596667422267e-04,1.909042415882305707e-03
4.611821193541233432e-01,4.790301469311325435e-04,1.839256701354826913e-03
4.622775638181473856e-01,4.487941614800812322e-04,1.771829204356156501e-03
4.633730082821714835e-01,4.203737615948756334e-04,1.706703428040822141e-03
4.644684527461955259e-01,3.936661084018466708e-04,1.643822314578363220e-03
4.655638972102195683e-01,3.685737918718699660e-04,1.583128353691222630e-03
4.666593416742435552e-01,3.450045686493394140e-04,1.524563695996925070e-03
4.677547861382675976e-01,3.228711108565704706e-04,1.468070267610013498e-03
4.688502306022916954e-01,3.020907663919388734e-04,1.413589888687029816e-03
4.699456750663157378e-01,2.825853288613332584e-04,1.361064388316097964e-03
4.710411195303397802e-01,2.642808178389837478e-04,1.310435719417465256e-03
4.721365639943637671e-01,2.471072692494626142e-04,1.261646073943553268e-03
4.732320084583879205e-01,2.309985347562987039e-04,1.214637994216001592e-03
4.743274529224119074e-01,2.158920893053728289e-04,1.169354476788521694e-03
4.754228973864359498e-01,2.017288491402190805e-04,1.125739082215686249e-03
4.765183418504599921e-01,1.884529963961550415e-04,1.083736031862137352e-03
4.776137863144840900e-01,1.760118126238579671e-04,1.043290305155072538e-03
4.787092307785081324e-01,1.643555195665311096e-04,1.004347729646390018e-03
4.798046752425321193e-01,1.534371275641086647e-04,9.668550672487412692e-04
4.809001197065561617e-01,1.432122909631478730e-04,9.307600944705936600e-04
4.819955641705802596e-01,1.336391699495990840e-04,8.960116742421045822e-04
4.830910086346043020e-01,1.246782997261040176e-04,8.625598267546195647e-04
4.841864530986283444e-01,1.162924649320792089e-04,8.303557871859793384e-04
4.852818975626523312e-01,1.084465807249129527e-04,7.993520609095543369e-04
4.863773420266764846e-01,1.011075795128592964e-04,7.695024712715258517e-04
4.874727864907004715e-01,9.424430304999667854e-05,7.407621993231553728e-04
4.885682309547245139e-01,8.782739949406595894e-05,7.130878138780327290e-04
4.896636754187485563e-01,8.182922631491978580e-05,6.864373006683009400e-04
4.907591198827726542e-01,7.622375703174330097e-05,6.607700765506694263e-04
4.918545643467966966e-01,7.098649351829445576e-05,6.360470044534052457e-04
4.929500088108206834e-01,6.609438176942417347e-05,6.122303935428351045e-04
4.940454532748447258e-01,6.152573274660733224e-05,5.892840002574208525e-04
4.951408977388687682e-01,5.726014691025146475e-05,5.671730204728721216e-04
4.962363422028928661e-01,5.327844179068802439e-05,5.458640676788013282e-04
4.973317866669169085e-01,4.956258483159527883e-05,5.253251611339807134e-04
4.984272311309408954e-01,4.609562855790854676e-05,5.055256978778342389e-04
4.995226755949649378e-01,4.286164927743920825e-05,4.864364217406105632e-04
5.006181200589890912e-01,3.984568902798640253e-05,4.680293887378261775e-04
5.017135645230130780e-01,3.703370082984684951e-05,4.502779320471519812e-04
5.028090089870370649e-01,3.441249641722582962e-05,4.331566192763223046e-04
5.039044534510611628e-01,3.196969729542839360e-05,4.166412141512148659e-04
5.049998979150852607e-01,2.969368738419164201e-05,4.007086232166543892e-04
5.060953423791092476e-01,2.757356906485428541e-05,3.853368518606338565e-04
5.071907868431332345e-01,2.559912188624305888e-05,3.705049640178654418e-04
5.082862313071573324e-01,2.376076229148487481e-05,3.561930242991178221e-04
5.093816757711814303e-01,2.204950647297387629e-05,3.423820529618820207e-04
5.104771202352054171e-01,2.045693493304467098e-05,3.290539764626886966e-04
5.115725646992295150e-01,1.897515914360038770e-05,3.161915809273050217e-04
5.126680091632535019e-01,1.759678992651707286e-05,3.037784646335207764e-04
5.137634536272775998e-01,1.631490745967912001e-05,2.917989892390454565e-04
5.148588980913015867e-01,1.512303332031033471e-05,2.802382386816779742e-04
5.159543425553256846e-01,1.401510416457938424e-05,2.690819815547791411e-04
5.170497870193496714e-01,1.298544532079097830e-05,2.583166048529327388e-04
5.181452314833737693e-01,1.202874879907145000e-05,2.479291058054749813e-04
5.192406759473978672e-01,1.114005010624845544e-05,2.379070385487047938e-04
5.203361204114218541e-01,1.031470710318226427e-05,2.282384760994534464e-04
5.214315648754458410e-01,9.548380239790494266e-06,2.189119777823040627e-04
5.225270093394699389e-01,8.837014247559241603e-06,2.099165664640740940e-04
5.236224538034940368e-01,8.176819779997338168e-06,2.012416818617983945e-04
5.247178982675180237e-01,7.564257801778399842e-06,1.928771759838802361e-04
5.258133427315420105e-01,6.996022740803599137e-06,1.848132574316229283e-04
5.269087871955661084e-01,6.469029096324639679e-06,1.770405003410297829e-04
5.280042316595902063e-01,5.980396465589211938e-06,1.695497931352010019e-04
5.290996761236141932e-01,5.527437117506813349e-06,1.623323331211676984e-04
5.301951205876382911e-01,5.107643943534292155e-06,1.553796141171636476e-04
5.312905650516622780e-01,4.718678230231157240e-06,1.486833882620253264e-04
5.323860095156863759e-01,4.358359416636145266e-06,1.422356668111709457e-04
5.334814539797103627e-01,4.024655020404185993e-06,1.360287097183143432e-04
5.345768984437344606e-01,3.715670340070521675e-06,1.300549878234559260e-04
5.356723429077584475e-01,3.429640545174525384e-06,1.243072062452711473e-04
5.367677873717825454e-01,3.164921528891539160e-06,1.187782696608401055e-04
5.378632318358066433e-01,2.919981845293213261e-06,1.134612651571285030e-04
5.389586762998306302e-01,2.693396130179105601e-06,1.083494846012354171e-04
5.400541207638546171e-01,2.483837469475966993e-06,1.034363917149472257e-04
5.411495652278787150e-01,2.290071227258000540e-06,9.871562852136034328e-05
5.422450096919028129e-01,2.110948438165035620e-06,9.418098784699713755e-05
5.433404541559267997e-01,1.945400873305775645e-06,8.982644144119486767e-05
5.444358986199507866e-01,1.792435166432632735e-06,8.564611386258515863e-05
5.455313430839749955e-01,1.651127338589781015e-06,8.163425501320766507e-05
5.466267875479989824e-01,1.520619295143910160e-06,7.778529296745163716e-05
5.477222320120229693e-01,1.400113486685102431e-06,7.409378642570020623e-05
5.488176764760470672e-01,1.288869009972215501e-06,7.055443120219859730e-05
5.499131209400710540e-01,1.186197749832392785e-06,6.716205658983476559e-05
5.510085654040951519e-01,1.091460972973696494e-06,6.391163378394233859e-05
5.521040098681191388e-01,1.004065520742765433e-06,6.079824842567577885e-05
5.531994543321432367e-01,9.234611236974285415e-07,5.781712458293645460e-05
5.542948987961672236e-01,8.491374807511521623e-07,5.496362598265818069e-05
5.553903432601913215e-01,7.806207457204259406e-07,5.223320528321709425e-05
5.564857877242154194e-01,7.174719170183637775e-07,4.962146247210057101e-05
5.575812321882394063e-01,6.592838199245504855e-07,4.712410339813298316e-05
5.586766766522633931e-01,6.056794131437566809e-07,4.473697599710898485e-05
5.597721211162874910e-01,5.563085428231625413e-07,4.245598453724652797e-05
5.608675655803115889e-01,5.108476148823941100e-07,4.027720582634191260e-05
5.619630100443355758e-01,4.689967299670307521e-07,3.819681256400615050e-05
5.630584545083595627e-01,4.304778177880412281e-07,3.621105458376312389e-05
5.641538989723837716e-01,3.950341259285657900e-07,3.431634475308624195e-05
5.652493434364077585e-01,3.624274545047775580e-07,3.250915075796301500e-05
5.663447879004317453e-01,3.324376441862817169e-07,3.078606451741076845e-05
5.674402323644558432e-01,3.048609888459369681e-07,2.914377452130580999e-05
5.685356768284799411e-01,2.795093728660538044e-07,2.757909560977570641e-05
5.696311212925039280e-01,2.562083447998149012e-07,2.608888821816847107e-05
5.707265657565279149e-01,2.347973530420167697e-07,2.467018114812037475e-05
5.718220102205520128e-01,2.151271818843397320e-07,2.332000769633645789e-05
5.729174546845761107e-01,1.970608933404656897e-07,2.203559434783736610e-05
5.740128991486000976e-01,1.804711719542855164e-07,2.081416486217422656e-05
5.751083436126241955e-01,1.652411277904377274e-07,1.965311056660322249e-05
5.762037880766481823e-01,1.512623864944113765e-07,1.854985499786711712e-05
5.772992325406721692e-01,1.384350413094877055e-07,1.750192137722210816e-05
5.783946770046962671e-01,1.266671720539297081e-07,1.650695121725445638e-05
5.794901214687203650e-01,1.158737190017472923e-07,1.556263385305219307e-05
5.805855659327443519e-01,1.059761054901027850e-07,1.466672078174064858e-05
5.816810103967683387e-01,9.690224795522414706e-08,1.381709329209235713e-05
5.827764548607925477e-01,8.858532245669946467e-08,1.301165503447567720e-05
5.838718993248165345e-01,8.096415530995631754e-08,1.224844543453088274e-05
5.849673437888405214e-01,7.398193314110433561e-08,1.152550794945273991e-05
5.860627882528646193e-01,6.758679323596406791e-08,1.084103123758424073e-05
5.871582327168887172e-01,6.173068723938708984e-08,1.019322715920364878e-05
5.882536771809127041e-01,5.636919314332563638e-08,9.580343429693066374e-06
5.893491216449366910e-01,5.146178586941639719e-08,9.000755698623791792e-06
5.904445661089607889e-01,4.697114427291218632e-08,8.452899119259818755e-06
5.915400105729848867e-01,4.286272305288581144e-08,7.935232799812365511e-06
5.926354550370088736e-01,3.910486760886385825e-08,7.446298407667380659e-06
5.937308995010329715e-01,3.566848611259959849e-08,6.984699556427724421e-06
5.948263439650569584e-01,3.252678087277901666e-08,6.549086382177397128e-06
5.959217884290810563e-01,2.965512474462084687e-08,6.138164727341423313e-06
5.970172328931050432e-01,2.703091455594716461e-08,5.750699486096484563e-06
5.981126773571291411e-01,2.463340124046818205e-08,5.385510898167508259e-06
5.992081218211531279e-01,2.244349638080908283e-08,5.041462475963410475e-06
6.003035662851772258e-01,2.044374736834408566e-08,4.717483564525319913e-06
6.013990107492013237e-01,1.861784057814367187e-08,4.412481669581353435e-06
6.024944552132253106e-01,1.695134400450670615e-08,4.125540033905011071e-06
6.035898996772492975e-01,1.543047899890478675e-08,3.855653421797711603e-06
6.046853441412733954e-01,1.404292543217371911e-08,3.601939843056490306e-06
6.057807886052974933e-01,1.277736177908467076e-08,3.363552782601558458e-06
6.068762330693214802e-01,1.162308619922353410e-08,3.139598829628117140e-06
6.079716775333454670e-01,1.057080414773115816e-08,2.929364321627058410e-06
6.090671219973695649e-01,9.611621629665246590e-09,2.732066612873086064e-06
6.101625664613936628e-01,8.737528757191516241e-09,2.546998455747289667e-06
6.112580109254176497e-01,7.941103605336616642e-09,2.373461381316718542e-06
6.123534553894417476e-01,7.215627795052577699e-09,2.210813453553999001e-06
6.134488998534657345e-01,6.555028166381831943e-09,2.058468728923602529e-06
6.145443443174898324e-01,5.953510499054404558e-09,1.915796162421473209e-06
6.156397887815138192e-01,5.406024335203643892e-09,1.782276336571348067e-06
6.167352332455379171e-01,4.907719897359099392e-09,1.657340659090907174e-06
6.178306777095619040e-01,4.454391795987669155e-09,1.540526672479663206e-06
6.189261221735860019e-01,4.042021215996212284e-09,1.431336489225651139e-06
6.200215666376100998e-01,3.666999570573302546e-09,1.329320400912447836e-06
6.211170111016340867e-01,3.325999540781352232e-09,1.234041429069776880e-06
6.222124555656580736e-01,3.016089241778000325e-09,1.145126258837207169e-06
6.233079000296821714e-01,2.734491123364242565e-09,1.062184703218585388e-06
6.244033444937062693e-01,2.478427359104557877e-09,9.847514082728013592e-07
6.254987889577302562e-01,2.245947737218699434e-09,9.126187223324916645e-07
6.265942334217542431e-01,2.034861940820859402e-09,8.454273689413846376e-07
6.276896778857784520e-01,1.843164049920552529e-09,7.828331434602504880e-07
6.287851223498024389e-01,1.669124447334498461e-09,7.245526839935278294e-07
6.298805668138264258e-01,1.511179879304841373e-09,6.703252884623953930e-07
6.309760112778505237e-01,1.367935156652035565e-09,6.199194976393679808e-07
6.320714557418745105e-01,1.237983833699397993e-09,5.730562932835148683e-07
6.331669002058986084e-01,1.120066891927216306e-09,5.294818135918604199e-07
6.342623446699225953e-01,1.013119660485266176e-09,4.889955939224133732e-07
6.353577891339466932e-01,9.162054695483940925e-10,4.514260994511023220e-07
6.364532335979706801e-01,8.284485311369476906e-10,4.166021679883257562e-07
6.375486780619947780e-01,7.508506887522825425e-10,3.852872250106184281e-07
6.386441225260188759e-01,7.510251911299442448e-10,3.931638859465403321e-07
6.397395669900428627e-01,7.511996259715516870e-10,4.011214558702357920e-07
6.408350114540668496e-01,7.513739907220428048e-10,4.091586530114427565e-07
6.419304559180909475e-01,7.515482828612825120e-10,4.172741784008993625e-07
6.430259003821150454e-01,7.517224999036521076e-10,4.254667215172748958e-07
6.441213448461390323e-01,7.518966393976422006e-10,4.337349663232357350e-07
6.452167893101630192e-01,7.520706989254527676e-10,4.420775976996003152e-07
6.463122337741872281e-01,7.522446761025947619e-10,4.504933082847682300e-07
6.474076782382112150e-01,7.524185685774996846e-10,4.589808057278057606e-07
6.485031227022352018e-01,7.525923740311313264e-10,4.675388203615807073e-07
6.495985671662591887e-01,7.527660901766027831e-10,4.761661133015249257e-07
6.506940116302833976e-01,7.529397147588012259e-10,4.848614849768342334e-07
6.517894560943073845e-01,7.531132455540116374e-10,4.936237840964789693e-07
6.528849005583313714e-01,7.532866803695484060e-10,5.024519170549904592e-07
6.539803450223554693e-01,7.534600170433920905e-10,5.113448577796977071e-07
6.550757894863795672e-01,7.536332534438278387e-10,5.203016580206966142e-07
6.561712339504035540e-01,7.538063874690906301e-10,5.293214580829972373e-07
6.572666784144276519e-01,7.539794170470126903e-10,5.384034979990848738e-07
6.583621228784516388e-01,7.541523401346758685e-10,5.475471291389859479e-07
6.594575673424756257e-01,7.543251547180698047e-10,5.567518262519751086e-07
6.605530118064997236e-01,7.544978588117520623e-10,5.660171999334026595e-07
6.616484562705238215e-01,7.546704504585114654e-10,5.753430095066276361e-07
6.627439007345478084e-01,7.548429277290385708e-10,5.847291763093522589e-07
6.638393451985717952e-01,7.550152887215996552e-10,5.941757973694079471e-07
6.649347896625960042e-01,7.551875315617088419e-10,6.036831594535928543e-07
6.660302341266199910e-01,7.553596544018136683e-10,6.132517534698555502e-07
6.671256785906439779e-01,7.555316554209762081e-10,6.228822891998084232e-07
6.682211230546679648e-01,7.557035328245621548e-10,6.325757103353366045e-07
6.693165675186921737e-01,7.558752848439323865e-10,6.423332097892340153e-07
6.704120119827161606e-01,7.560469097361383567e-10,6.521562452467359018e-07
6.715074564467401474e-01,7.562184057836205874e-10,6.620465549201873406e-07
6.726029009107642453e-01,7.563897712939112967e-10,6.720061734637954657e-07
6.736983453747883432e-01,7.565610045993420951e-10,6.820374480045197597e-07
6.747937898388123301e-01,7.567321040567509555e-10,6.921430542355092689e-07
6.758892343028363170e-01,7.569030680471964235e-10,7.023260125182298473e-07
6.769846787668604149e-01,7.570738949756732731e-10,7.125897039321207800e-07
6.780801232308845128e-01,7.572445832708339541e-10,7.229378862054421187e-07
6.791755676949084997e-01,7.574151313847082812e-10,7.333747094584799728e-07
6.802710121589325976e-01,7.575855377924340833e-10,7.439047316809664140e-07
6.813664566229565844e-01,7.577558009919815456e-10,7.545329338659736289e-07
6.824619010869806823e-01,7.579259195038900626e-10,7.652647347118861721e-07
6.835573455510046692e-01,7.580958918710018862e-10,7.761060048053936970e-07
6.846527900150287671e-01,7.582657166582014602e-10,7.870630801879911910e-07
6.857482344790527540e-01,7.584353924521571333e-10,7.981427752114141097e-07
6.868436789430767409e-01,7.586049178610660770e-10,8.093523945769099383e-07
6.879391234071009498e-01,7.587742915144027199e-10,8.206997444570420986e-07
6.890345678711249366e-01,7.589435120626696621e-10,8.321931425911369402e-07
6.901300123351489235e-01,7.591125781771501421e-10,8.438414272501021537e-07
6.912254567991730214e-01,7.592814885496652589e-10,8.556539649592866191e-07
6.923209012631971193e-01,7.594502418923362614e-10,8.676406568774211572e-07
6.934163457272211062e-01,7.596188369373421837e-10,8.798119437235643911e-07
6.945117901912450931e-01,7.597872724366876151e-10,8.921788091545766373e-07
6.956072346552691910e-01,7.599555471619711922e-10,9.047527814957995405e-07
6.967026791192932889e-01,7.601236599041537819e-10,9.175459337377383517e-07
6.977981235833172757e-01,7.602916094733344185e-10,9.305708817186715300e-07
6.988935680473413736e-01,7.604593946985227262e-10,9.438407804213811932e-07
6.999890125113653605e-01,7.606270144274216803e-10,9.573693183273166292e-07
7.010844569753894584e-01,7.607944675262049923e-10,9.711707097822771309e-07
7.021799014394134453e-01,7.609617528793020433e-10,9.852596853436210355e-07
7.032753459034375432e-01,7.611288693891843675e-10,9.996514800952197413e-07
7.043707903674615300e-01,7.612958159761542043e-10,1.014361819934041514e-06
7.054662348314856279e-01,7.614625915781348084e-10,1.029406905852224201e-06
7.065616792955097258e-01,7.616291951504633440e-10,1.044803396256229130e-06
7.076571237595337127e-01,7.617956256656895697e-10,1.060568387387840345e-06
7.087525682235576996e-01,7.619618821133703881e-10,1.076719391930190126e-06
7.098480126875817975e-01,7.621279634998733895e-10,1.093274315904241848e-06
7.109434571516058954e-01,7.622938688481778124e-10,1.110251433981163039e-06
7.120389016156298823e-01,7.624595971976803624e-10,1.127669363355787247e-06
7.131343460796538691e-01,7.626251476040023759e-10,1.145547036343590265e-06
7.142297905436779670e-01,7.627905191388004988e-10,1.163903671882158413e-06
7.153252350077020649e-01,7.629557108895766425e-10,1.182758746131832620e-06
7.164206794717260518e-01,7.631207219594930046e-10,1.202131962383423865e-06
7.175161239357501497e-01,7.632855514671886426e-10,1.222043220488579387e-06
7.186115683997741366e-01,7.634501985465968732e-10,1.242512586039221315e-06
7.197070128637982345e-01,7.636146623467662909e-10,1.263560259522840622e-06
7.208024573278222213e-01,7.637789420316815810e-10,1.285206545681861012e-06
7.218979017918463192e-01,7.639430367800908443e-10,1.307471823305033865e-06
7.229933462558703061e-01,0.000000000000000000e+00,0.000000000000000000e+00
7.240887907198944040e-01,0.000000000000000000e+00,0.000000000000000000e+00
7.251842351839185019e-01,0.000000000000000000e+00,0.000000000000000000e+00
7.262796796479424888e-01,0.000000000000000000e+00,0.000000000000000000e+00
7.273751241119664757e-01,0.000000000000000000e+00,0.000000000000000000e+00
7.284705685759905736e-01,0.000000000000000000e+00,0.000000000000000000e+00
7.295660130400146715e-01,0.000000000000000000e+00,0.000000000000000000e+00
7.306614575040386583e-01,0.000000000000000000e+00,0.000000000000000000e+00
7.317569019680626452e-01,0.000000000000000000e+00,0.000000000000000000e+00
7.328523464320868541e-01,0.000000000000000000e+00,0.000000000000000000e+00
7.339477908961108410e-01,0.000000000000000000e+00,0.000000000000000000e+00
7.350432353601348279e-01,0.000000000000000000e+00,0.000000000000000000e+00
7.361386798241589258e-01,0.000000000000000000e+00,0.000000000000000000e+00
7.372341242881830237e-01,0.000000000000000000e+00,0.000000000000000000e+00
7.383295687522070105e-01,0.000000000000000000e+00,0.000000000000000000e+00
7.394250132162309974e-01,0.000000000000000000e+00,0.000000000000000000e+00
7.405204576802550953e-01,0.000000000000000000e+00,0.000000000000000000e+00
7.416159021442790822e-01,0.000000000000000000e+00,0.000000000000000000e+00
7.427113466083031801e-01,0.000000000000000000e+00,0.000000000000000000e+00
7.438067910723272780e-01,0.000000000000000000e+00,0.000000000000000000e+00
7.449022355363512649e-01,0.000000000000000000e+00,0.000000000000000000e+00
7.459976800003752517e-01,0.000000000000000000e+00,0.000000000000000000e+00
7.470931244643993496e-01,0.000000000000000000e+00,0.000000000000000000e+00
7.481885689284234475e-01,0.000000000000000000e+00,0.000000000000000000e+00
7.492840133924474344e-01,0.000000000000000000e+00,0.000000000000000000e+00
7.503794578564714213e-01,0.000000000000000000e+00,0.000000000000000000e+00
7.514749023204956302e-01,0.000000000000000000e+00,0.000000000000000000e+00
7.525703467845196171e-01,0.000000000000000000e+00,0.000000000000000000e+00
7.536657912485436039e-01,0.000000000000000000e+00,0.000000000000000000e+00
7.547612357125677018e-01,0.000000000000000000e+00,0.000000000000000000e+00
7.558566801765917997e-01,0.000000000000000000e+00,0.000000000000000000e+00
7.569521246406157866e-01,0.000000000000000000e+00,0.000000000000000000e+00
7.580475691046397735e-01,0.000000000000000000e+00,0.000000000000000000e+00
7.591430135686638714e-01,0.000000000000000000e+00,0.000000000000000000e+00
7.602384580326879693e-01,0.000000000000000000e+00,0.000000000000000000e+00
7.613339024967119562e-01,0.000000000000000000e+00,0.000000000000000000e+00
7.624293469607360541e-01,0.000000000000000000e+00,0.000000000000000000e+00
7.635247914247600409e-01,0.000000000000000000e+00,0.000000000000000000e+00
7.646202358887841388e-01,0.000000000000000000e+00,0.000000000000000000e+00
7.657156803528081257e-01,0.000000000000000000e+00,0.000000000000000000e+00
7.668111248168322236e-01,0.000000000000000000e+00,0.000000000000000000e+00
7.679065692808562105e-01,0.000000000000000000e+00,0.000000000000000000e+00
7.690020137448801973e-01,0.000000000000000000e+00,0.000000000000000000e+00
7.700974582089044063e-01,0.000000000000000000e+00,0.000000000000000000e+00
7.711929026729283931e-01,0.000000000000000000e+00,0.000000000000000000e+00
7.722883471369523800e-01,0.000000000000000000e+00,0.000000000000000000e+00
7.733837916009764779e-01,0.000000000000000000e+00,0.000000000000000000e+00
7.744792360650005758e-01,0.000000000000000000e+00,0.000000000000000000e+00
7.755746805290245627e-01,0.000000000000000000e+00,0.000000000000000000e+00
7.766701249930485496e-01,0.000000000000000000e+00,0.000000000000000000e+00
7.777655694570726475e-01,0.000000000000000000e+00,0.000000000000000000e+00
7.788610139210967453e-01,0.000000000000000000e+00,0.000000000000000000e+00
7.799564583851207322e-01,0.000000000000000000e+00,0.000000000000000000e+00
7.810519028491448301e-01,0.000000000000000000e+00,0.000000000000000000e+00
7.821473473131688170e-01,0.000000000000000000e+00,0.000000000000000000e+00
7.832427917771929149e-01,0.000000000000000000e+00,0.000000000000000000e+00
7.843382362412169018e-01,0.000000000000000000e+00,0.000000000000000000e+00
7.854336807052409997e-01,0.000000000000000000e+00,0.000000000000000000e+00
7.865291251692649865e-01,0.000000000000000000e+00,0.000000000000000000e+00
7.876245696332890844e-01,0.000000000000000000e+00,0.000000000000000000e+00
7.887200140973131823e-01,0.000000000000000000e+00,0.000000000000000000e+00
7.898154585613371692e-01,0.000000000000000000e+00,0.000000000000000000e+00
7.909109030253611561e-01,0.000000000000000000e+00,0.000000000000000000e+00
7.920063474893852540e-01,0.000000000000000000e+00,0.000000000000000000e+00
7.931017919534093519e-01,0.000000000000000000e+00,0.000000000000000000e+00
7.941972364174333388e-01,0.000000000000000000e+00,0.000000000000000000e+00
7.952926808814573256e-01,0.000000000000000000e+00,0.000000000000000000e+00
7.963881253454814235e-01,0.000000000000000000e+00,0.000000000000000000e+00
7.974835698095055214e-01,0.000000000000000000e+00,0.000000000000000000e+00
7.985790142735295083e-01,0.000000000000000000e+00,0.000000000000000000e+00
7.996744587375536062e-01,0.000000000000000000e+00,0.000000000000000000e+00
8.007699032015775931e-01,0.000000000000000000e+00,0.000000000000000000e+00
8.018653476656016910e-01,0.000000000000000000e+00,0.000000000000000000e+00
8.029607921296256778e-01,0.000000000000000000e+00,0.000000000000000000e+00
8.040562365936497757e-01,0.000000000000000000e+00,0.000000000000000000e+00
8.051516810576737626e-01,0.000000000000000000e+00,0.000000000000000000e+00
8.062471255216978605e-01,0.000000000000000000e+00,0.000000000000000000e+00
8.073425699857219584e-01,0.000000000000000000e+00,0.000000000000000000e+00
8.084380144497459453e-01,0.000000000000000000e+00,0.000000000000000000e+00
8.095334589137699322e-01,0.000000000000000000e+00,0.000000000000000000e+00
8.106289033777940300e-01,0.000000000000000000e+00,0.000000000000000000e+00
8.117243478418181279e-01,0.000000000000000000e+00,0.000000000000000000e+00
8.128197923058421148e-01,0.000000000000000000e+00,0.000000000000000000e+00
8.139152367698661017e-01,0.000000000000000000e+00,0.000000000000000000e+00
8.150106812338903106e-01,0.000000000000000000e+00,0.000000000000000000e+00
8.161061256979142975e-01,0.000000000000000000e+00,0.000000000000000000e+00
8.172015701619382844e-01,0.000000000000000000e+00,0.000000000000000000e+00
8.182970146259623823e-01,0.000000000000000000e+00,0.000000000000000000e+00
8.193924590899864802e-01,0.000000000000000000e+00,0.000000000000000000e+00
8.204879035540104670e-01,0.000000000000000000e+00,0.000000000000000000e+00
8.215833480180344539e-01,0.000000000000000000e+00,0.000000000000000000e+00
8.226787924820585518e-01,0.000000000000000000e+00,0.000000000000000000e+00
8.237742369460825387e-01,0.000000000000000000e+00,0.000000000000000000e+00
8.248696814101066366e-01,0.000000000000000000e+00,0.000000000000000000e+00
8.259651258741307345e-01,0.000000000000000000e+00,0.000000000000000000e+00
8.270605703381547213e-01,0.000000000000000000e+00,0.000000000000000000e+00
8.281560148021787082e-01,0.000000000000000000e+00,0.000000000000000000e+00
8.292514592662028061e-01,0.000000000000000000e+00,0.000000000000000000e+00
8.303469037302269040e-01,0.000000000000000000e+00,0.000000000000000000e+00
8.314423481942508909e-01,0.000000000000000000e+00,0.000000000000000000e+00
8.325377926582748778e-01,0.000000000000000000e+00,0.000000000000000000e+00
8.336332371222990867e-01,0.000000000000000000e+00,0.000000000000000000e+00
8.347286815863230736e-01,0.000000000000000000e+00,0.000000000000000000e+00
8.358241260503470604e-01,0.000000000000000000e+00,0.000000000000000000e+00
8.369195705143711583e-01,0.000000000000000000e+00,0.000000000000000000e+00
8.380150149783952562e-01,0.000000000000000000e+00,0.000000000000000000e+00
8.391104594424192431e-01,0.000000000000000000e+00,0.000000000000000000e+00
8.402059039064432300e-01,0.000000000000000000e+00,0.000000000000000000e+00
8.413013483704673279e-01,0.000000000000000000e+00,0.000000000000000000e+00
8.423967928344914258e-01,0.000000000000000000e+00,0.000000000000000000e+00
8.434922372985154126e-01,0.000000000000000000e+00,0.000000000000000000e+00
8.445876817625395105e-01,0.000000000000000000e+00,0.000000000000000000e+00
8.456831262265634974e-01,0.000000000000000000e+00,0.000000000000000000e+00
8.467785706905875953e-01,0.000000000000000000e+00,0.000000000000000000e+00
8.478740151546115822e-01,0.000000000000000000e+00,0.000000000000000000e+00
8.489694596186356801e-01,0.000000000000000000e+00,0.000000000000000000e+00
8.500649040826596670e-01,0.000000000000000000e+00,0.000000000000000000e+00
8.511603485466836538e-01,0.000000000000000000e+00,0.000000000000000000e+00
8.522557930107078628e-01,0.000000000000000000e+00,0.000000000000000000e+00
8.533512374747318496e-01,0.000000000000000000e+00,0.000000000000000000e+00
8.544466819387558365e-01,0.000000000000000000e+00,0.000000000000000000e+00
8.555421264027798234e-01,0.000000000000000000e+00,0.000000000000000000e+00
8.566375708668040323e-01,0.000000000000000000e+00,0.000000000000000000e+00
8.577330153308280192e-01,0.000000000000000000e+00,0.000000000000000000e+00
8.588284597948520060e-01,0.000000000000000000e+00,0.000000000000000000e+00
8.599239042588761039e-01,0.000000000000000000e+00,0.000000000000000000e+00
8.610193487229002018e-01,0.000000000000000000e+00,0.000000000000000000e+00
8.621147931869241887e-01,0.000000000000000000e+00,0.000000000000000000e+00
8.632102376509482866e-01,0.000000000000000000e+00,0.000000000000000000e+00
8.643056821149722735e-01,0.000000000000000000e+00,0.000000000000000000e+00
8.654011265789963714e-01,0.000000000000000000e+00,0.000000000000000000e+00
8.664965710430203583e-01,0.000000000000000000e+00,0.000000000000000000e+00
8.675920155070444562e-01,0.000000000000000000e+00,0.000000000000000000e+00
8.686874599710684430e-01,0.000000000000000000e+00,0.000000000000000000e+00
8.697829044350925409e-01,0.000000000000000000e+00,0.000000000000000000e+00
8.708783488991166388e-01,0.000000000000000000e+00,0.000000000000000000e+00
8.719737933631406257e-01,0.000000000000000000e+00,0.000000000000000000e+00
8.730692378271646126e-01,0.000000000000000000e+00,0.000000000000000000e+00
8.741646822911887105e-01,0.000000000000000000e+00,0.000000000000000000e+00
8.752601267552128084e-01,0.000000000000000000e+00,0.000000000000000000e+00
8.763555712192367952e-01,0.000000000000000000e+00,0.000000000000000000e+00
8.774510156832607821e-01,0.000000000000000000e+00,0.000000000000000000e+00
8.785464601472848800e-01,0.000000000000000000e+00,0.000000000000000000e+00
8.796419046113088669e-01,0.000000000000000000e+00,0.000000000000000000e+00
8.807373490753328538e-01,0.000000000000000000e+00,0.000000000000000000e+00
8.818327935393570627e-01,0.000000000000000000e+00,0.000000000000000000e+00
8.829282380033811606e-01,0.000000000000000000e+00,0.000000000000000000e+00
8.840236824674051475e-01,0.000000000000000000e+00,0.000000000000000000e+00
8.851191269314291343e-01,0.000000000000000000e+00,0.000000000000000000e+00
8.862145713954532322e-01,0.000000000000000000e+00,0.000000000000000000e+00
8.873100158594772191e-01,0.000000000000000000e+00,0.000000000000000000e+00
8.884054603235012060e-01,0.000000000000000000e+00,0.000000000000000000e+00
8.895009047875253039e-01,0.000000000000000000e+00,0.000000000000000000e+00
8.905963492515495128e-01,0.000000000000000000e+00,0.000000000000000000e+00
8.916917937155734997e-01,0.000000000000000000e+00,0.000000000000000000e+00
8.927872381795974865e-01,0.000000000000000000e+00,0.000000000000000000e+00
8.938826826436215844e-01,0.000000000000000000e+00,0.000000000000000000e+00
8.949781271076455713e-01,0.000000000000000000e+00,0.000000000000000000e+00
8.960735715716695582e-01,0.000000000000000000e+00,0.000000000000000000e+00
8.971690160356936561e-01,0.000000000000000000e+00,0.000000000000000000e+00
8.982644604997176430e-01,0.000000000000000000e+00,0.000000000000000000e+00
8.993599049637418519e-01,0.000000000000000000e+00,0.000000000000000000e+00
9.004553494277658388e-01,0.000000000000000000e+00,0.000000000000000000e+00
9.015507938917899367e-01,0.000000000000000000e+00,0.000000000000000000e+00
9.026462383558139235e-01,0.000000000000000000e+00,0.000000000000000000e+00
9.037416828198379104e-01,0.000000000000000000e+00,0.000000000000000000e+00
9.048371272838620083e-01,0.000000000000000000e+00,0.000000000000000000e+00
9.059325717478859952e-01,0.000000000000000000e+00,0.000000000000000000e+00
9.070280162119099820e-01,0.000000000000000000e+00,0.000000000000000000e+00
9.081234606759340799e-01,0.000000000000000000e+00,0.000000000000000000e+00
9.092189051399582889e-01,0.000000000000000000e+00,0.000000000000000000e+00
9.103143496039822757e-01,0.000000000000000000e+00,0.000000000000000000e+00
9.114097940680062626e-01,0.000000000000000000e+00,0.000000000000000000e+00
9.125052385320303605e-01,0.000000000000000000e+00,0.000000000000000000e+00
9.136006829960543474e-01,0.000000000000000000e+00,0.000000000000000000e+00
9.146961274600783343e-01,0.000000000000000000e+00,0.000000000000000000e+00
9.157915719241024322e-01,0.000000000000000000e+00,0.000000000000000000e+00
9.168870163881264190e-01,0.000000000000000000e+00,0.000000000000000000e+00
9.179824608521506280e-01,0.000000000000000000e+00,0.000000000000000000e+00
9.190779053161746148e-01,0.000000000000000000e+00,0.000000000000000000e+00
9.201733497801987127e-01,0.000000000000000000e+00,0.000000000000000000e+00
9.212687942442226996e-01,0.000000000000000000e+00,0.000000000000000000e+00
9.223642387082466865e-01,0.000000000000000000e+00,0.000000000000000000e+00
9.234596831722707844e-01,0.000000000000000000e+00,0.000000000000000000e+00
9.245551276362947712e-01,0.000000000000000000e+00,0.000000000000000000e+00
9.256505721003187581e-01,0.000000000000000000e+00,0.000000000000000000e+00
9.267460165643429670e-01,0.000000000000000000e+00,0.000000000000000000e+00
9.278414610283670649e-01,0.000000000000000000e+00,0.000000000000000000e+00
9.289369054923910518e-01,0.000000000000000000e+00,0.000000000000000000e+00
9.300323499564150387e-01,0.000000000000000000e+00,0.000000000000000000e+00
9.311277944204391366e-01,0.000000000000000000e+00,0.000000000000000000e+00
9.322232388844631235e-01,0.000000000000000000e+00,0.000000000000000000e+00
9.333186833484871103e-01,0.000000000000000000e+00,0.000000000000000000e+00
9.344141278125112082e-01,0.000000000000000000e+00,0.000000000000000000e+00
9.355095722765351951e-01,0.000000000000000000e+00,0.000000000000000000e+00
9.366050167405594040e-01,0.000000000000000000e+00,0.000000000000000000e+00
9.377004612045833909e-01,0.000000000000000000e+00,0.000000000000000000e+00
9.387959056686074888e-01,0.000000000000000000e+00,0.000000000000000000e+00
9.398913501326314757e-01,0.000000000000000000e+00,0.000000000000000000e+00
9.409867945966554625e-01,0.000000000000000000e+00,0.000000000000000000e+00
9.420822390606795604e-01,0.000000000000000000e+00,0.000000000000000000e+00
9.431776835247035473e-01,0.000000000000000000e+00,0.000000000000000000e+00
9.442731279887275342e-01,0.000000000000000000e+00,0.000000000000000000e+00
9.453685724527517431e-01,0.000000000000000000e+00,0.000000000000000000e+00
9.464640169167758410e-01,0.000000000000000000e+00,0.000000000000000000e+00
9.475594613807998279e-01,0.000000000000000000e+00,0.000000000000000000e+00
9.486549058448238148e-01,0.000000000000000000e+00,0.000000000000000000e+00
9.497503503088479127e-01,0.000000000000000000e+00,0.000000000000000000e+00
9.508457947728718995e-01,0.000000000000000000e+00,0.000000000000000000e+00
9.519412392368958864e-01,0.000000000000000000e+00,0.000000000000000000e+00
9.530366837009199843e-01,0.000000000000000000e+00,0.000000000000000000e+00
9.541321281649441932e-01,0.000000000000000000e+00,0.000000000000000000e+00
9.552275726289681801e-01,0.000000000000000000e+00,0.000000000000000000e+00
9.563230170929921670e-01,0.000000000000000000e+00,0.000000000000000000e+00
9.574184615570162649e-01,0.000000000000000000e+00,0.000000000000000000e+00
9.585139060210402517e-01,0.000000000000000000e+00,0.000000000000000000e+00
9.596093504850642386e-01,0.000000000000000000e+00,0.000000000000000000e+00
9.607047949490883365e-01,0.000000000000000000e+00,0.000000000000000000e+00
9.618002394131123234e-01,0.000000000000000000e+00,0.000000000000000000e+00
9.628956838771363103e-01,0.000000000000000000e+00,0.000000000000000000e+00
9.639911283411605192e-01,0.000000000000000000e+00,0.000000000000000000e+00
9.650865728051846171e-01,0.000000000000000000e+00,0.000000000000000000e+00
9.661820172692086039e-01,0.000000000000000000e+00,0.000000000000000000e+00
9.672774617332325908e-01,0.000000000000000000e+00,0.000000000000000000e+00
9.683729061972566887e-01,0.000000000000000000e+00,0.000000000000000000e+00
9.694683506612806756e-01,0.000000000000000000e+00,0.000000000000000000e+00
9.705637951253046625e-01,0.000000000000000000e+00,0.000000000000000000e+00
9.716592395893287604e-01,0.000000000000000000e+00,0.000000000000000000e+00
9.727546840533529693e-01,0.000000000000000000e+00,0.000000000000000000e+00
9.738501285173769562e-01,0.000000000000000000e+00,0.000000000000000000e+00
9.749455729814009430e-01,0.000000000000000000e+00,0.000000000000000000e+00
9.760410174454250409e-01,0.000000000000000000e+00,0.000000000000000000e+00
9.771364619094490278e-01,0.000000000000000000e+00,0.000000000000000000e+00
9.782319063734730147e-01,0.000000000000000000e+00,0.000000000000000000e+00
9.793273508374971126e-01,0.000000000000000000e+00,0.000000000000000000e+00
9.804227953015210995e-01,0.000000000000000000e+00,0.000000000000000000e+00
9.815182397655453084e-01,0.000000000000000000e+00,0.000000000000000000e+00
9.826136842295692952e-01,0.000000000000000000e+00,0.000000000000000000e+00
9.837091286935933931e-01,0.000000000000000000e+00,0.000000000000000000e+00
9.848045731576173800e-01,0.000000000000000000e+00,0.000000000000000000e+00
9.859000176216413669e-01,0.000000000000000000e+00,0.000000000000000000e+00
9.869954620856654648e-01,0.000000000000000000e+00,0.000000000000000000e+00
9.880909065496894517e-01,0.000000000000000000e+00,0.000000000000000000e+00
9.891863510137134385e-01,0.000000000000000000e+00,0.000000000000000000e+00
9.902817954777375364e-01,0.000000000000000000e+00,0.000000000000000000e+00
9.913772399417617454e-01,0.000000000000000000e+00,0.000000000000000000e+00
9.924726844057857322e-01,0.000000000000000000e+00,0.000000000000000000e+00
9.935681288698097191e-01,0.000000000000000000e+00,0.000000000000000000e+00
9.946635733338338170e-01,0.000000000000000000e+00,0.000000000000000000e+00
9.957590177978578039e-01,0.000000000000000000e+00,0.000000000000000000e+00
9.968544622618817908e-01,0.000000000000000000e+00,0.000000000000000000e+00
9.979499067259058886e-01,0.000000000000000000e+00,0.000000000000000000e+00
9.990453511899298755e-01,0.000000000000000000e+00,0.000000000000000000e+00
1.000140795653954084e+00,0.000000000000000000e+00,0.000000000000000000e+00
1.001236240117978182e+00,0.000000000000000000e+00,0.000000000000000000e+00
1.002331684582002058e+00,0.000000000000000000e+00,0.000000000000000000e+00
1.003427129046026156e+00,0.000000000000000000e+00,0.000000000000000000e+00
1.004522573510050254e+00,0.000000000000000000e+00,0.000000000000000000e+00
1.005618017974074130e+00,0.000000000000000000e+00,0.000000000000000000e+00
1.006713462438098228e+00,0.000000000000000000e+00,0.000000000000000000e+00
1.007808906902122326e+00,0.000000000000000000e+00,0.000000000000000000e+00
1.008904351366146424e+00,0.000000000000000000e+00,0.000000000000000000e+00
1.009999795830170521e+00,0.000000000000000000e+00,0.000000000000000000e+00
1.011095240294194397e+00,0.000000000000000000e+00,0.000000000000000000e+00
1.012190684758218495e+00,0.000000000000000000e+00,0.000000000000000000e+00
1.013286129222242593e+00,0.000000000000000000e+00,0.000000000000000000e+00
1.014381573686266469e+00,0.000000000000000000e+00,0.000000000000000000e+00
1.015477018150290567e+00,0.000000000000000000e+00,0.000000000000000000e+00
1.016572462614314665e+00,0.000000000000000000e+00,0.000000000000000000e+00
1.017667907078338541e+00,0.000000000000000000e+00,0.000000000000000000e+00
1.018763351542362861e+00,0.000000000000000000e+00,0.000000000000000000e+00
1.019858796006386958e+00,0.000000000000000000e+00,0.000000000000000000e+00
1.020954240470410834e+00,0.000000000000000000e+00,0.000000000000000000e+00
1.022049684934434932e+00,0.000000000000000000e+00,0.000000000000000000e+00
1.023145129398459030e+00,0.000000000000000000e+00,0.000000000000000000e+00
1.024240573862482906e+00,0.000000000000000000e+00,0.000000000000000000e+00
1.025336018326507004e+00,0.000000000000000000e+00,0.000000000000000000e+00
1.026431462790531102e+00,0.000000000000000000e+00,0.000000000000000000e+00
1.027526907254555200e+00,0.000000000000000000e+00,0.000000000000000000e+00
1.028622351718579297e+00,0.000000000000000000e+00,0.000000000000000000e+00
1.029717796182603173e+00,0.000000000000000000e+00,0.000000000000000000e+00
1.030813240646627271e+00,0.000000000000000000e+00,0.000000000000000000e+00
1.031908685110651369e+00,0.000000000000000000e+00,0.000000000000000000e+00
1.033004129574675245e+00,0.000000000000000000e+00,0.000000000000000000e+00
1.034099574038699343e+00,0.000000000000000000e+00,0.000000000000000000e+00
1.035195018502723441e+00,0.000000000000000000e+00,0.000000000000000000e+00
1.036290462966747539e+00,0.000000000000000000e+00,0.000000000000000000e+00
1.037385907430771637e+00,0.000000000000000000e+00,0.000000000000000000e+00
1.038481351894795734e+00,0.000000000000000000e+00,0.000000000000000000e+00
1.039576796358819610e+00,0.000000000000000000e+00,0.000000000000000000e+00
1.040672240822843708e+00,0.000000000000000000e+00,0.000000000000000000e+00
1.041767685286867806e+00,0.000000000000000000e+00,0.000000000000000000e+00
1.042863129750891682e+00,0.000000000000000000e+00,0.000000000000000000e+00
1.043958574214915780e+00,0.000000000000000000e+00,0.000000000000000000e+00
1.045054018678939878e+00,0.000000000000000000e+00,0.000000000000000000e+00
1.046149463142963976e+00,0.000000000000000000e+00,0.000000000000000000e+00
1.047244907606988074e+00,0.000000000000000000e+00,0.000000000000000000e+00
1.048340352071011949e+00,0.000000000000000000e+00,0.000000000000000000e+00
1.049435796535036047e+00,0.000000000000000000e+00,0.000000000000000000e+00
1.050531240999060145e+00,0.000000000000000000e+00,0.000000000000000000e+00
1.051626685463084021e+00,0.000000000000000000e+00,0.000000000000000000e+00
1.052722129927108119e+00,0.000000000000000000e+00,0.000000000000000000e+00
1.053817574391132217e+00,0.000000000000000000e+00,0.000000000000000000e+00
1.054913018855156315e+00,0.000000000000000000e+00,0.000000000000000000e+00
1.056008463319180413e+00,0.000000000000000000e+00,0.000000000000000000e+00
1.057103907783204511e+00,0.000000000000000000e+00,0.000000000000000000e+00
1.058199352247228386e+00,0.000000000000000000e+00,0.000000000000000000e+00
1.059294796711252484e+00,0.000000000000000000e+00,0.000000000000000000e+00
1.060390241175276582e+00,0.000000000000000000e+00,0.000000000000000000e+00
1.061485685639300458e+00,0.000000000000000000e+00,0.000000000000000000e+00
1.062581130103324556e+00,0.000000000000000000e+00,0.000000000000000000e+00
1.063676574567348654e+00,0.000000000000000000e+00,0.000000000000000000e+00
1.064772019031372752e+00,0.000000000000000000e+00,0.000000000000000000e+00
1.065867463495396850e+00,0.000000000000000000e+00,0.000000000000000000e+00
1.066962907959420725e+00,0.000000000000000000e+00,0.000000000000000000e+00
1.068058352423444823e+00,0.000000000000000000e+00,0.000000000000000000e+00
1.069153796887468921e+00,0.000000000000000000e+00,0.000000000000000000e+00
1.070249241351492797e+00,0.000000000000000000e+00,0.000000000000000000e+00
1.071344685815516895e+00,0.000000000000000000e+00,0.000000000000000000e+00
1.072440130279540993e+00,0.000000000000000000e+00,0.000000000000000000e+00
1.073535574743565091e+00,0.000000000000000000e+00,0.000000000000000000e+00
1.074631019207589189e+00,0.000000000000000000e+00,0.000000000000000000e+00
1.075726463671613287e+00,0.000000000000000000e+00,0.000000000000000000e+00
1.076821908135637162e+00,0.000000000000000000e+00,0.000000000000000000e+00
1.077917352599661260e+00,0.000000000000000000e+00,0.000000000000000000e+00
1.079012797063685358e+00,0.000000000000000000e+00,0.000000000000000000e+00
1.080108241527709234e+00,0.000000000000000000e+00,0.000000000000000000e+00
1.081203685991733332e+00,0.000000000000000000e+00,0.000000000000000000e+00
1.082299130455757430e+00,0.000000000000000000e+00,0.000000000000000000e+00
1.083394574919781528e+00,0.000000000000000000e+00,0.000000000000000000e+00
1.084490019383805626e+00,0.000000000000000000e+00,0.000000000000000000e+00
1.085585463847829502e+00,0.000000000000000000e+00,0.000000000000000000e+00
1.086680908311853599e+00,0.000000000000000000e+00,0.000000000000000000e+00
1.087776352775877697e+00,0.000000000000000000e+00,0.000000000000000000e+00
1.088871797239901573e+00,0.000000000000000000e+00,0.000000000000000000e+00
1.089967241703925671e+00,0.000000000000000000e+00,0.000000000000000000e+00
1.091062686167949991e+00,0.000000000000000000e+00,0.000000000000000000e+00
1.092158130631973867e+00,0.000000000000000000e+00,0.000000000000000000e+00
1.093253575095997965e+00,0.000000000000000000e+00,0.000000000000000000e+00
1.094349019560022063e+00,0.000000000000000000e+00,0.000000000000000000e+00
1.095444464024045939e+00,0.000000000000000000e+00,0.000000000000000000e+00
1.096539908488070036e+00,0.000000000000000000e+00,0.000000000000000000e+00
1.097635352952094134e+00,0.000000000000000000e+00,0.000000000000000000e+00
1.098730797416118010e+00,0.000000000000000000e+00,0.000000000000000000e+00
1.099826241880142108e+00,0.000000000000000000e+00,0.000000000000000000e+00
1.100921686344166206e+00,0.000000000000000000e+00,0.000000000000000000e+00
1.102017130808190304e+00,0.000000000000000000e+00,0.000000000000000000e+00
1.103112575272214402e+00,0.000000000000000000e+00,0.000000000000000000e+00
1.104208019736238278e+00,0.000000000000000000e+00,0.000000000000000000e+00
1.105303464200262376e+00,0.000000000000000000e+00,0.000000000000000000e+00
1.106398908664286473e+00,0.000000000000000000e+00,0.000000000000000000e+00
1.107494353128310349e+00,0.000000000000000000e+00,0.000000000000000000e+00
1.108589797592334447e+00,0.000000000000000000e+00,0.000000000000000000e+00
1.109685242056358767e+00,0.000000000000000000e+00,0.000000000000000000e+00
1.110780686520382643e+00,0.000000000000000000e+00,0.000000000000000000e+00
1.111876130984406741e+00,0.000000000000000000e+00,0.000000000000000000e+00
1.112971575448430839e+00,0.000000000000000000e+00,0.000000000000000000e+00
1.114067019912454715e+00,0.000000000000000000e+00,0.000000000000000000e+00
1.115162464376478813e+00,0.000000000000000000e+00,0.000000000000000000e+00
1.116257908840502910e+00,0.000000000000000000e+00,0.000000000000000000e+00
1.117353353304526786e+00,0.000000000000000000e+00,0.000000000000000000e+00
1.118448797768551106e+00,0.000000000000000000e+00,0.000000000000000000e+00
1.119544242232574982e+00,0.000000000000000000e+00,0.000000000000000000e+00
1.120639686696599080e+00,0.000000000000000000e+00,0.000000000000000000e+00
1.121735131160623178e+00,0.000000000000000000e+00,0.000000000000000000e+00
1.122830575624647054e+00,0.000000000000000000e+00,0.000000000000000000e+00
1.123926020088671152e+00,0.000000000000000000e+00,0.000000000000000000e+00
1.125021464552695249e+00,0.000000000000000000e+00,0.000000000000000000e+00
1.126116909016719125e+00,0.000000000000000000e+00,0.000000000000000000e+00
1.127212353480743223e+00,0.000000000000000000e+00,0.000000000000000000e+00
1.128307797944767543e+00,0.000000000000000000e+00,0.000000000000000000e+00
1.129403242408791419e+00,0.000000000000000000e+00,0.000000000000000000e+00
1.130498686872815517e+00,0.000000000000000000e+00,0.000000000000000000e+00
1.131594131336839615e+00,0.000000000000000000e+00,0.000000000000000000e+00
1.132689575800863491e+00,0.000000000000000000e+00,0.000000000000000000e+00
1.133785020264887589e+00,0.000000000000000000e+00,0.000000000000000000e+00
1.134880464728911686e+00,0.000000000000000000e+00,0.000000000000000000e+00
1.135975909192935562e+00,0.000000000000000000e+00,0.000000000000000000e+00
1.137071353656959882e+00,0.000000000000000000e+00,0.000000000000000000e+00
1.138166798120983758e+00,0.000000000000000000e+00,0.000000000000000000e+00
1.139262242585007856e+00,0.000000000000000000e+00,0.000000000000000000e+00
1.140357687049031954e+00,0.000000000000000000e+00,0.000000000000000000e+00
1.141453131513055830e+00,0.000000000000000000e+00,0.000000000000000000e+00
1.142548575977079928e+00,0.000000000000000000e+00,0.000000000000000000e+00
1.143644020441104026e+00,0.000000000000000000e+00,0.000000000000000000e+00
1.144739464905127901e+00,0.000000000000000000e+00,0.000000000000000000e+00
1.145834909369152221e+00,0.000000000000000000e+00,0.000000000000000000e+00
1.146930353833176319e+00,0.000000000000000000e+00,0.000000000000000000e+00
1.148025798297200195e+00,0.000000000000000000e+00,0.000000000000000000e+00
1.149121242761224293e+00,0.000000000000000000e+00,0.000000000000000000e+00
1.150216687225248391e+00,0.000000000000000000e+00,0.000000000000000000e+00
1.151312131689272267e+00,0.000000000000000000e+00,0.000000000000000000e+00
1.152407576153296365e+00,0.000000000000000000e+00,0.000000000000000000e+00
1.153503020617320463e+00,0.000000000000000000e+00,0.000000000000000000e+00
1.154598465081344338e+00,0.000000000000000000e+00,0.000000000000000000e+00
1.155693909545368658e+00,0.000000000000000000e+00,0.000000000000000000e+00
1.156789354009392534e+00,0.000000000000000000e+00,0.000000000000000000e+00
1.157884798473416632e+00,0.000000000000000000e+00,0.000000000000000000e+00
1.158980242937440730e+00,0.000000000000000000e+00,0.000000000000000000e+00
1.160075687401464606e+00,0.000000000000000000e+00,0.000000000000000000e+00
1.161171131865488704e+00,0.000000000000000000e+00,0.000000000000000000e+00
1.162266576329512802e+00,0.000000000000000000e+00,0.000000000000000000e+00
1.163362020793536677e+00,0.000000000000000000e+00,0.000000000000000000e+00
1.164457465257560997e+00,0.000000000000000000e+00,0.000000000000000000e+00
1.165552909721585095e+00,0.000000000000000000e+00,0.000000000000000000e+00
1.166648354185608971e+00,0.000000000000000000e+00,0.000000000000000000e+00
1.167743798649633069e+00,0.000000000000000000e+00,0.000000000000000000e+00
1.168839243113657167e+00,0.000000000000000000e+00,0.000000000000000000e+00
1.169934687577681043e+00,0.000000000000000000e+00,0.000000000000000000e+00
1.171030132041705141e+00,0.000000000000000000e+00,0.000000000000000000e+00
1.172125576505729239e+00,0.000000000000000000e+00,0.000000000000000000e+00
1.173221020969753337e+00,0.000000000000000000e+00,0.000000000000000000e+00
1.174316465433777434e+00,0.000000000000000000e+00,0.000000000000000000e+00
1.175411909897801310e+00,0.000000000000000000e+00,0.000000000000000000e+00
1.176507354361825408e+00,0.000000000000000000e+00,0.000000000000000000e+00
1.177602798825849506e+00,0.000000000000000000e+00,0.000000000000000000e+00
1.178698243289873382e+00,0.000000000000000000e+00,0.000000000000000000e+00
1.179793687753897480e+00,0.000000000000000000e+00,0.000000000000000000e+00
1.180889132217921578e+00,0.000000000000000000e+00,0.000000000000000000e+00
1.181984576681945454e+00,0.000000000000000000e+00,0.000000000000000000e+00
1.183080021145969773e+00,0.000000000000000000e+00,0.000000000000000000e+00
1.184175465609993871e+00,0.000000000000000000e+00,0.000000000000000000e+00
1.185270910074017747e+00,0.000000000000000000e+00,0.000000000000000000e+00
1.186366354538041845e+00,0.000000000000000000e+00,0.000000000000000000e+00
1.187461799002065943e+00,0.000000000000000000e+00,0.000000000000000000e+00
1.188557243466089819e+00,0.000000000000000000e+00,0.000000000000000000e+00
1.189652687930113917e+00,0.000000000000000000e+00,0.000000000000000000e+00
1.190748132394138015e+00,0.000000000000000000e+00,0.000000000000000000e+00
1.191843576858162113e+00,0.000000000000000000e+00,0.000000000000000000e+00
1.192939021322186210e+00,0.000000000000000000e+00,0.000000000000000000e+00
1.194034465786210086e+00,0.000000000000000000e+00,0.000000000000000000e+00
1.195129910250234184e+00,0.000000000000000000e+00,0.000000000000000000e+00
1.196225354714258282e+00,0.000000000000000000e+00,0.000000000000000000e+00
1.197320799178282158e+00,0.000000000000000000e+00,0.000000000000000000e+00
1.198416243642306256e+00,0.000000000000000000e+00,0.000000000000000000e+00
1.199511688106330354e+00,0.000000000000000000e+00,0.000000000000000000e+00
1.200607132570354452e+00,0.000000000000000000e+00,0.000000000000000000e+00
1.201702577034378550e+00,0.000000000000000000e+00,0.000000000000000000e+00
1.202798021498402647e+00,0.000000000000000000e+00,0.000000000000000000e+00
1.203893465962426523e+00,0.000000000000000000e+00,0.000000000000000000e+00
1.204988910426450621e+00,0.000000000000000000e+00,0.000000000000000000e+00
1.206084354890474719e+00,0.000000000000000000e+00,0.000000000000000000e+00
1.207179799354498595e+00,0.000000000000000000e+00,0.000000000000000000e+00
1.208275243818522693e+00,0.000000000000000000e+00,0.000000000000000000e+00
1.209370688282546791e+00,0.000000000000000000e+00,0.000000000000000000e+00
1.210466132746570889e+00,0.000000000000000000e+00,0.000000000000000000e+00
1.211561577210594987e+00,0.000000000000000000e+00,0.000000000000000000e+00
1.212657021674618862e+00,0.000000000000000000e+00,0.000000000000000000e+00
1.213752466138642960e+00,0.000000000000000000e+00,0.000000000000000000e+00
1.214847910602667058e+00,0.000000000000000000e+00,0.000000000000000000e+00
1.215943355066690934e+00,0.000000000000000000e+00,0.000000000000000000e+00
1.217038799530715032e+00,0.000000000000000000e+00,0.000000000000000000e+00
1.218134243994739130e+00,0.000000000000000000e+00,0.000000000000000000e+00
1.219229688458763228e+00,0.000000000000000000e+00,0.000000000000000000e+00
1.220325132922787326e+00,0.000000000000000000e+00,0.000000000000000000e+00
1.221420577386811424e+00,0.000000000000000000e+00,0.000000000000000000e+00
1.222516021850835299e+00,0.000000000000000000e+00,0.000000000000000000e+00
1.223611466314859397e+00,0.000000000000000000e+00,0.000000000000000000e+00
1.224706910778883495e+00,0.000000000000000000e+00,0.000000000000000000e+00
1.225802355242907371e+00,0.000000000000000000e+00,0.000000000000000000e+00
1.226897799706931469e+00,0.000000000000000000e+00,0.000000000000000000e+00
1.227993244170955567e+00,0.000000000000000000e+00,0.000000000000000000e+00
1.229088688634979665e+00,0.000000000000000000e+00,0.000000000000000000e+00
1.230184133099003763e+00,0.000000000000000000e+00,0.000000000000000000e+00
1.231279577563027638e+00,0.000000000000000000e+00,0.000000000000000000e+00
1.232375022027051736e+00,0.000000000000000000e+00,0.000000000000000000e+00
1.233470466491075834e+00,0.000000000000000000e+00,0.000000000000000000e+00
1.234565910955099710e+00,0.000000000000000000e+00,0.000000000000000000e+00
1.235661355419123808e+00,0.000000000000000000e+00,0.000000000000000000e+00
1.236756799883147906e+00,0.000000000000000000e+00,0.000000000000000000e+00
1.237852244347172004e+00,0.000000000000000000e+00,0.000000000000000000e+00
1.238947688811196102e+00,0.000000000000000000e+00,0.000000000000000000e+00
1.240043133275220200e+00,0.000000000000000000e+00,0.000000000000000000e+00
1.241138577739244075e+00,0.000000000000000000e+00,0.000000000000000000e+00
1.242234022203268173e+00,0.000000000000000000e+00,0.000000000000000000e+00
1.243329466667292271e+00,0.000000000000000000e+00,0.000000000000000000e+00
1.244424911131316147e+00,0.000000000000000000e+00,0.000000000000000000e+00
1.245520355595340245e+00,0.000000000000000000e+00,0.000000000000000000e+00
1.246615800059364343e+00,0.000000000000000000e+00,0.000000000000000000e+00
1.247711244523388441e+00,0.000000000000000000e+00,0.000000000000000000e+00
1.248806688987412539e+00,0.000000000000000000e+00,0.000000000000000000e+00
1.249902133451436415e+00,0.000000000000000000e+00,0.000000000000000000e+00
1.250997577915460512e+00,0.000000000000000000e+00,0.000000000000000000e+00
1.252093022379484610e+00,0.000000000000000000e+00,0.000000000000000000e+00
1.253188466843508486e+00,0.000000000000000000e+00,0.000000000000000000e+00
1.254283911307532584e+00,0.000000000000000000e+00,0.000000000000000000e+00
1.255379355771556904e+00,0.000000000000000000e+00,0.000000000000000000e+00
1.256474800235580780e+00,0.000000000000000000e+00,0.000000000000000000e+00
1.257570244699604878e+00,0.000000000000000000e+00,0.000000000000000000e+00
1.258665689163628976e+00,0.000000000000000000e+00,0.000000000000000000e+00
1.259761133627652852e+00,0.000000000000000000e+00,0.000000000000000000e+00
1.260856578091676949e+00,0.000000000000000000e+00,0.000000000000000000e+00
1.261952022555701047e+00,0.000000000000000000e+00,0.000000000000000000e+00
1.263047467019724923e+00,0.000000000000000000e+00,0.000000000000000000e+00
1.264142911483749021e+00,0.000000000000000000e+00,0.000000000000000000e+00
1.265238355947773119e+00,0.000000000000000000e+00,0.000000000000000000e+00
1.266333800411797217e+00,0.000000000000000000e+00,0.000000000000000000e+00
1.267429244875821315e+00,0.000000000000000000e+00,0.000000000000000000e+00
1.268524689339845191e+00,0.000000000000000000e+00,0.000000000000000000e+00
1.269620133803869289e+00,0.000000000000000000e+00,0.000000000000000000e+00
1.270715578267893386e+00,0.000000000000000000e+00,0.000000000000000000e+00
1.271811022731917262e+00,0.000000000000000000e+00,0.000000000000000000e+00
1.272906467195941360e+00,0.000000000000000000e+00,0.000000000000000000e+00
1.274001911659965680e+00,0.000000000000000000e+00,0.000000000000000000e+00
1.275097356123989556e+00,0.000000000000000000e+00,0.000000000000000000e+00
1.276192800588013654e+00,0.000000000000000000e+00,0.000000000000000000e+00
1.277288245052037752e+00,0.000000000000000000e+00,0.000000000000000000e+00
1.278383689516061628e+00,0.000000000000000000e+00,0.000000000000000000e+00
1.279479133980085725e+00,0.000000000000000000e+00,0.000000000000000000e+00
1.280574578444109823e+00,0.000000000000000000e+00,0.000000000000000000e+00
1.281670022908133699e+00,0.000000000000000000e+00,0.000000000000000000e+00
1.282765467372158019e+00,0.000000000000000000e+00,0.000000000000000000e+00
1.283860911836181895e+00,0.000000000000000000e+00,0.000000000000000000e+00
1.284956356300205993e+00,0.000000000000000000e+00,0.000000000000000000e+00
1.286051800764230091e+00,0.000000000000000000e+00,0.000000000000000000e+00
1.287147245228253967e+00,0.000000000000000000e+00,0.000000000000000000e+00
1.288242689692278065e+00,0.000000000000000000e+00,0.000000000000000000e+00
1.289338134156302162e+00,0.000000000000000000e+00,0.000000000000000000e+00
1.290433578620326038e+00,0.000000000000000000e+00,0.000000000000000000e+00
1.291529023084350136e+00,0.000000000000000000e+00,0.000000000000000000e+00
1.292624467548374456e+00,0.000000000000000000e+00,0.000000000000000000e+00
1.293719912012398332e+00,0.000000000000000000e+00,0.000000000000000000e+00
1.294815356476422430e+00,0.000000000000000000e+00,0.000000000000000000e+00
1.295910800940446528e+00,0.000000000000000000e+00,0.000000000000000000e+00
1.297006245404470404e+00,0.000000000000000000e+00,0.000000000000000000e+00
1.298101689868494502e+00,0.000000000000000000e+00,0.000000000000000000e+00
1.299197134332518377e+00,0.000000000000000000e+00,0.000000000000000000e+00
1.300292578796542475e+00,0.000000000000000000e+00,0.000000000000000000e+00
1.301388023260566795e+00,0.000000000000000000e+00,0.000000000000000000e+00
1.302483467724590671e+00,0.000000000000000000e+00,0.000000000000000000e+00
1.303578912188614769e+00,0.000000000000000000e+00,0.000000000000000000e+00
1.304674356652638867e+00,0.000000000000000000e+00,0.000000000000000000e+00
1.305769801116662743e+00,0.000000000000000000e+00,0.000000000000000000e+00
1.306865245580686841e+00,0.000000000000000000e+00,0.000000000000000000e+00
1.307960690044710939e+00,0.000000000000000000e+00,0.000000000000000000e+00
1.309056134508734814e+00,0.000000000000000000e+00,0.000000000000000000e+00
1.310151578972759134e+00,0.000000000000000000e+00,0.000000000000000000e+00
1.311247023436783232e+00,0.000000000000000000e+00,0.000000000000000000e+00
1.312342467900807108e+00,0.000000000000000000e+00,0.000000000000000000e+00
1.313437912364831206e+00,0.000000000000000000e+00,0.000000000000000000e+00
1.314533356828855304e+00,0.000000000000000000e+00,0.000000000000000000e+00
1.315628801292879180e+00,0.000000000000000000e+00,0.000000000000000000e+00
1.316724245756903278e+00,0.000000000000000000e+00,0.000000000000000000e+00
1.317819690220927153e+00,0.000000000000000000e+00,0.000000000000000000e+00
1.318915134684951251e+00,0.000000000000000000e+00,0.000000000000000000e+00
1.320010579148975571e+00,0.000000000000000000e+00,0.000000000000000000e+00
1.321106023612999447e+00,0.000000000000000000e+00,0.000000000000000000e+00
1.322201468077023545e+00,0.000000000000000000e+00,0.000000000000000000e+00
1.323296912541047643e+00,0.000000000000000000e+00,0.000000000000000000e+00
1.324392357005071519e+00,0.000000000000000000e+00,0.000000000000000000e+00
1.325487801469095617e+00,0.000000000000000000e+00,0.000000000000000000e+00
1.326583245933119715e+00,0.000000000000000000e+00,0.000000000000000000e+00
1.327678690397143590e+00,0.000000000000000000e+00,0.000000000000000000e+00
1.328774134861167910e+00,0.000000000000000000e+00,0.000000000000000000e+00
1.329869579325192008e+00,0.000000000000000000e+00,0.000000000000000000e+00
1.330965023789215884e+00,0.000000000000000000e+00,0.000000000000000000e+00
1.332060468253239982e+00,0.000000000000000000e+00,0.000000000000000000e+00
1.333155912717263858e+00,0.000000000000000000e+00,0.000000000000000000e+00
1.334251357181287956e+00,0.000000000000000000e+00,0.000000000000000000e+00
1.335346801645312054e+00,0.000000000000000000e+00,0.000000000000000000e+00
1.336442246109335930e+00,0.000000000000000000e+00,0.000000000000000000e+00
1.337537690573360250e+00,0.000000000000000000e+00,0.000000000000000000e+00
1.338633135037384347e+00,0.000000000000000000e+00,0.000000000000000000e+00
1.339728579501408223e+00,0.000000000000000000e+00,0.000000000000000000e+00
1.340824023965432321e+00,0.000000000000000000e+00,0.000000000000000000e+00
1.341919468429456419e+00,0.000000000000000000e+00,0.000000000000000000e+00
1.343014912893480295e+00,0.000000000000000000e+00,0.000000000000000000e+00
1.344110357357504393e+00,0.000000000000000000e+00,0.000000000000000000e+00
1.345205801821528491e+00,0.000000000000000000e+00,0.000000000000000000e+00
1.346301246285552367e+00,0.000000000000000000e+00,0.000000000000000000e+00
1.347396690749576686e+00,0.000000000000000000e+00,0.000000000000000000e+00
1.348492135213600562e+00,0.000000000000000000e+00,0.000000000000000000e+00
1.349587579677624660e+00,0.000000000000000000e+00,0.000000000000000000e+00
1.350683024141648758e+00,0.000000000000000000e+00,0.000000000000000000e+00
1.351778468605672634e+00,0.000000000000000000e+00,0.000000000000000000e+00
1.352873913069696732e+00,0.000000000000000000e+00,0.000000000000000000e+00
1.353969357533720830e+00,0.000000000000000000e+00,0.000000000000000000e+00
1.355064801997744706e+00,0.000000000000000000e+00,0.000000000000000000e+00
1.356160246461769026e+00,0.000000000000000000e+00,0.000000000000000000e+00
1.357255690925793123e+00,0.000000000000000000e+00,0.000000000000000000e+00
1.358351135389816999e+00,0.000000000000000000e+00,0.000000000000000000e+00
1.359446579853841097e+00,0.000000000000000000e+00,0.000000000000000000e+00
1.360542024317865195e+00,0.000000000000000000e+00,0.000000000000000000e+00
1.361637468781889071e+00,0.000000000000000000e+00,0.000000000000000000e+00
1.362732913245913169e+00,0.000000000000000000e+00,0.000000000000000000e+00
1.363828357709937267e+00,0.000000000000000000e+00,0.000000000000000000e+00
1.364923802173961365e+00,0.000000000000000000e+00,0.000000000000000000e+00
1.366019246637985463e+00,0.000000000000000000e+00,0.000000000000000000e+00
1.367114691102009338e+00,0.000000000000000000e+00,0.000000000000000000e+00
1.368210135566033436e+00,0.000000000000000000e+00,0.000000000000000000e+00
1.369305580030057534e+00,0.000000000000000000e+00,0.000000000000000000e+00
