# omega(Hartree) S(1/Hartree) dS(1/Hartree)
1.095444464024046072e-03,4.357778601755923020e+00,8.399536172984644722e+00
2.190888928048092144e-03,4.324118806558170824e+00,5.722573072058340315e+00
3.286333392072138000e-03,4.299243935635722380e+00,3.473674875687726704e+00
4.381777856096184288e-03,4.282406773253462973e+00,2.189311702687473993e+00
5.477222320120230144e-03,4.272944564128270173e+00,1.638071116455216636e+00
6.572666784144275999e-03,4.270266499917775960e+00,1.402876030420469933e+00
7.668111248168322722e-03,4.273843160076808978e+00,1.293282362319673418e+00
8.763555712192368577e-03,4.283197577675116108e+00,1.253469786823780296e+00
9.859000176216414432e-03,4.297897661926165291e+00,1.252379014256911782e+00
1.095444464024046029e-02,4.317549758144444638e+00,1.268101243623815488e+00
1.204988910426450614e-02,4.341793165200290794e+00,1.288987225233796829e+00
1.314533356828855200e-02,4.370295462251046814e+00,1.310567039524713540e+00
1.424077803231259785e-02,4.402748522181860302e+00,1.331818497005275104e+00
1.533622249633664544e-02,4.438865109982805812e+00,1.352915678065559124e+00
1.643166696036068783e-02,4.478375981211988766e+00,1.374246436255257109e+00
1.752711142438473715e-02,4.521027409485014914e+00,1.396097231021435903e+00
1.862255588840878301e-02,4.566579083215599688e+00,1.418607770138646806e+00
1.971800035243282886e-02,4.614802321077606351e+00,1.441806429819624036e+00
2.081344481645687472e-02,4.665478563261008738e+00,1.465653725420052789e+00
2.190888928048092057e-02,4.718398101862439908e+00,1.490073728727590252e+00
2.300433374450496643e-02,4.773359018923926556e+00,1.514972138320749062e+00
2.409977820852901229e-02,4.830166304934556898e+00,1.540245000795488650e+00
2.519522267255305814e-02,4.888631134182142901e+00,1.565781995360799650e+00
2.629066713657710400e-02,4.948570276329735229e+00,1.591467097377313067e+00
2.738611160060114985e-02,5.009805626095835684e+00,1.617178201267637228e+00
2.848155606462519571e-02,5.072163835049267711e+00,1.642786642840367239e+00
2.957700052864924503e-02,5.135476031310983736e+00,1.668156861253792922e+00
3.067244499267329089e-02,5.199577614513223089e+00,1.693146389476228642e+00
3.176788945669733327e-02,5.264308114688025952e+00,1.717606171126592418e+00
3.286333392072137566e-02,5.329511104918169373e+00,1.741381140410596773e+00
3.395877838474542498e-02,5.395034158605234609e+00,1.764310969459839562e+00
3.505422284876947431e-02,5.460728843112486963e+00,1.786231036495346203e+00
3.614966731279351669e-02,5.526450742354557022e+00,1.806973402053828837e+00
3.724511177681756602e-02,5.592059501642951957e+00,1.826367842861134516e+00
3.834055624084160840e-02,5.657418888770533449e+00,1.844242661771961389e+00
3.943600070486565773e-02,5.722396865938680577e+00,1.860425013679274819e+00
4.053144516888970011e-02,5.786865667709732541e+00,1.874740257393674225e+00
4.162688963291374944e-02,5.850701880706415281e+00,1.887009509106788663e+00
4.272233409693779183e-02,5.913786521285054221e+00,1.897044235586035743e+00
4.381777856096184115e-02,5.976005107887037759e+00,1.904636379280608693e+00
4.491322302498588354e-02,6.037247725221384087e+00,1.909542395450283703e+00
4.600866748900993286e-02,6.097409077852809389e+00,1.911460258862162531e+00
4.710411195303397525e-02,6.156388531171519851e+00,1.910000826984664224e+00
4.819955641705802457e-02,6.214090138090788251e+00,1.904660886311370538e+00
4.929500088108207390e-02,6.270422650173586909e+00,1.894816680983790969e+00
5.039044534510611628e-02,6.325299512214731301e+00,1.879777418278904211e+00
5.148588980913015867e-02,6.378638839610128564e+00,1.858968785046510863e+00
5.258133427315420799e-02,6.430363378126561003e+00,1.832352381936080299e+00
5.367677873717825038e-02,6.480400445944225929e+00,1.801201067216505303e+00
5.477222320120229970e-02,6.528681858079972145e+00,1.769268654875979729e+00
5.586766766522634903e-02,6.575143833514201397e+00,1.744071623671914706e+00
5.696311212925039141e-02,6.619726885536199923e+00,1.737373504429382320e+00
5.805855659327444074e-02,6.662375695994646740e+00,1.763812350802211437e+00
5.915400105729849006e-02,6.703038974291316343e+00,1.839833557776056505e+00
6.024944552132253245e-02,6.741669302088594939e+00,1.994095945888704424e+00
6.134488998534658177e-02,6.778222964815229901e+00,2.303090893786640336e+00
6.244033444937061722e-02,6.812659771152137722e+00,2.921849762798220507e+00
6.353577891339466654e-02,6.844942861762359776e+00,4.013959264553941253e+00
6.463122337741870893e-02,6.875038508596210463e+00,5.603447094206243762e+00
6.572666784144275132e-02,6.902915906158450632e+00,7.504241953468414827e+00
6.682211230546680758e-02,6.928546956167256354e+00,9.348842856659265621e+00
6.791755676949084997e-02,6.951906047070539607e+00,1.069053116889252308e+01
6.901300123351489235e-02,6.972969829910233841e+00,1.116338548971746825e+01
7.010844569753894862e-02,6.991716992045431844e+00,1.063540937139040743e+01
7.120389016156299100e-02,7.008128030261097763e+00,9.269005693885768338e+00
7.229933462558703339e-02,7.022185024798907271e+00,7.450755206739651193e+00
7.339477908961108965e-02,7.033871415857417375e+00,5.631491961773563482e+00
7.449022355363513204e-02,7.043171784115929590e+00,4.160029086151348032e+00
7.558566801765917442e-02,7.050071636845178347e+00,3.174520972012664366e+00
7.668111248168321681e-02,7.054557201176673509e+00,2.595356875987107070e+00
7.777655694570725919e-02,7.056615226114069550e+00,2.250522028268481911e+00
7.887200140973131546e-02,7.056232794881935888e+00,2.019807667473255020e+00
7.996744587375535784e-02,7.053397149223476603e+00,1.859315917774729821e+00
8.106289033777940023e-02,7.048095527276361238e+00,1.757742852466929850e+00
8.215833480180345649e-02,7.040315016675092075e+00,1.705032193836763632e+00
8.325377926582749888e-02,7.030042424550010161e+00,1.686329355723828805e+00
8.434922372985154126e-02,7.017264166114321355e+00,1.686834222667624283e+00
8.544466819387558365e-02,7.001966173550609795e+00,1.695904426660587161e+00
8.654011265789963991e-02,6.984133826925986277e+00,1.707652139617201303e+00
8.763555712192368230e-02,6.963751908876420593e+00,1.719638949102536785e+00
8.873100158594772469e-02,6.940804584805808197e+00,1.731320867561025878e+00
8.982644604997176707e-02,6.915275410336045425e+00,1.742918145116097772e+00
9.092189051399580946e-02,6.887147367723890135e+00,1.754780957365740912e+00
9.201733497801986572e-02,6.856402932916732418e+00,1.767117838512240358e+00
9.311277944204390811e-02,6.823024174853214774e+00,1.779935030424423248e+00
9.420822390606795049e-02,6.786992888520302358e+00,1.793073723405368636e+00
9.530366837009200676e-02,6.748290763146227000e+00,1.806276596326861661e+00
9.639911283411604914e-02,6.706899586738654939e+00,1.819249390294920499e+00
9.749455729814009153e-02,6.662801487959310265e+00,1.831704979685736312e+00
9.859000176216414779e-02,6.615979216056084411e+00,1.843388832874547356e+00
9.968544622618819018e-02,6.566416459244443615e+00,1.854089738789572506e+00
1.007808906902122326e-01,6.514098201539530564e+00,1.863640628941450661e+00
1.018763351542362888e-01,6.459011117578906891e+00,1.871913835757154532e+00
1.029717796182603173e-01,6.401144004447108848e+00,1.878813889167279205e+00
1.040672240822843597e-01,6.340488248907854008e+00,1.884269835737518495e+00
1.051626685463084160e-01,6.277038327776231164e+00,1.888228213827899404e+00
1.062581130103324584e-01,6.210792338415538794e+00,1.890647158884877888e+00
1.073535574743565008e-01,6.141752555534714553e+00,1.891491806169319112e+00
1.084490019383805570e-01,6.069926009596587235e+00,1.890730865026118312e+00
1.095444464024045994e-01,5.995325081237849574e+00,1.888334208097805389e+00
1.106398908664286418e-01,5.917968105167524584e+00,1.884271266036185999e+00
1.117353353304526981e-01,5.837879976066991716e+00,1.878510013481428764e+00
1.128307797944767404e-01,5.755092748094604360e+00,1.871016376144421178e+00
1.139262242585007828e-01,5.669646218719047503e+00,1.861753905979016466e+00
1.150216687225248391e-01,5.581588486813718220e+00,1.850683601078328522e+00
1.161171131865488815e-01,5.490976474260940599e+00,1.837763756648197466e+00
1.172125576505729239e-01,5.397876399793321234e+00,1.822949754446490100e+00
1.183080021145969801e-01,5.302364193459788488e+00,1.806193687715891949e+00
1.194034465786210225e-01,5.204525840003803694e+00,1.787443673763628782e+00
1.204988910426450649e-01,5.104457639597947960e+00,1.766642668600544752e+00
1.215943355066691212e-01,5.002266374839733132e+00,1.743726456398454028e+00
1.226897799706931635e-01,4.898069373682709227e+00,1.718620289710410587e+00
1.237852244347171921e-01,4.791994459095301195e+00,1.691233285211814596e+00
1.248806688987412344e-01,4.684179777688923352e+00,1.661449098119748724e+00
1.259761133627652907e-01,4.574773501333371684e+00,1.629110484864254138e+00
1.270715578267893331e-01,4.463933397881987730e+00,1.593994053471425865e+00
1.281670022908133755e-01,4.351826269481811948e+00,1.555769962770520376e+00
1.292624467548374179e-01,4.238627259546282389e+00,1.513940302033380370e+00
1.303578912188614602e-01,4.124519032195482104e+00,1.467751968854693168e+00
1.314533356828855026e-01,4.009690830813826601e+00,1.416091651038993593e+00
1.325487801469095728e-01,3.894337425181015444e+00,1.357407223162963694e+00
1.336442246109336152e-01,3.778657959358354468e+00,1.289790645035541861e+00
1.347396690749576575e-01,3.662854715039997267e+00,1.211542596559868068e+00
1.358351135389816999e-01,3.547131807318288477e+00,1.122815299454133831e+00
1.369305580030057423e-01,3.431693831683357399e+00,1.029036143656115287e+00
1.380260024670297847e-01,3.316744482498136026e+00,9.462757512083570521e-01
1.391214469310538548e-01,3.202485164110227878e+00,9.136213996791048286e-01
1.402168913950778972e-01,3.089113616132061590e+00,1.061068057104865403e+00
1.413123358591019396e-01,2.976822574229281759e+00,1.723840451180334021e+00
1.424077803231259820e-01,2.865798487004867390e+00,3.178636676638906255e+00
1.435032247871500244e-01,2.756220308277685493e+00,5.218523083399953855e+00
1.445986692511740668e-01,2.648258382273257272e+00,6.987528680889790955e+00
1.456941137151981369e-01,2.542073437051367790e+00,7.378690112477164220e+00
1.467895581792221793e-01,2.437815698945465570e+00,6.085047884741703328e+00
1.478850026432462217e-01,2.335624137999494643e+00,4.113213316092038774e+00
1.489804471072702641e-01,2.235625851442371914e+00,2.738873288981770848e+00
1.500758915712943065e-01,2.137935589240071099e+00,2.069502129948594060e+00
1.511713360353183488e-01,2.042655422812710508e+00,1.638441892077896478e+00
1.522667804993423912e-01,1.949874555180300728e+00,1.368190322523005653e+00
1.533622249633664336e-01,1.859669268191574076e+00,1.252028369523009665e+00
1.544576694273904760e-01,1.772103000154783281e+00,1.194677656218850359e+00
1.555531138914145184e-01,1.687226545179953074e+00,1.126094218256560975e+00
1.566485583554385608e-01,1.605078363892330051e+00,1.033043466153578560e+00
1.577440028194626309e-01,1.525684993902565845e+00,9.278620789991626205e-01
1.588394472834866733e-01,1.449061547523743165e+00,8.266830308091398516e-01
1.599348917475107157e-01,1.375212283699461580e+00,7.417179235530910741e-01
1.610303362115347581e-01,1.304131240923751767e+00,6.788321244762808293e-01
1.621257806755588005e-01,1.235802918066008171e+00,6.370515219977528343e-01
1.632212251395828428e-01,1.170202990419746181e+00,6.103508473085414998e-01
1.643166696036069130e-01,1.107299048932751440e+00,5.911900271859197309e-01
1.654121140676309554e-01,1.047051351400057229e+00,5.735362954574200200e-01
1.665075585316549978e-01,9.894135753697286262e-01,5.540038672359787197e-01
1.676030029956790401e-01,9.343335635758576174e-01,5.315238795596933796e-01
1.686984474597030825e-01,8.817540538385524318e-01,5.064827754905464330e-01
1.697938919237271249e-01,8.316133865168326977e-01,4.799221067780189975e-01
1.708893363877511673e-01,7.838461837380821251e-01,4.529999407779939924e-01
1.719847808517752374e-01,7.383839957301751022e-01,4.267059274911705335e-01
1.730802253157992798e-01,6.951559106277492850e-01,4.017527336921941639e-01
1.741756697798233222e-01,6.540891250974943949e-01,3.785663481119831975e-01
1.752711142438473646e-01,6.151094740145011119e-01,3.573219558274664531e-01
1.763665587078714070e-01,5.781419182203316742e-01,3.379968120070055981e-01
1.774620031718954494e-01,5.431109900938034807e-01,3.204275187851983731e-01
1.785574476359194918e-01,5.099411972712118990e-01,3.043660668171584427e-01
1.796528920999435341e-01,4.785573853666672539e-01,2.895306256710004078e-01
1.807483365639675765e-01,4.488850609644028933e-01,2.756472368684175223e-01
1.818437810279916189e-01,4.208506764961197355e-01,2.624794639267880036e-01
1.829392254920156613e-01,3.943818788779132611e-01,2.498449730928344603e-01
1.840346699560397314e-01,3.694077239756570208e-01,2.376201933763485707e-01
1.851301144200637738e-01,3.458588590985109401e-01,2.257358103098719426e-01
1.862255588840878162e-01,3.236676757989233044e-01,2.141665204715819670e-01
1.873210033481118586e-01,3.027684352886217400e-01,2.029183069669097117e-01
1.884164478121359010e-01,2.830973687726540122e-01,1.920158067191866103e-01
1.895118922761599434e-01,2.645927549647381638e-01,1.814914572644142909e-01
1.906073367401840135e-01,2.471949769806837116e-01,1.713772695239076937e-01
1.917027812042080559e-01,2.308465607212232540e-01,1.616994041173001329e-01
1.927982256682320983e-01,2.154921967543594608e-01,1.524752766701963913e-01
1.938936701322561407e-01,2.010787475945526037e-01,1.437126727634263912e-01
1.949891145962801831e-01,1.875552421567789341e-01,1.354102749656569404e-01
1.960845590603042254e-01,1.748728590396166072e-01,1.275590410986559842e-01
1.971800035243282956e-01,1.629849001662928287e-01,1.201439739875311136e-01
1.982754479883523380e-01,1.518467561886113759e-01,1.131459475530961212e-01
1.993708924523763804e-01,1.414158649364617715e-01,1.065433741080940022e-01
2.004663369164004227e-01,1.316516640783435554e-01,1.003135975789205825e-01
2.015617813804244651e-01,1.225155390445705206e-01,9.443397127198235874e-02
2.026572258444485075e-01,1.139707671589571814e-01,8.888262775315891595e-02
2.037526703084725777e-01,1.059824588226304376e-01,8.363897650005007456e-02
2.048481147724966200e-01,9.851749650042897211e-02,7.868397780475322456e-02
2.059435592365206347e-01,9.154447217201291953e-02,7.400024396134058380e-02
2.070390037005446771e-01,8.503362382933062069e-02,6.957201535647786206e-02
2.081344481645687194e-01,7.895677152796545806e-02,6.538505261261777501e-02
2.092298926285927896e-01,7.328725343191326569e-02,6.142647848214596862e-02
2.103253370926168320e-01,6.799986222973392058e-02,5.768459578869757770e-02
2.114207815566408744e-01,6.307078224461024063e-02,5.414870103874173252e-02
2.125162260206649167e-01,5.847752751033020308e-02,5.080890752718431741e-02
2.136116704846889591e-01,5.419888104050720606e-02,4.765598693691606297e-02
2.147071149487130015e-01,5.021483547817091886e-02,4.468123451381094541e-02
2.158025594127370717e-01,4.650653527734990855e-02,4.187635982741945428e-02
2.168980038767611140e-01,4.305622053618660822e-02,3.923340281965690540e-02
2.179934483407851564e-01,3.984717257494813786e-02,3.674467320998313358e-02
2.190888928048091988e-01,3.686366132521470135e-02,3.440271027933801407e-02
2.201843372688332134e-01,3.409089457903161785e-02,3.220025950231512890e-02
2.212797817328572836e-01,3.151496912466749539e-02,3.013026233347459309e-02
2.223752261968813260e-01,2.912282378324253240e-02,2.818585559392713241e-02
2.234706706609053961e-01,2.690219434381680222e-02,2.636037724405776439e-02
2.245661151249294107e-01,2.484157038619291477e-02,2.464737580298220071e-02
2.256615595889534809e-01,2.293015396785149512e-02,2.304062119739518424e-02
2.267570040529774955e-01,2.115782014592182403e-02,2.153411535671655511e-02
2.278524485170015657e-01,1.951507929700680224e-02,2.012210136550598299e-02
2.289478929810256080e-01,1.799304119256266155e-02,1.879907041885269664e-02
2.300433374450496782e-01,1.658338078348841824e-02,1.755976618791636051e-02
2.311387819090736928e-01,1.527830564416572147e-02,1.639918648603681806e-02
2.322342263730977630e-01,1.407052502279655323e-02,1.531258233343384297e-02
2.333296708371217776e-01,1.295322044482604892e-02,1.429545466203653581e-02
2.344251153011458477e-01,1.192001781322693695e-02,1.334354898550192507e-02
2.355205597651698901e-01,1.096496094991776700e-02,1.245284840051355361e-02
2.366160042291939603e-01,1.008248652169482611e-02,1.161956529072268388e-02
2.377114486932179749e-01,9.267400295257310211e-03,1.084013208736902059e-02
2.388068931572420450e-01,8.514854664696060865e-03,1.011119140490474543e-02
2.399023376212660597e-01,7.820327397220862287e-03,9.429585829050663934e-03
2.409977820852901298e-01,7.179601543592113895e-03,8.792347588665413993e-03
2.420932265493141722e-01,6.588746459059670844e-03,8.196688294925248003e-03
2.431886710133382423e-01,6.044099885639035025e-03,7.639988893589501340e-03
2.442841154773622570e-01,5.542251043467244336e-03,7.119789932789210955e-03
2.453795599413863271e-01,5.080024684321405790e-03,6.633782221121744573e-03
2.464750044054103417e-01,4.654466059736738458e-03,6.179797921265166478e-03
2.475704488694343841e-01,4.262826758598689883e-03,5.755802103897205910e-03
2.486658933334584543e-01,3.902551369938749969e-03,5.359884768972860737e-03
2.497613377974824689e-01,3.571264930573967052e-03,4.990253332117171488e-03
2.508567822615065390e-01,3.266761114597904921e-03,4.645225559293060871e-03
2.519522267255305814e-01,2.986991128536540824e-03,4.323222934004292139e-03
2.530476711895546238e-01,2.730053273351277891e-03,4.022764431993911850e-03
2.541431156535786662e-01,2.494183138429773797e-03,3.742460679824981436e-03
2.552385601176027086e-01,2.277744393491033109e-03,3.481008472253094548e-03
2.563340045816267510e-01,2.079220145512800273e-03,3.237185623222299784e-03
2.574294490456507933e-01,1.897204830565177389e-03,3.009846128383507433e-03
2.585248935096748357e-01,1.730396609807642897e-03,2.797915615400629538e-03
2.596203379736989336e-01,1.577590242500104874e-03,2.600387063331387454e-03
2.607157824377229205e-01,1.437670408627334927e-03,2.416316771676650047e-03
2.618112269017470184e-01,1.309605455585208375e-03,2.244820562234477093e-03
2.629066713657710053e-01,1.192441545263517744e-03,2.085070199586900024e-03
2.640021158297951032e-01,1.085297177474836517e-03,1.936290014873044869e-03
2.650975602938191455e-01,9.873580687107192180e-04,1.797753721985361711e-03
2.661930047578431879e-01,8.978723649143879578e-04,1.668781414122061770e-03
2.672884492218672303e-01,8.161461686594500284e-04,1.548736730705412836e-03
2.683838936858912727e-01,7.415393621282134187e-04,1.437024185548427604e-03
2.694793381499153151e-01,6.734617079683531942e-04,1.333086647331754209e-03
2.705747826139393575e-01,6.113692115965874271e-04,1.236402965134652697e-03
2.716702270779633999e-01,5.547607282949066493e-04,1.146485730097741200e-03
2.727656715419874978e-01,5.031748013955683997e-04,1.062879168881121408e-03
2.738611160060114846e-01,4.561867155479057303e-04,9.851571587187802660e-04
2.749565604700355270e-01,4.134057533588119553e-04,9.129213612804454704e-04
2.760520049340595694e-01,3.744726415378740823e-04,8.457994669372932445e-04
2.771474493980836118e-01,3.390571750598182343e-04,7.834435446885204025e-04
2.782428938621077097e-01,3.068560081053995346e-04,7.255284924175474078e-04
2.793383383261316966e-01,2.775906005232687841e-04,6.717505808030663781e-04
2.804337827901557945e-01,2.510053106119045779e-04,6.218260877255599086e-04
2.815292272541797813e-01,2.268656239584295516e-04,5.754900164301569388e-04
2.826246717182038792e-01,2.049565099346592847e-04,5.324948939443921447e-04
2.837201161822279216e-01,1.850808971113240126e-04,4.926096443937197800e-04
2.848155606462519640e-01,1.670582599291659041e-04,4.556185334622743824e-04
2.859110051102760064e-01,1.507233089447949177e-04,4.213201791920673646e-04
2.870064495743000488e-01,1.359247779050096628e-04,3.895266257674446543e-04
2.881018940383240912e-01,1.225243007878605963e-04,3.600624756700614138e-04
2.891973385023481335e-01,1.103953732487756803e-04,3.327640783144948503e-04
2.902927829663721759e-01,9.942239159526803727e-05,3.074787685839992053e-04
2.913882274303962738e-01,8.949976526939019332e-05,2.840641561122218329e-04
2.924836718944202607e-01,8.053109627154922314e-05,2.623874578273358233e-04
2.935791163584443586e-01,7.242842225647496226e-05,2.423248754325082566e-04
2.946745608224683455e-01,6.511151740693377904e-05,2.237610106171065874e-04
2.957700052864924434e-01,5.850724824836552946e-05,2.065883197329224650e-04
2.968654497505164858e-01,5.254897901513310798e-05,1.907066005613884479e-04
2.979608942145405281e-01,4.717602479203205132e-05,1.760225153339128748e-04
2.990563386785645705e-01,4.233314713404974511e-05,1.624491413764660381e-04
3.001517831425886129e-01,3.797009011450129399e-05,1.499055512641966805e-04
3.012472276066126553e-01,3.404115368686039256e-05,1.383164202476672405e-04
3.023426720706366977e-01,3.050480124479795543e-05,1.276116578886805398e-04
3.034381165346607401e-01,2.732329919396942722e-05,1.177260638228719861e-04
3.045335609986847825e-01,2.446238572375579286e-05,1.085990044911778237e-04
3.056290054627088248e-01,2.189096708519215202e-05,1.001741117250538031e-04
3.067244499267328672e-01,1.958083851394013886e-05,9.239899850133037032e-05
3.078198943907569096e-01,1.750642885226422839e-05,8.522499500837317585e-05
3.089153388547809520e-01,1.564456610226605153e-05,7.860689955556440908e-05
3.100107833188050499e-01,1.397426313876621254e-05,7.250274746111557648e-05
3.111062277828290368e-01,1.247652070596474928e-05,6.687359034057706287e-05
3.122016722468531347e-01,1.113414846558545963e-05,6.168329604462467232e-05
3.132971167108771215e-01,9.931600132284416693e-06,5.689835496721480456e-05
3.143925611749012194e-01,8.854823396116179112e-06,5.248770172499022947e-05
3.154880056389252618e-01,7.891123038493035496e-06,4.842254951566176595e-05
3.165834501029493042e-01,7.029035423211821151e-06,4.467623191936482001e-05
3.176788945669733466e-01,6.258214181156342959e-06,4.122405587125992673e-05
3.187743390309973890e-01,5.569326442912644304e-06,3.804316726093450823e-05
3.198697834950214314e-01,4.953957304791314742e-06,3.511241893650826504e-05
3.209652279590454738e-01,4.404523949660741055e-06,3.241225492572594912e-05
3.220606724230695161e-01,3.914196243003609810e-06,2.992459370542972533e-05
3.231561168870936140e-01,3.476825789175533347e-06,2.763272852081142183e-05
3.242515613511176009e-01,3.086880091284096045e-06,2.552122437199190450e-05
3.253470058151416988e-01,2.739383760570228447e-06,2.357582974481302963e-05
3.264424502791656857e-01,2.429864828214555264e-06,2.178339234095450221e-05
3.275378947431897836e-01,2.154305236689457081e-06,2.013177352333260346e-05
3.286333392072138260e-01,1.909097326869981932e-06,1.860978091033894754e-05
3.297287836712378128e-01,1.691003198645655465e-06,1.720709513191131702e-05
3.308242281352619107e-01,1.497118335776239783e-06,1.591420552739187584e-05
3.319196725992858976e-01,1.324838620327864981e-06,1.472234993683361715e-05
3.330151170633099955e-01,1.171830476319027506e-06,1.362345873258893258e-05
3.341105615273339824e-01,1.036003908915666016e-06,1.261010343686990194e-05
3.352060059913580803e-01,9.154879762075773524e-07,1.167544728548696470e-05
3.363014504553821227e-01,8.086084567598130614e-07,1.081319688298585275e-05
3.373968949194061651e-01,7.138685187056054409e-07,1.001756828352051769e-05
3.384923393834302074e-01,6.299299688052222029e-07,9.283238557032317176e-06
3.395877838474542498e-01,5.555973955284355849e-07,8.605314722123521382e-06
3.406832283114782922e-01,4.898035816578921033e-07,7.979301711931267781e-06
3.417786727755023346e-01,4.315959222084502064e-07,7.401065701955517699e-06
3.428741172395263770e-01,3.801247311792511251e-07,6.866808340170969601e-06
3.439695617035504749e-01,3.346325605342237806e-07,6.373040907058081961e-06
3.450650061675744618e-01,2.944444860566471304e-07,5.916558622948827103e-06
3.461604506315985597e-01,2.589593606841465976e-07,5.494416391935170245e-06
3.472558950956225465e-01,2.276421607285546034e-07,5.103910638625425629e-06
3.483513395596466444e-01,2.000168131488118769e-07,4.742556447183944434e-06
3.494467840236706868e-01,1.756599571596241287e-07,4.408070456735183694e-06
3.505422284876947292e-01,1.541954064145470059e-07,4.098357000482774359e-06
3.516376729517187716e-01,1.352889549882676244e-07,3.811489841695207954e-06
3.527331174157428140e-01,1.186439113650380021e-07,3.545700020177045833e-06
3.538285618797668564e-01,1.039969471951951505e-07,3.299360564058550100e-06
3.549240063437908987e-01,9.111448840724732771e-08,3.070975259789164551e-06
3.560194508078149411e-01,7.978951586055044434e-08,2.859169664414673183e-06
3.571148952718389835e-01,6.983869557479653115e-08,2.662683232051154956e-06
3.582103397358630259e-01,6.109956480053743390e-08,2.480352751333098485e-06
3.593057841998870683e-01,5.342824802008847824e-08,2.311104383053178111e-06
3.604012286639111107e-01,4.669764909857241660e-08,2.153957274787746422e-06
3.614966731279351531e-01,4.079524942861920423e-08,2.008002183655866570e-06
3.625921175919592510e-01,3.562179880574322915e-08,1.872410803620474686e-06
3.636875620559832378e-01,3.108941542203804836e-08,1.746409262520483166e-06
3.647830065200073357e-01,2.712067040207658658e-08,1.629292466624890297e-06
3.658784509840313226e-01,2.364719902803993102e-08,1.520408267569027106e-06
3.669738954480554205e-01,2.060850034245680582e-08,1.419140972429203737e-06
3.680693399120794629e-01,1.795168502323955631e-08,1.324951754530282143e-06
3.691647843761035053e-01,1.562994141180471058e-08,1.237330167137290117e-06
3.702602288401275477e-01,1.360175918629071150e-08,1.155780768777943776e-06
3.713556733041515900e-01,1.183115901984909506e-08,1.079891066591146854e-06
3.724511177681756324e-01,1.028600512543755438e-08,1.009238197863665684e-06
3.735465622321996748e-01,8.938255919591776988e-09,9.434489224287316039e-07
3.746420066962237172e-01,7.763466160541075516e-09,8.822003721956311244e-07
3.757374511602478151e-01,6.739776229058186653e-09,8.251518103604340671e-07
3.768328956242718020e-01,5.848213187255766233e-09,7.720109519221580971e-07
3.779283400882958999e-01,5.072017612458577163e-09,7.224919340309135600e-07
3.790237845523198867e-01,4.396796717942712300e-09,6.763735558000618925e-07
3.801192290163439846e-01,3.809702897972758453e-09,6.334206536916432739e-07
3.812146734803680270e-01,3.299253376689319942e-09,5.933741008418290635e-07
3.823101179443920694e-01,2.855941827340524218e-09,5.560890209662380550e-07
3.834055624084161118e-01,2.470845373715892445e-09,5.213190587148063228e-07
3.845010068724400987e-01,2.136726876159656926e-09,4.889490371635022354e-07
3.855964513364641966e-01,1.846939326012885788e-09,4.588086512760365434e-07
3.866918958004882390e-01,1.595573870514787350e-09,4.307096991635574995e-07
3.877873402645122813e-01,1.377836484805179141e-09,4.045736454545758644e-07
3.888827847285363237e-01,1.189202995472811260e-09,3.802360937943201124e-07
3.899782291925603661e-01,1.025904312521210848e-09,3.575954508848030841e-07
3.910736736565844085e-01,8.845175903984697331e-10,3.365103865023960572e-07
3.921691181206084509e-01,7.623413435014828806e-10,3.169569596870460333e-07
3.932645625846324933e-01,6.566921781712692319e-10,2.987864774851200377e-07
3.943600070486565912e-01,5.654452420927497227e-10,2.819486788058628866e-07
3.954554515126805780e-01,4.865281054957638861e-10,2.662860489530934846e-07
3.965508959767046759e-01,4.184919098824106389e-10,2.518394537514255706e-07
3.976463404407286628e-01,3.597616777850267766e-10,2.384759332057283343e-07
3.987417849047527607e-01,3.092171950308989270e-10,2.262307739917033223e-07
3.998372293687768031e-01,2.852880838076084493e-10,2.308722359879978476e-07
4.009326738328008455e-01,2.854888293460493327e-10,2.561549137393861325e-07
4.020281182968248879e-01,2.856921358450815466e-10,2.849404188203789810e-07
4.031235627608489303e-01,2.858979684107036328e-10,3.178512159879465304e-07
4.042190072248729726e-01,2.861062926134402052e-10,3.556445130383687789e-07
4.053144516888970150e-01,2.863170744809162462e-10,3.992446684916733099e-07
4.064098961529210574e-01,2.865302804905731608e-10,4.497835936490749471e-07
4.075053406169451553e-01,2.867458775625241075e-10,5.086510864498741411e-07
4.086007850809691422e-01,2.869638330525455041e-10,5.775575070582232458e-07
4.096962295449932401e-01,2.871841147452015536e-10,6.586118088180859007e-07
4.107916740090172270e-01,2.874066908470973460e-10,7.544187168179413386e-07
4.118871184730412693e-01,2.876315299802613097e-10,8.681998566213094789e-07
4.129825629370653672e-01,2.878586011756507580e-10,1.003944950066046162e-06
4.140780074010893541e-01,2.880878738667787732e-10,1.166600903869930760e-06
4.151734518651134520e-01,2.883193178834627885e-10,1.362308831987541759e-06
4.162688963291374389e-01,2.885529034456853052e-10,1.598701915611731112e-06
4.173643407931615368e-01,2.887886011575753788e-10,1.885280694205095086e-06
4.184597852571855792e-01,2.890263820014939671e-10,2.233887131399110830e-06
4.195552297212096216e-01,2.892662173322354455e-10,2.659304917867537119e-06
4.206506741852336639e-01,2.895080788713318488e-10,3.180021368739203167e-06
4.217461186492577063e-01,2.897519387014638696e-10,3.819196488346891086e-06
4.228415631132817487e-01,2.899977692609737562e-10,4.605898027391160622e-06
4.239370075773057911e-01,2.902455433384778332e-10,5.576678597136039081e-06
4.250324520413298335e-01,2.904952340675785948e-10,6.777593381144729706e-06
4.261278965053539314e-01,2.907468149216733703e-10,8.266786347966823643e-06
4.272233409693779183e-01,2.910002597088542395e-10,1.011781129956577517e-05
4.283187854334020161e-01,2.912555425669036408e-10,1.242390447993951075e-05
4.294142298974260030e-01,2.915126379583788510e-10,1.530349167002386659e-05
4.305096743614501009e-01,2.917715206657822328e-10,1.890729989283972839e-05
4.316051188254741433e-01,2.920321657868242294e-10,2.342755907562107912e-05
4.327005632894981857e-01,2.922945487297647874e-10,2.910993209132008380e-05
4.337960077535222281e-01,2.925586452088404432e-10,3.626901664265616717e-05
4.348914522175462705e-01,2.928244312397752661e-10,4.530854104929931699e-05
4.359868966815703129e-01,2.930918831353641788e-10,5.674776374297330761e-05
4.370823411455943552e-01,2.933609775011435458e-10,7.125614771823226916e-05
4.381777856096183976e-01,2.936316912311313482e-10,8.969924531500437679e-05
4.392732300736424400e-01,2.939040015036438217e-10,1.132001752134830321e-04
4.403686745376664269e-01,2.941778857771860226e-10,1.432237476064854742e-04
4.414641190016905803e-01,2.944533217864167895e-10,1.816957448635030451e-04
4.425595634657145672e-01,2.947302875381758466e-10,2.311819091585251649e-04
4.436550079297386096e-01,2.950087613075930042e-10,2.951793264918333663e-04
4.447504523937626519e-01,2.952887216342468356e-10,3.786407355753032165e-04
4.458458968577867498e-01,2.955701473184096908e-10,4.890172010394073544e-04
4.469413413218107922e-01,2.958530174173422373e-10,6.384980251204670516e-04
4.480367857858347791e-01,2.961373112416591905e-10,8.490113417233691043e-04
4.491322302498588215e-01,2.964230083517516024e-10,1.163296602825849863e-03
4.502276747138829194e-01,2.967100885542798227e-10,1.668039847430364013e-03
4.513231191779069618e-01,2.969985318987135057e-10,2.537726935255359834e-03
4.524185636419310041e-01,2.972883186739399628e-10,4.118525359207663231e-03
4.535140081059549910e-01,2.975794294049281951e-10,7.583482869126757439e-03
4.546094525699791444e-01,2.978718448494440037e-10,8.200835823560517768e-02
4.557048970340031313e-01,0.000000000000000000e+00,0.000000000000000000e+00
4.568003414980271737e-01,0.000000000000000000e+00,0.000000000000000000e+00
4.578957859620512161e-01,0.000000000000000000e+00,0.000000000000000000e+00
4.589912304260753140e-01,0.000000000000000000e+00,0.000000000000000000e+00
4.600866748900993564e-01,0.000000000000000000e+00,0.000000000000000000e+00
4.611821193541233432e-01,0.000000000000000000e+00,0.000000000000000000e+00
4.622775638181473856e-01,0.000000000000000000e+00,0.000000000000000000e+00
4.633730082821714835e-01,0.000000000000000000e+00,0.000000000000000000e+00
4.644684527461955259e-01,0.000000000000000000e+00,0.000000000000000000e+00
4.655638972102195683e-01,0.000000000000000000e+00,0.000000000000000000e+00
4.666593416742435552e-01,0.000000000000000000e+00,0.000000000000000000e+00
4.677547861382675976e-01,0.000000000000000000e+00,0.000000000000000000e+00
4.688502306022916954e-01,0.000000000000000000e+00,0.000000000000000000e+00
4.699456750663157378e-01,0.000000000000000000e+00,0.000000000000000000e+00
4.710411195303397802e-01,0.000000000000000000e+00,0.000000000000000000e+00
4.721365639943637671e-01,0.000000000000000000e+00,0.000000000000000000e+00
4.732320084583879205e-01,0.000000000000000000e+00,0.000000000000000000e+00
4.743274529224119074e-01,0.000000000000000000e+00,0.000000000000000000e+00
4.754228973864359498e-01,0.000000000000000000e+00,0.000000000000000000e+00
4.765183418504599921e-01,0.000000000000000000e+00,0.000000000000000000e+00
4.776137863144840900e-01,0.000000000000000000e+00,0.000000000000000000e+00
4.787092307785081324e-01,0.000000000000000000e+00,0.000000000000000000e+00
4.798046752425321193e-01,0.000000000000000000e+00,0.000000000000000000e+00
4.809001197065561617e-01,0.000000000000000000e+00,0.000000000000000000e+00
4.819955641705802596e-01,0.000000000000000000e+00,0.000000000000000000e+00
4.830910086346043020e-01,0.000000000000000000e+00,0.000000000000000000e+00
4.841864530986283444e-01,0.000000000000000000e+00,0.000000000000000000e+00
4.852818975626523312e-01,0.000000000000000000e+00,0.000000000000000000e+00
4.863773420266764846e-01,0.000000000000000000e+00,0.000000000000000000e+00
4.874727864907004715e-01,0.000000000000000000e+00,0.000000000000000000e+00
4.885682309547245139e-01,0.000000000000000000e+00,0.000000000000000000e+00
4.896636754187485563e-01,0.000000000000000000e+00,0.000000000000000000e+00
4.907591198827726542e-01,0.000000000000000000e+00,0.000000000000000000e+00
4.918545643467966966e-01,0.000000000000000000e+00,0.000000000000000000e+00
4.929500088108206834e-01,0.000000000000000000e+00,0.000000000000000000e+00
4.940454532748447258e-01,0.000000000000000000e+00,0.000000000000000000e+00
4.951408977388687682e-01,0.000000000000000000e+00,0.000000000000000000e+00
4.962363422028928661e-01,0.000000000000000000e+00,0.000000000000000000e+00
4.973317866669169085e-01,0.000000000000000000e+00,0.000000000000000000e+00
4.984272311309408954e-01,0.000000000000000000e+00,0.000000000000000000e+00
4.995226755949649378e-01,0.000000000000000000e+00,0.000000000000000000e+00
5.006181200589890912e-01,0.000000000000000000e+00,0.000000000000000000e+00
5.017135645230130780e-01,0.000000000000000000e+00,0.000000000000000000e+00
5.028090089870370649e-01,0.000000000000000000e+00,0.000000000000000000e+00
5.039044534510611628e-01,0.000000000000000000e+00,0.000000000000000000e+00
5.049998979150852607e-01,0.000000000000000000e+00,0.000000000000000000e+00
5.060953423791092476e-01,0.000000000000000000e+00,0.000000000000000000e+00
5.071907868431332345e-01,0.000000000000000000e+00,0.000000000000000000e+00
5.082862313071573324e-01,0.000000000000000000e+00,0.000000000000000000e+00
5.093816757711814303e-01,0.000000000000000000e+00,0.000000000000000000e+00
5.104771202352054171e-01,0.000000000000000000e+00,0.000000000000000000e+00
5.115725646992295150e-01,0.000000000000000000e+00,0.000000000000000000e+00
5.126680091632535019e-01,0.000000000000000000e+00,0.000000000000000000e+00
5.137634536272775998e-01,0.000000000000000000e+00,0.000000000000000000e+00
5.148588980913015867e-01,0.000000000000000000e+00,0.000000000000000000e+00
5.159543425553256846e-01,0.000000000000000000e+00,0.000000000000000000e+00
5.170497870193496714e-01,0.000000000000000000e+00,0.000000000000000000e+00
5.181452314833737693e-01,0.000000000000000000e+00,0.000000000000000000e+00
5.192406759473978672e-01,0.000000000000000000e+00,0.000000000000000000e+00
5.203361204114218541e-01,0.000000000000000000e+00,0.000000000000000000e+00
5.214315648754458410e-01,0.000000000000000000e+00,0.000000000000000000e+00
5.225270093394699389e-01,0.000000000000000000e+00,0.000000000000000000e+00
5.236224538034940368e-01,0.000000000000000000e+00,0.000000000000000000e+00
5.247178982675180237e-01,0.000000000000000000e+00,0.000000000000000000e+00
5.258133427315420105e-01,0.000000000000000000e+00,0.000000000000000000e+00
5.269087871955661084e-01,0.000000000000000000e+00,0.000000000000000000e+00
5.280042316595902063e-01,0.000000000000000000e+00,0.000000000000000000e+00
5.290996761236141932e-01,0.000000000000000000e+00,0.000000000000000000e+00
5.301951205876382911e-01,0.000000000000000000e+00,0.000000000000000000e+00
5.312905650516622780e-01,0.000000000000000000e+00,0.000000000000000000e+00
5.323860095156863759e-01,0.000000000000000000e+00,0.000000000000000000e+00
5.334814539797103627e-01,0.000000000000000000e+00,0.000000000000000000e+00
5.345768984437344606e-01,0.000000000000000000e+00,0.000000000000000000e+00
5.356723429077584475e-01,0.000000000000000000e+00,0.000000000000000000e+00
5.367677873717825454e-01,0.000000000000000000e+00,0.000000000000000000e+00
5.378632318358066433e-01,0.000000000000000000e+00,0.000000000000000000e+00
5.389586762998306302e-01,0.000000000000000000e+00,0.000000000000000000e+00
5.400541207638546171e-01,0.000000000000000000e+00,0.000000000000000000e+00
5.411495652278787150e-01,0.000000000000000000e+00,0.000000000000000000e+00
5.422450096919028129e-01,0.000000000000000000e+00,0.000000000000000000e+00
5.433404541559267997e-01,0.000000000000000000e+00,0.000000000000000000e+00
5.444358986199507866e-01,0.000000000000000000e+00,0.000000000000000000e+00
5.455313430839749955e-01,0.000000000000000000e+00,0.000000000000000000e+00
5.466267875479989824e-01,0.000000000000000000e+00,0.000000000000000000e+00
5.477222320120229693e-01,0.000000000000000000e+00,0.000000000000000000e+00
5.488176764760470672e-01,0.000000000000000000e+00,0.000000000000000000e+00
5.499131209400710540e-01,0.000000000000000000e+00,0.000000000000000000e+00
5.510085654040951519e-01,0.000000000000000000e+00,0.000000000000000000e+00
5.521040098681191388e-01,0.000000000000000000e+00,0.000000000000000000e+00
5.531994543321432367e-01,0.000000000000000000e+00,0.000000000000000000e+00
5.542948987961672236e-01,0.000000000000000000e+00,0.000000000000000000e+00
5.553903432601913215e-01,0.000000000000000000e+00,0.000000000000000000e+00
5.564857877242154194e-01,0.000000000000000000e+00,0.000000000000000000e+00
5.575812321882394063e-01,0.000000000000000000e+00,0.000000000000000000e+00
5.586766766522633931e-01,0.000000000000000000e+00,0.000000000000000000e+00
5.597721211162874910e-01,0.000000000000000000e+00,0.000000000000000000e+00
5.608675655803115889e-01,0.000000000000000000e+00,0.000000000000000000e+00
5.619630100443355758e-01,0.000000000000000000e+00,0.000000000000000000e+00
5.630584545083595627e-01,0.000000000000000000e+00,0.000000000000000000e+00
5.641538989723837716e-01,0.000000000000000000e+00,0.000000000000000000e+00
5.652493434364077585e-01,0.000000000000000000e+00,0.000000000000000000e+00
5.663447879004317453e-01,0.000000000000000000e+00,0.000000000000000000e+00
5.674402323644558432e-01,0.000000000000000000e+00,0.000000000000000000e+00
5.685356768284799411e-01,0.000000000000000000e+00,0.000000000000000000e+00
5.696311212925039280e-01,0.000000000000000000e+00,0.000000000000000000e+00
5.707265657565279149e-01,0.000000000000000000e+00,0.000000000000000000e+00
5.718220102205520128e-01,0.000000000000000000e+00,0.000000000000000000e+00
5.729174546845761107e-01,0.000000000000000000e+00,0.000000000000000000e+00
5.740128991486000976e-01,0.000000000000000000e+00,0.000000000000000000e+00
5.751083436126241955e-01,0.000000000000000000e+00,0.000000000000000000e+00
5.762037880766481823e-01,0.000000000000000000e+00,0.000000000000000000e+00
5.772992325406721692e-01,0.000000000000000000e+00,0.000000000000000000e+00
5.783946770046962671e-01,0.000000000000000000e+00,0.000000000000000000e+00
5.794901214687203650e-01,0.000000000000000000e+00,0.000000000000000000e+00
5.805855659327443519e-01,0.000000000000000000e+00,0.000000000000000000e+00
5.816810103967683387e-01,0.000000000000000000e+00,0.000000000000000000e+00
5.827764548607925477e-01,0.000000000000000000e+00,0.000000000000000000e+00
5.838718993248165345e-01,0.000000000000000000e+00,0.000000000000000000e+00
5.849673437888405214e-01,0.000000000000000000e+00,0.000000000000000000e+00
5.860627882528646193e-01,0.000000000000000000e+00,0.000000000000000000e+00
5.871582327168887172e-01,0.000000000000000000e+00,0.000000000000000000e+00
5.882536771809127041e-01,0.000000000000000000e+00,0.000000000000000000e+00
5.893491216449366910e-01,0.000000000000000000e+00,0.000000000000000000e+00
5.904445661089607889e-01,0.000000000000000000e+00,0.000000000000000000e+00
5.915400105729848867e-01,0.000000000000000000e+00,0.000000000000000000e+00
5.926354550370088736e-01,0.000000000000000000e+00,0.000000000000000000e+00
5.937308995010329715e-01,0.000000000000000000e+00,0.000000000000000000e+00
5.948263439650569584e-01,0.000000000000000000e+00,0.000000000000000000e+00
5.959217884290810563e-01,0.000000000000000000e+00,0.000000000000000000e+00
5.970172328931050432e-01,0.000000000000000000e+00,0.000000000000000000e+00
5.981126773571291411e-01,0.000000000000000000e+00,0.000000000000000000e+00
5.992081218211531279e-01,0.000000000000000000e+00,0.000000000000000000e+00
6.003035662851772258e-01,0.000000000000000000e+00,0.000000000000000000e+00
6.013990107492013237e-01,0.000000000000000000e+00,0.000000000000000000e+00
6.024944552132253106e-01,0.000000000000000000e+00,0.000000000000000000e+00
6.035898996772492975e-01,0.000000000000000000e+00,0.000000000000000000e+00
6.046853441412733954e-01,0.000000000000000000e+00,0.000000000000000000e+00
6.057807886052974933e-01,0.000000000000000000e+00,0.000000000000000000e+00
6.068762330693214802e-01,0.000000000000000000e+00,0.000000000000000000e+00
6.079716775333454670e-01,0.000000000000000000e+00,0.000000000000000000e+00
6.090671219973695649e-01,0.000000000000000000e+00,0.000000000000000000e+00
6.101625664613936628e-01,0.000000000000000000e+00,0.000000000000000000e+00
6.112580109254176497e-01,0.000000000000000000e+00,0.000000000000000000e+00
6.123534553894417476e-01,0.000000000000000000e+00,0.000000000000000000e+00
6.134488998534657345e-01,0.000000000000000000e+00,0.000000000000000000e+00
6.145443443174898324e-01,0.000000000000000000e+00,0.000000000000000000e+00
6.156397887815138192e-01,0.000000000000000000e+00,0.000000000000000000e+00
6.167352332455379171e-01,0.000000000000000000e+00,0.000000000000000000e+00
6.178306777095619040e-01,0.000000000000000000e+00,0.000000000000000000e+00
6.189261221735860019e-01,0.000000000000000000e+00,0.000000000000000000e+00
6.200215666376100998e-01,0.000000000000000000e+00,0.000000000000000000e+00
6.211170111016340867e-01,0.000000000000000000e+00,0.000000000000000000e+00
6.222124555656580736e-01,0.000000000000000000e+00,0.000000000000000000e+00
6.233079000296821714e-01,0.000000000000000000e+00,0.000000000000000000e+00
6.244033444937062693e-01,0.000000000000000000e+00,0.000000000000000000e+00
6.254987889577302562e-01,0.000000000000000000e+00,0.000000000000000000e+00
6.265942334217542431e-01,0.000000000000000000e+00,0.000000000000000000e+00
6.276896778857784520e-01,0.000000000000000000e+00,0.000000000000000000e+00
6.287851223498024389e-01,0.000000000000000000e+00,0.000000000000000000e+00
6.298805668138264258e-01,0.000000000000000000e+00,0.000000000000000000e+00
6.309760112778505237e-01,0.000000000000000000e+00,0.000000000000000000e+00
6.320714557418745105e-01,0.000000000000000000e+00,0.000000000000000000e+00
6.331669002058986084e-01,0.000000000000000000e+00,0.000000000000000000e+00
6.342623446699225953e-01,0.000000000000000000e+00,0.000000000000000000e+00
6.353577891339466932e-01,0.000000000000000000e+00,0.000000000000000000e+00
6.364532335979706801e-01,0.000000000000000000e+00,0.000000000000000000e+00
6.375486780619947780e-01,0.000000000000000000e+00,0.000000000000000000e+00
6.386441225260188759e-01,0.000000000000000000e+00,0.000000000000000000e+00
6.397395669900428627e-01,0.000000000000000000e+00,0.000000000000000000e+00
6.408350114540668496e-01,0.000000000000000000e+00,0.000000000000000000e+00
6.419304559180909475e-01,0.000000000000000000e+00,0.000000000000000000e+00
6.430259003821150454e-01,0.000000000000000000e+00,0.000000000000000000e+00
6.441213448461390323e-01,0.000000000000000000e+00,0.000000000000000000e+00
6.452167893101630192e-01,0.000000000000000000e+00,0.000000000000000000e+00
6.463122337741872281e-01,0.000000000000000000e+00,0.000000000000000000e+00
6.474076782382112150e-01,0.000000000000000000e+00,0.000000000000000000e+00
6.485031227022352018e-01,0.000000000000000000e+00,0.000000000000000000e+00
6.495985671662591887e-01,0.000000000000000000e+00,0.000000000000000000e+00
6.506940116302833976e-01,0.000000000000000000e+00,0.000000000000000000e+00
6.517894560943073845e-01,0.000000000000000000e+00,0.000000000000000000e+00
6.528849005583313714e-01,0.000000000000000000e+00,0.000000000000000000e+00
6.539803450223554693e-01,0.000000000000000000e+00,0.000000000000000000e+00
6.550757894863795672e-01,0.000000000000000000e+00,0.000000000000000000e+00
6.561712339504035540e-01,0.000000000000000000e+00,0.000000000000000000e+00
6.572666784144276519e-01,0.000000000000000000e+00,0.000000000000000000e+00
6.583621228784516388e-01,0.000000000000000000e+00,0.000000000000000000e+00
6.594575673424756257e-01,0.000000000000000000e+00,0.000000000000000000e+00
6.605530118064997236e-01,0.000000000000000000e+00,0.000000000000000000e+00
6.616484562705238215e-01,0.000000000000000000e+00,0.000000000000000000e+00
6.627439007345478084e-01,0.000000000000000000e+00,0.000000000000000000e+00
6.638393451985717952e-01,0.000000000000000000e+00,0.000000000000000000e+00
6.649347896625960042e-01,0.000000000000000000e+00,0.000000000000000000e+00
6.660302341266199910e-01,0.000000000000000000e+00,0.000000000000000000e+00
6.671256785906439779e-01,0.000000000000000000e+00,0.000000000000000000e+00
6.682211230546679648e-01,0.000000000000000000e+00,0.000000000000000000e+00
6.693165675186921737e-01,0.000000000000000000e+00,0.000000000000000000e+00
6.704120119827161606e-01,0.000000000000000000e+00,0.000000000000000000e+00
6.715074564467401474e-01,0.000000000000000000e+00,0.000000000000000000e+00
6.726029009107642453e-01,0.000000000000000000e+00,0.000000000000000000e+00
6.736983453747883432e-01,0.000000000000000000e+00,0.000000000000000000e+00
6.747937898388123301e-01,0.000000000000000000e+00,0.000000000000000000e+00
6.758892343028363170e-01,0.000000000000000000e+00,0.000000000000000000e+00
6.769846787668604149e-01,0.000000000000000000e+00,0.000000000000000000e+00
6.780801232308845128e-01,0.000000000000000000e+00,0.000000000000000000e+00
6.791755676949084997e-01,0.000000000000000000e+00,0.000000000000000000e+00
6.802710121589325976e-01,0.000000000000000000e+00,0.000000000000000000e+00
6.813664566229565844e-01,0.000000000000000000e+00,0.000000000000000000e+00
6.824619010869806823e-01,0.000000000000000000e+00,0.000000000000000000e+00
6.835573455510046692e-01,0.000000000000000000e+00,0.000000000000000000e+00
6.846527900150287671e-01,0.000000000000000000e+00,0.000000000000000000e+00
6.857482344790527540e-01,0.000000000000000000e+00,0.000000000000000000e+00
6.868436789430767409e-01,0.000000000000000000e+00,0.000000000000000000e+00
6.879391234071009498e-01,0.000000000000000000e+00,0.000000000000000000e+00
6.890345678711249366e-01,0.000000000000000000e+00,0.000000000000000000e+00
6.901300123351489235e-01,0.000000000000000000e+00,0.000000000000000000e+00
6.912254567991730214e-01,0.000000000000000000e+00,0.000000000000000000e+00
6.923209012631971193e-01,0.000000000000000000e+00,0.000000000000000000e+00
6.934163457272211062e-01,0.000000000000000000e+00,0.000000000000000000e+00
6.945117901912450931e-01,0.000000000000000000e+00,0.000000000000000000e+00
6.956072346552691910e-01,0.000000000000000000e+00,0.000000000000000000e+00
6.967026791192932889e-01,0.000000000000000000e+00,0.000000000000000000e+00
6.977981235833172757e-01,0.000000000000000000e+00,0.000000000000000000e+00
6.988935680473413736e-01,0.000000000000000000e+00,0.000000000000000000e+00
6.999890125113653605e-01,0.000000000000000000e+00,0.000000000000000000e+00
7.010844569753894584e-01,0.000000000000000000e+00,0.000000000000000000e+00
7.021799014394134453e-01,0.000000000000000000e+00,0.000000000000000000e+00
7.032753459034375432e-01,0.000000000000000000e+00,0.000000000000000000e+00
7.043707903674615300e-01,0.000000000000000000e+00,0.000000000000000000e+00
7.054662348314856279e-01,0.000000000000000000e+00,0.000000000000000000e+00
7.065616792955097258e-01,0.000000000000000000e+00,0.000000000000000000e+00
7.076571237595337127e-01,0.000000000000000000e+00,0.000000000000000000e+00
7.087525682235576996e-01,0.000000000000000000e+00,0.000000000000000000e+00
7.098480126875817975e-01,0.000000000000000000e+00,0.000000000000000000e+00
7.109434571516058954e-01,0.000000000000000000e+00,0.000000000000000000e+00
7.120389016156298823e-01,0.000000000000000000e+00,0.000000000000000000e+00
7.131343460796538691e-01,0.000000000000000000e+00,0.000000000000000000e+00
7.142297905436779670e-01,0.000000000000000000e+00,0.000000000000000000e+00
7.153252350077020649e-01,0.000000000000000000e+00,0.000000000000000000e+00
7.164206794717260518e-01,0.000000000000000000e+00,0.000000000000000000e+00
7.175161239357501497e-01,0.000000000000000000e+00,0.000000000000000000e+00
7.186115683997741366e-01,0.000000000000000000e+00,0.000000000000000000e+00
7.197070128637982345e-01,0.000000000000000000e+00,0.000000000000000000e+00
7.208024573278222213e-01,0.000000000000000000e+00,0.000000000000000000e+00
7.218979017918463192e-01,0.000000000000000000e+00,0.000000000000000000e+00
7.229933462558703061e-01,0.000000000000000000e+00,0.000000000000000000e+00
7.240887907198944040e-01,0.000000000000000000e+00,0.000000000000000000e+00
7.251842351839185019e-01,0.000000000000000000e+00,0.000000000000000000e+00
7.262796796479424888e-01,0.000000000000000000e+00,0.000000000000000000e+00
7.273751241119664757e-01,0.000000000000000000e+00,0.000000000000000000e+00
7.284705685759905736e-01,0.000000000000000000e+00,0.000000000000000000e+00
7.295660130400146715e-01,0.000000000000000000e+00,0.000000000000000000e+00
7.306614575040386583e-01,0.000000000000000000e+00,0.000000000000000000e+00
7.317569019680626452e-01,0.000000000000000000e+00,0.000000000000000000e+00
7.328523464320868541e-01,0.000000000000000000e+00,0.000000000000000000e+00
7.339477908961108410e-01,0.000000000000000000e+00,0.000000000000000000e+00
7.350432353601348279e-01,0.000000000000000000e+00,0.000000000000000000e+00
7.361386798241589258e-01,0.000000000000000000e+00,0.000000000000000000e+00
7.372341242881830237e-01,0.000000000000000000e+00,0.000000000000000000e+00
7.383295687522070105e-01,0.000000000000000000e+00,0.000000000000000000e+00
7.394250132162309974e-01,0.000000000000000000e+00,0.000000000000000000e+00
7.405204576802550953e-01,0.000000000000000000e+00,0.000000000000000000e+00
7.416159021442790822e-01,0.000000000000000000e+00,0.000000000000000000e+00
7.427113466083031801e-01,0.000000000000000000e+00,0.000000000000000000e+00
7.438067910723272780e-01,0.000000000000000000e+00,0.000000000000000000e+00
7.449022355363512649e-01,0.000000000000000000e+00,0.000000000000000000e+00
7.459976800003752517e-01,0.000000000000000000e+00,0.000000000000000000e+00
7.470931244643993496e-01,0.000000000000000000e+00,0.000000000000000000e+00
7.481885689284234475e-01,0.000000000000000000e+00,0.000000000000000000e+00
7.492840133924474344e-01,0.000000000000000000e+00,0.000000000000000000e+00
7.503794578564714213e-01,0.000000000000000000e+00,0.000000000000000000e+00
7.514749023204956302e-01,0.000000000000000000e+00,0.000000000000000000e+00
7.525703467845196171e-01,0.000000000000000000e+00,0.000000000000000000e+00
7.536657912485436039e-01,0.000000000000000000e+00,0.000000000000000000e+00
7.547612357125677018e-01,0.000000000000000000e+00,0.000000000000000000e+00
7.558566801765917997e-01,0.000000000000000000e+00,0.000000000000000000e+00
7.569521246406157866e-01,0.000000000000000000e+00,0.000000000000000000e+00
7.580475691046397735e-01,0.000000000000000000e+00,0.000000000000000000e+00
7.591430135686638714e-01,0.000000000000000000e+00,0.000000000000000000e+00
7.602384580326879693e-01,0.000000000000000000e+00,0.000000000000000000e+00
7.613339024967119562e-01,0.000000000000000000e+00,0.000000000000000000e+00
7.624293469607360541e-01,0.000000000000000000e+00,0.000000000000000000e+00
7.635247914247600409e-01,0.000000000000000000e+00,0.000000000000000000e+00
7.646202358887841388e-01,0.000000000000000000e+00,0.000000000000000000e+00
7.657156803528081257e-01,0.000000000000000000e+00,0.000000000000000000e+00
7.668111248168322236e-01,0.000000000000000000e+00,0.000000000000000000e+00
7.679065692808562105e-01,0.000000000000000000e+00,0.000000000000000000e+00
7.690020137448801973e-01,0.000000000000000000e+00,0.000000000000000000e+00
7.700974582089044063e-01,0.000000000000000000e+00,0.000000000000000000e+00
7.711929026729283931e-01,0.000000000000000000e+00,0.000000000000000000e+00
7.722883471369523800e-01,0.000000000000000000e+00,0.000000000000000000e+00
7.733837916009764779e-01,0.000000000000000000e+00,0.000000000000000000e+00
7.744792360650005758e-01,0.000000000000000000e+00,0.000000000000000000e+00
7.755746805290245627e-01,0.000000000000000000e+00,0.000000000000000000e+00
7.766701249930485496e-01,0.000000000000000000e+00,0.000000000000000000e+00
7.777655694570726475e-01,0.000000000000000000e+00,0.000000000000000000e+00
7.788610139210967453e-01,0.000000000000000000e+00,0.000000000000000000e+00
7.799564583851207322e-01,0.000000000000000000e+00,0.000000000000000000e+00
7.810519028491448301e-01,0.000000000000000000e+00,0.000000000000000000e+00
7.821473473131688170e-01,0.000000000000000000e+00,0.000000000000000000e+00
7.832427917771929149e-01,0.000000000000000000e+00,0.000000000000000000e+00
7.843382362412169018e-01,0.000000000000000000e+00,0.000000000000000000e+00
7.854336807052409997e-01,0.000000000000000000e+00,0.000000000000000000e+00
7.865291251692649865e-01,0.000000000000000000e+00,0.000000000000000000e+00
7.876245696332890844e-01,0.000000000000000000e+00,0.000000000000000000e+00
7.887200140973131823e-01,0.000000000000000000e+00,0.000000000000000000e+00
7.898154585613371692e-01,0.000000000000000000e+00,0.000000000000000000e+00
7.909109030253611561e-01,0.000000000000000000e+00,0.000000000000000000e+00
7.920063474893852540e-01,0.000000000000000000e+00,0.000000000000000000e+00
7.931017919534093519e-01,0.000000000000000000e+00,0.000000000000000000e+00
7.941972364174333388e-01,0.000000000000000000e+00,0.000000000000000000e+00
7.952926808814573256e-01,0.000000000000000000e+00,0.000000000000000000e+00
7.963881253454814235e-01,0.000000000000000000e+00,0.000000000000000000e+00
7.974835698095055214e-01,0.000000000000000000e+00,0.000000000000000000e+00
7.985790142735295083e-01,0.000000000000000000e+00,0.000000000000000000e+00
7.996744587375536062e-01,0.000000000000000000e+00,0.000000000000000000e+00
8.007699032015775931e-01,0.000000000000000000e+00,0.000000000000000000e+00
8.018653476656016910e-01,0.000000000000000000e+00,0.000000000000000000e+00
8.029607921296256778e-01,0.000000000000000000e+00,0.000000000000000000e+00
8.040562365936497757e-01,0.000000000000000000e+00,0.000000000000000000e+00
8.051516810576737626e-01,0.000000000000000000e+00,0.000000000000000000e+00
8.062471255216978605e-01,0.000000000000000000e+00,0.000000000000000000e+00
8.073425699857219584e-01,0.000000000000000000e+00,0.000000000000000000e+00
8.084380144497459453e-01,0.000000000000000000e+00,0.000000000000000000e+00
8.095334589137699322e-01,0.000000000000000000e+00,0.000000000000000000e+00
8.106289033777940300e-01,0.000000000000000000e+00,0.000000000000000000e+00
8.117243478418181279e-01,0.000000000000000000e+00,0.000000000000000000e+00
8.128197923058421148e-01,0.000000000000000000e+00,0.000000000000000000e+00
8.139152367698661017e-01,0.000000000000000000e+00,0.000000000000000000e+00
8.150106812338903106e-01,0.000000000000000000e+00,0.000000000000000000e+00
8.161061256979142975e-01,0.000000000000000000e+00,0.000000000000000000e+00
8.172015701619382844e-01,0.000000000000000000e+00,0.000000000000000000e+00
8.182970146259623823e-01,0.000000000000000000e+00,0.000000000000000000e+00
8.193924590899864802e-01,0.000000000000000000e+00,0.000000000000000000e+00
8.204879035540104670e-01,0.000000000000000000e+00,0.000000000000000000e+00
8.215833480180344539e-01,0.000000000000000000e+00,0.000000000000000000e+00
8.226787924820585518e-01,0.000000000000000000e+00,0.000000000000000000e+00
8.237742369460825387e-01,0.000000000000000000e+00,0.000000000000000000e+00
8.248696814101066366e-01,0.000000000000000000e+00,0.000000000000000000e+00
8.259651258741307345e-01,0.000000000000000000e+00,0.000000000000000000e+00
8.270605703381547213e-01,0.000000000000000000e+00,0.000000000000000000e+00
8.281560148021787082e-01,0.000000000000000000e+00,0.000000000000000000e+00
8.292514592662028061e-01,0.000000000000000000e+00,0.000000000000000000e+00
8.303469037302269040e-01,0.000000000000000000e+00,0.000000000000000000e+00
8.314423481942508909e-01,0.000000000000000000e+00,0.000000000000000000e+00
8.325377926582748778e-01,0.000000000000000000e+00,0.000000000000000000e+00
8.336332371222990867e-01,0.000000000000000000e+00,0.000000000000000000e+00
8.347286815863230736e-01,0.000000000000000000e+00,0.000000000000000000e+00
8.358241260503470604e-01,0.000000000000000000e+00,0.000000000000000000e+00
8.369195705143711583e-01,0.000000000000000000e+00,0.000000000000000000e+00
8.380150149783952562e-01,0.000000000000000000e+00,0.000000000000000000e+00
8.391104594424192431e-01,0.000000000000000000e+00,0.000000000000000000e+00
8.402059039064432300e-01,0.000000000000000000e+00,0.000000000000000000e+00
8.413013483704673279e-01,0.000000000000000000e+00,0.000000000000000000e+00
8.423967928344914258e-01,0.000000000000000000e+00,0.000000000000000000e+00
8.434922372985154126e-01,0.000000000000000000e+00,0.000000000000000000e+00
8.445876817625395105e-01,0.000000000000000000e+00,0.000000000000000000e+00
8.456831262265634974e-01,0.000000000000000000e+00,0.000000000000000000e+00
8.467785706905875953e-01,0.000000000000000000e+00,0.000000000000000000e+00
8.478740151546115822e-01,0.000000000000000000e+00,0.000000000000000000e+00
8.489694596186356801e-01,0.000000000000000000e+00,0.000000000000000000e+00
8.500649040826596670e-01,0.000000000000000000e+00,0.000000000000000000e+00
8.511603485466836538e-01,0.000000000000000000e+00,0.000000000000000000e+00
8.522557930107078628e-01,0.000000000000000000e+00,0.000000000000000000e+00
8.533512374747318496e-01,0.000000000000000000e+00,0.000000000000000000e+00
8.544466819387558365e-01,0.000000000000000000e+00,0.000000000000000000e+00
8.555421264027798234e-01,0.000000000000000000e+00,0.000000000000000000e+00
8.566375708668040323e-01,0.000000000000000000e+00,0.000000000000000000e+00
8.577330153308280192e-01,0.000000000000000000e+00,0.000000000000000000e+00
8.588284597948520060e-01,0.000000000000000000e+00,0.000000000000000000e+00
8.599239042588761039e-01,0.000000000000000000e+00,0.000000000000000000e+00
8.610193487229002018e-01,0.000000000000000000e+00,0.000000000000000000e+00
8.621147931869241887e-01,0.000000000000000000e+00,0.000000000000000000e+00
8.632102376509482866e-01,0.000000000000000000e+00,0.000000000000000000e+00
8.643056821149722735e-01,0.000000000000000000e+00,0.000000000000000000e+00
8.654011265789963714e-01,0.000000000000000000e+00,0.000000000000000000e+00
8.664965710430203583e-01,0.000000000000000000e+00,0.000000000000000000e+00
8.675920155070444562e-01,0.000000000000000000e+00,0.000000000000000000e+00
8.686874599710684430e-01,0.000000000000000000e+00,0.000000000000000000e+00
8.697829044350925409e-01,0.000000000000000000e+00,0.000000000000000000e+00
8.708783488991166388e-01,0.000000000000000000e+00,0.000000000000000000e+00
8.719737933631406257e-01,0.000000000000000000e+00,0.000000000000000000e+00
8.730692378271646126e-01,0.000000000000000000e+00,0.000000000000000000e+00
8.741646822911887105e-01,0.000000000000000000e+00,0.000000000000000000e+00
8.752601267552128084e-01,0.000000000000000000e+00,0.000000000000000000e+00
8.763555712192367952e-01,0.000000000000000000e+00,0.000000000000000000e+00
8.774510156832607821e-01,0.000000000000000000e+00,0.000000000000000000e+00
8.785464601472848800e-01,0.000000000000000000e+00,0.000000000000000000e+00
8.796419046113088669e-01,0.000000000000000000e+00,0.000000000000000000e+00
8.807373490753328538e-01,0.000000000000000000e+00,0.000000000000000000e+00
8.818327935393570627e-01,0.000000000000000000e+00,0.000000000000000000e+00
8.829282380033811606e-01,0.000000000000000000e+00,0.000000000000000000e+00
8.840236824674051475e-01,0.000000000000000000e+00,0.000000000000000000e+00
8.851191269314291343e-01,0.000000000000000000e+00,0.000000000000000000e+00
8.862145713954532322e-01,0.000000000000000000e+00,0.000000000000000000e+00
8.873100158594772191e-01,0.000000000000000000e+00,0.000000000000000000e+00
8.884054603235012060e-01,0.000000000000000000e+00,0.000000000000000000e+00
8.895009047875253039e-01,0.000000000000000000e+00,0.000000000000000000e+00
8.905963492515495128e-01,0.000000000000000000e+00,0.000000000000000000e+00
8.916917937155734997e-01,0.000000000000000000e+00,0.000000000000000000e+00
8.927872381795974865e-01,0.000000000000000000e+00,0.000000000000000000e+00
8.938826826436215844e-01,0.000000000000000000e+00,0.000000000000000000e+00
8.949781271076455713e-01,0.000000000000000000e+00,0.000000000000000000e+00
8.960735715716695582e-01,0.000000000000000000e+00,0.000000000000000000e+00
8.971690160356936561e-01,0.000000000000000000e+00,0.000000000000000000e+00
8.982644604997176430e-01,0.000000000000000000e+00,0.000000000000000000e+00
8.993599049637418519e-01,0.000000000000000000e+00,0.000000000000000000e+00
9.004553494277658388e-01,0.000000000000000000e+00,0.000000000000000000e+00
9.015507938917899367e-01,0.000000000000000000e+00,0.000000000000000000e+00
9.026462383558139235e-01,0.000000000000000000e+00,0.000000000000000000e+00
9.037416828198379104e-01,0.000000000000000000e+00,0.000000000000000000e+00
9.048371272838620083e-01,0.000000000000000000e+00,0.000000000000000000e+00
9.059325717478859952e-01,0.000000000000000000e+00,0.000000000000000000e+00
9.070280162119099820e-01,0.000000000000000000e+00,0.000000000000000000e+00
9.081234606759340799e-01,0.000000000000000000e+00,0.000000000000000000e+00
9.092189051399582889e-01,0.000000000000000000e+00,0.000000000000000000e+00
9.103143496039822757e-01,0.000000000000000000e+00,0.000000000000000000e+00
9.114097940680062626e-01,0.000000000000000000e+00,0.000000000000000000e+00
9.125052385320303605e-01,0.000000000000000000e+00,0.000000000000000000e+00
9.136006829960543474e-01,0.000000000000000000e+00,0.000000000000000000e+00
9.146961274600783343e-01,0.000000000000000000e+00,0.000000000000000000e+00
9.157915719241024322e-01,0.000000000000000000e+00,0.000000000000000000e+00
9.168870163881264190e-01,0.000000000000000000e+00,0.000000000000000000e+00
9.179824608521506280e-01,0.000000000000000000e+00,0.000000000000000000e+00
9.190779053161746148e-01,0.000000000000000000e+00,0.000000000000000000e+00
9.201733497801987127e-01,0.000000000000000000e+00,0.000000000000000000e+00
9.212687942442226996e-01,0.000000000000000000e+00,0.000000000000000000e+00
9.223642387082466865e-01,0.000000000000000000e+00,0.000000000000000000e+00
9.234596831722707844e-01,0.000000000000000000e+00,0.000000000000000000e+00
9.245551276362947712e-01,0.000000000000000000e+00,0.000000000000000000e+00
9.256505721003187581e-01,0.000000000000000000e+00,0.000000000000000000e+00
9.267460165643429670e-01,0.000000000000000000e+00,0.000000000000000000e+00
9.278414610283670649e-01,0.000000000000000000e+00,0.000000000000000000e+00
9.289369054923910518e-01,0.000000000000000000e+00,0.000000000000000000e+00
9.300323499564150387e-01,0.000000000000000000e+00,0.000000000000000000e+00
9.311277944204391366e-01,0.000000000000000000e+00,0.000000000000000000e+00
9.322232388844631235e-01,0.000000000000000000e+00,0.000000000000000000e+00
9.333186833484871103e-01,0.000000000000000000e+00,0.000000000000000000e+00
9.344141278125112082e-01,0.000000000000000000e+00,0.000000000000000000e+00
9.355095722765351951e-01,0.000000000000000000e+00,0.000000000000000000e+00
9.366050167405594040e-01,0.000000000000000000e+00,0.000000000000000000e+00
9.377004612045833909e-01,0.000000000000000000e+00,0.000000000000000000e+00
9.387959056686074888e-01,0.000000000000000000e+00,0.000000000000000000e+00
9.398913501326314757e-01,0.000000000000000000e+00,0.000000000000000000e+00
9.409867945966554625e-01,0.000000000000000000e+00,0.000000000000000000e+00
9.420822390606795604e-01,0.000000000000000000e+00,0.000000000000000000e+00
9.431776835247035473e-01,0.000000000000000000e+00,0.000000000000000000e+00
9.442731279887275342e-01,0.000000000000000000e+00,0.000000000000000000e+00
9.453685724527517431e-01,0.000000000000000000e+00,0.000000000000000000e+00
9.464640169167758410e-01,0.000000000000000000e+00,0.000000000000000000e+00
9.475594613807998279e-01,0.000000000000000000e+00,0.000000000000000000e+00
9.486549058448238148e-01,0.000000000000000000e+00,0.000000000000000000e+00
9.497503503088479127e-01,0.000000000000000000e+00,0.000000000000000000e+00
9.508457947728718995e-01,0.000000000000000000e+00,0.000000000000000000e+00
9.519412392368958864e-01,0.000000000000000000e+00,0.000000000000000000e+00
9.530366837009199843e-01,0.000000000000000000e+00,0.000000000000000000e+00
9.541321281649441932e-01,0.000000000000000000e+00,0.000000000000000000e+00
9.552275726289681801e-01,0.000000000000000000e+00,0.000000000000000000e+00
9.563230170929921670e-01,0.000000000000000000e+00,0.000000000000000000e+00
9.574184615570162649e-01,0.000000000000000000e+00,0.000000000000000000e+00
9.585139060210402517e-01,0.000000000000000000e+00,0.000000000000000000e+00
9.596093504850642386e-01,0.000000000000000000e+00,0.000000000000000000e+00
9.607047949490883365e-01,0.000000000000000000e+00,0.000000000000000000e+00
9.618002394131123234e-01,0.000000000000000000e+00,0.000000000000000000e+00
9.628956838771363103e-01,0.000000000000000000e+00,0.000000000000000000e+00
9.639911283411605192e-01,0.000000000000000000e+00,0.000000000000000000e+00
9.650865728051846171e-01,0.000000000000000000e+00,0.000000000000000000e+00
9.661820172692086039e-01,0.000000000000000000e+00,0.000000000000000000e+00
9.672774617332325908e-01,0.000000000000000000e+00,0.000000000000000000e+00
9.683729061972566887e-01,0.000000000000000000e+00,0.000000000000000000e+00
9.694683506612806756e-01,0.000000000000000000e+00,0.000000000000000000e+00
9.705637951253046625e-01,0.000000000000000000e+00,0.000000000000000000e+00
9.716592395893287604e-01,0.000000000000000000e+00,0.000000000000000000e+00
9.727546840533529693e-01,0.000000000000000000e+00,0.000000000000000000e+00
9.738501285173769562e-01,0.000000000000000000e+00,0.000000000000000000e+00
9.749455729814009430e-01,0.000000000000000000e+00,0.000000000000000000e+00
9.760410174454250409e-01,0.000000000000000000e+00,0.000000000000000000e+00
9.771364619094490278e-01,0.000000000000000000e+00,0.000000000000000000e+00
9.782319063734730147e-01,0.000000000000000000e+00,0.000000000000000000e+00
9.793273508374971126e-01,0.000000000000000000e+00,0.000000000000000000e+00
9.804227953015210995e-01,0.000000000000000000e+00,0.000000000000000000e+00
9.815182397655453084e-01,0.000000000000000000e+00,0.000000000000000000e+00
9.826136842295692952e-01,0.000000000000000000e+00,0.000000000000000000e+00
9.837091286935933931e-01,0.000000000000000000e+00,0.000000000000000000e+00
9.848045731576173800e-01,0.000000000000000000e+00,0.000000000000000000e+00
9.859000176216413669e-01,0.000000000000000000e+00,0.000000000000000000e+00
9.869954620856654648e-01,0.000000000000000000e+00,0.000000000000000000e+00
9.880909065496894517e-01,0.000000000000000000e+00,0.000000000000000000e+00
9.891863510137134385e-01,0.000000000000000000e+00,0.000000000000000000e+00
9.902817954777375364e-01,0.000000000000000000e+00,0.000000000000000000e+00
9.913772399417617454e-01,0.000000000000000000e+00,0.000000000000000000e+00
9.924726844057857322e-01,0.000000000000000000e+00,0.000000000000000000e+00
9.935681288698097191e-01,0.000000000000000000e+00,0.000000000000000000e+00
9.946635733338338170e-01,0.000000000000000000e+00,0.000000000000000000e+00
9.957590177978578039e-01,0.000000000000000000e+00,0.000000000000000000e+00
9.968544622618817908e-01,0.000000000000000000e+00,0.000000000000000000e+00
9.979499067259058886e-01,0.000000000000000000e+00,0.000000000000000000e+00
9.990453511899298755e-01,0.000000000000000000e+00,0.000000000000000000e+00
1.000140795653954084e+00,0.000000000000000000e+00,0.000000000000000000e+00
1.001236240117978182e+00,0.000000000000000000e+00,0.000000000000000000e+00
1.002331684582002058e+00,0.000000000000000000e+00,0.000000000000000000e+00
1.003427129046026156e+00,0.000000000000000000e+00,0.000000000000000000e+00
1.004522573510050254e+00,0.000000000000000000e+00,0.000000000000000000e+00
1.005618017974074130e+00,0.000000000000000000e+00,0.000000000000000000e+00
1.006713462438098228e+00,0.000000000000000000e+00,0.000000000000000000e+00
1.007808906902122326e+00,0.000000000000000000e+00,0.000000000000000000e+00
1.008904351366146424e+00,0.000000000000000000e+00,0.000000000000000000e+00
1.009999795830170521e+00,0.000000000000000000e+00,0.000000000000000000e+00
1.011095240294194397e+00,0.000000000000000000e+00,0.000000000000000000e+00
1.012190684758218495e+00,0.000000000000000000e+00,0.000000000000000000e+00
1.013286129222242593e+00,0.000000000000000000e+00,0.000000000000000000e+00
1.014381573686266469e+00,0.000000000000000000e+00,0.000000000000000000e+00
1.015477018150290567e+00,0.000000000000000000e+00,0.000000000000000000e+00
1.016572462614314665e+00,0.000000000000000000e+00,0.000000000000000000e+00
1.017667907078338541e+00,0.000000000000000000e+00,0.000000000000000000e+00
1.018763351542362861e+00,0.000000000000000000e+00,0.000000000000000000e+00
1.019858796006386958e+00,0.000000000000000000e+00,0.000000000000000000e+00
1.020954240470410834e+00,0.000000000000000000e+00,0.000000000000000000e+00
1.022049684934434932e+00,0.000000000000000000e+00,0.000000000000000000e+00
1.023145129398459030e+00,0.000000000000000000e+00,0.000000000000000000e+00
1.024240573862482906e+00,0.000000000000000000e+00,0.000000000000000000e+00
1.025336018326507004e+00,0.000000000000000000e+00,0.000000000000000000e+00
1.026431462790531102e+00,0.000000000000000000e+00,0.000000000000000000e+00
1.027526907254555200e+00,0.000000000000000000e+00,0.000000000000000000e+00
1.028622351718579297e+00,0.000000000000000000e+00,0.000000000000000000e+00
1.029717796182603173e+00,0.000000000000000000e+00,0.000000000000000000e+00
1.030813240646627271e+00,0.000000000000000000e+00,0.000000000000000000e+00
1.031908685110651369e+00,0.000000000000000000e+00,0.000000000000000000e+00
1.033004129574675245e+00,0.000000000000000000e+00,0.000000000000000000e+00
1.034099574038699343e+00,0.000000000000000000e+00,0.000000000000000000e+00
1.035195018502723441e+00,0.000000000000000000e+00,0.000000000000000000e+00
1.036290462966747539e+00,0.000000000000000000e+00,0.000000000000000000e+00
1.037385907430771637e+00,0.000000000000000000e+00,0.000000000000000000e+00
1.038481351894795734e+00,0.000000000000000000e+00,0.000000000000000000e+00
1.039576796358819610e+00,0.000000000000000000e+00,0.000000000000000000e+00
1.040672240822843708e+00,0.000000000000000000e+00,0.000000000000000000e+00
1.041767685286867806e+00,0.000000000000000000e+00,0.000000000000000000e+00
1.042863129750891682e+00,0.000000000000000000e+00,0.000000000000000000e+00
1.043958574214915780e+00,0.000000000000000000e+00,0.000000000000000000e+00
1.045054018678939878e+00,0.000000000000000000e+00,0.000000000000000000e+00
1.046149463142963976e+00,0.000000000000000000e+00,0.000000000000000000e+00
1.047244907606988074e+00,0.000000000000000000e+00,0.000000000000000000e+00
1.048340352071011949e+00,0.000000000000000000e+00,0.000000000000000000e+00
1.049435796535036047e+00,0.000000000000000000e+00,0.000000000000000000e+00
1.050531240999060145e+00,0.000000000000000000e+00,0.000000000000000000e+00
1.051626685463084021e+00,0.000000000000000000e+00,0.000000000000000000e+00
1.052722129927108119e+00,0.000000000000000000e+00,0.000000000000000000e+00
1.053817574391132217e+00,0.000000000000000000e+00,0.000000000000000000e+00
1.054913018855156315e+00,0.000000000000000000e+00,0.000000000000000000e+00
1.056008463319180413e+00,0.000000000000000000e+00,0.000000000000000000e+00
1.057103907783204511e+00,0.000000000000000000e+00,0.000000000000000000e+00
1.058199352247228386e+00,0.000000000000000000e+00,0.000000000000000000e+00
1.059294796711252484e+00,0.000000000000000000e+00,0.000000000000000000e+00
1.060390241175276582e+00,0.000000000000000000e+00,0.000000000000000000e+00
1.061485685639300458e+00,0.000000000000000000e+00,0.000000000000000000e+00
1.062581130103324556e+00,0.000000000000000000e+00,0.000000000000000000e+00
1.063676574567348654e+00,0.000000000000000000e+00,0.000000000000000000e+00
1.064772019031372752e+00,0.000000000000000000e+00,0.000000000000000000e+00
1.065867463495396850e+00,0.000000000000000000e+00,0.000000000000000000e+00
1.066962907959420725e+00,0.000000000000000000e+00,0.000000000000000000e+00
1.068058352423444823e+00,0.000000000000000000e+00,0.000000000000000000e+00
1.069153796887468921e+00,0.000000000000000000e+00,0.000000000000000000e+00
1.070249241351492797e+00,0.000000000000000000e+00,0.000000000000000000e+00
1.071344685815516895e+00,0.000000000000000000e+00,0.000000000000000000e+00
1.072440130279540993e+00,0.000000000000000000e+00,0.000000000000000000e+00
1.073535574743565091e+00,0.000000000000000000e+00,0.000000000000000000e+00
1.074631019207589189e+00,0.000000000000000000e+00,0.000000000000000000e+00
1.075726463671613287e+00,0.000000000000000000e+00,0.000000000000000000e+00
1.076821908135637162e+00,0.000000000000000000e+00,0.000000000000000000e+00
1.077917352599661260e+00,0.000000000000000000e+00,0.000000000000000000e+00
1.079012797063685358e+00,0.000000000000000000e+00,0.000000000000000000e+00
1.080108241527709234e+00,0.000000000000000000e+00,0.000000000000000000e+00
1.081203685991733332e+00,0.000000000000000000e+00,0.000000000000000000e+00
1.082299130455757430e+00,0.000000000000000000e+00,0.000000000000000000e+00
1.083394574919781528e+00,0.000000000000000000e+00,0.000000000000000000e+00
1.084490019383805626e+00,0.000000000000000000e+00,0.000000000000000000e+00
1.085585463847829502e+00,0.000000000000000000e+00,0.000000000000000000e+00
1.086680908311853599e+00,0.000000000000000000e+00,0.000000000000000000e+00
1.087776352775877697e+00,0.000000000000000000e+00,0.000000000000000000e+00
1.088871797239901573e+00,0.000000000000000000e+00,0.000000000000000000e+00
1.089967241703925671e+00,0.000000000000000000e+00,0.000000000000000000e+00
1.091062686167949991e+00,0.000000000000000000e+00,0.000000000000000000e+00
1.092158130631973867e+00,0.000000000000000000e+00,0.000000000000000000e+00
1.093253575095997965e+00,0.000000000000000000e+00,0.000000000000000000e+00
1.094349019560022063e+00,0.000000000000000000e+00,0.000000000000000000e+00
1.095444464024045939e+00,0.000000000000000000e+00,0.000000000000000000e+00
1.096539908488070036e+00,0.000000000000000000e+00,0.000000000000000000e+00
1.097635352952094134e+00,0.000000000000000000e+00,0.000000000000000000e+00
1.098730797416118010e+00,0.000000000000000000e+00,0.000000000000000000e+00
1.099826241880142108e+00,0.000000000000000000e+00,0.000000000000000000e+00
1.100921686344166206e+00,0.000000000000000000e+00,0.000000000000000000e+00
1.102017130808190304e+00,0.000000000000000000e+00,0.000000000000000000e+00
1.103112575272214402e+00,0.000000000000000000e+00,0.000000000000000000e+00
1.104208019736238278e+00,0.000000000000000000e+00,0.000000000000000000e+00
1.105303464200262376e+00,0.000000000000000000e+00,0.000000000000000000e+00
1.106398908664286473e+00,0.000000000000000000e+00,0.000000000000000000e+00
1.107494353128310349e+00,0.000000000000000000e+00,0.000000000000000000e+00
1.108589797592334447e+00,0.000000000000000000e+00,0.000000000000000000e+00
1.109685242056358767e+00,0.000000000000000000e+00,0.000000000000000000e+00
1.110780686520382643e+00,0.000000000000000000e+00,0.000000000000000000e+00
1.111876130984406741e+00,0.000000000000000000e+00,0.000000000000000000e+00
1.112971575448430839e+00,0.000000000000000000e+00,0.000000000000000000e+00
1.114067019912454715e+00,0.000000000000000000e+00,0.000000000000000000e+00
1.115162464376478813e+00,0.000000000000000000e+00,0.000000000000000000e+00
1.116257908840502910e+00,0.000000000000000000e+00,0.000000000000000000e+00
1.117353353304526786e+00,0.000000000000000000e+00,0.000000000000000000e+00
1.118448797768551106e+00,0.000000000000000000e+00,0.000000000000000000e+00
1.119544242232574982e+00,0.000000000000000000e+00,0.000000000000000000e+00
1.120639686696599080e+00,0.000000000000000000e+00,0.000000000000000000e+00
1.121735131160623178e+00,0.000000000000000000e+00,0.000000000000000000e+00
1.122830575624647054e+00,0.000000000000000000e+00,0.000000000000000000e+00
1.123926020088671152e+00,0.000000000000000000e+00,0.000000000000000000e+00
1.125021464552695249e+00,0.000000000000000000e+00,0.000000000000000000e+00
1.126116909016719125e+00,0.000000000000000000e+00,0.000000000000000000e+00
1.127212353480743223e+00,0.000000000000000000e+00,0.000000000000000000e+00
1.128307797944767543e+00,0.000000000000000000e+00,0.000000000000000000e+00
1.129403242408791419e+00,0.000000000000000000e+00,0.000000000000000000e+00
1.130498686872815517e+00,0.000000000000000000e+00,0.000000000000000000e+00
1.131594131336839615e+00,0.000000000000000000e+00,0.000000000000000000e+00
1.132689575800863491e+00,0.000000000000000000e+00,0.000000000000000000e+00
1.133785020264887589e+00,0.000000000000000000e+00,0.000000000000000000e+00
1.134880464728911686e+00,0.000000000000000000e+00,0.000000000000000000e+00
1.135975909192935562e+00,0.000000000000000000e+00,0.000000000000000000e+00
1.137071353656959882e+00,0.000000000000000000e+00,0.000000000000000000e+00
1.138166798120983758e+00,0.000000000000000000e+00,0.000000000000000000e+00
1.139262242585007856e+00,0.000000000000000000e+00,0.000000000000000000e+00
1.140357687049031954e+00,0.000000000000000000e+00,0.000000000000000000e+00
1.141453131513055830e+00,0.000000000000000000e+00,0.000000000000000000e+00
1.142548575977079928e+00,0.000000000000000000e+00,0.000000000000000000e+00
1.143644020441104026e+00,0.000000000000000000e+00,0.000000000000000000e+00
1.144739464905127901e+00,0.000000000000000000e+00,0.000000000000000000e+00
1.145834909369152221e+00,0.000000000000000000e+00,0.000000000000000000e+00
1.146930353833176319e+00,0.000000000000000000e+00,0.000000000000000000e+00
1.148025798297200195e+00,0.000000000000000000e+00,0.000000000000000000e+00
1.149121242761224293e+00,0.000000000000000000e+00,0.000000000000000000e+00
1.150216687225248391e+00,0.000000000000000000e+00,0.000000000000000000e+00
1.151312131689272267e+00,0.000000000000000000e+00,0.000000000000000000e+00
1.152407576153296365e+00,0.000000000000000000e+00,0.000000000000000000e+00
1.153503020617320463e+00,0.000000000000000000e+00,0.000000000000000000e+00
1.154598465081344338e+00,0.000000000000000000e+00,0.000000000000000000e+00
1.155693909545368658e+00,0.000000000000000000e+00,0.000000000000000000e+00
1.156789354009392534e+00,0.000000000000000000e+00,0.000000000000000000e+00
1.157884798473416632e+00,0.000000000000000000e+00,0.000000000000000000e+00
1.158980242937440730e+00,0.000000000000000000e+00,0.000000000000000000e+00
1.160075687401464606e+00,0.000000000000000000e+00,0.000000000000000000e+00
1.161171131865488704e+00,0.000000000000000000e+00,0.000000000000000000e+00
1.162266576329512802e+00,0.000000000000000000e+00,0.000000000000000000e+00
1.163362020793536677e+00,0.000000000000000000e+00,0.000000000000000000e+00
1.164457465257560997e+00,0.000000000000000000e+00,0.000000000000000000e+00
1.165552909721585095e+00,0.000000000000000000e+00,0.000000000000000000e+00
1.166648354185608971e+00,0.000000000000000000e+00,0.000000000000000000e+00
1.167743798649633069e+00,0.000000000000000000e+00,0.000000000000000000e+00
1.168839243113657167e+00,0.000000000000000000e+00,0.000000000000000000e+00
1.169934687577681043e+00,0.000000000000000000e+00,0.000000000000000000e+00
1.171030132041705141e+00,0.000000000000000000e+00,0.000000000000000000e+00
1.172125576505729239e+00,0.000000000000000000e+00,0.000000000000000000e+00
1.173221020969753337e+00,0.000000000000000000e+00,0.000000000000000000e+00
1.174316465433777434e+00,0.000000000000000000e+00,0.000000000000000000e+00
1.175411909897801310e+00,0.000000000000000000e+00,0.000000000000000000e+00
1.176507354361825408e+00,0.000000000000000000e+00,0.000000000000000000e+00
1.177602798825849506e+00,0.000000000000000000e+00,0.000000000000000000e+00
1.178698243289873382e+00,0.000000000000000000e+00,0.000000000000000000e+00
1.179793687753897480e+00,0.000000000000000000e+00,0.000000000000000000e+00
1.180889132217921578e+00,0.000000000000000000e+00,0.000000000000000000e+00
1.181984576681945454e+00,0.000000000000000000e+00,0.000000000000000000e+00
1.183080021145969773e+00,0.000000000000000000e+00,0.000000000000000000e+00
1.184175465609993871e+00,0.000000000000000000e+00,0.000000000000000000e+00
1.185270910074017747e+00,0.000000000000000000e+00,0.000000000000000000e+00
1.186366354538041845e+00,0.000000000000000000e+00,0.000000000000000000e+00
1.187461799002065943e+00,0.000000000000000000e+00,0.000000000000000000e+00
1.188557243466089819e+00,0.000000000000000000e+00,0.000000000000000000e+00
1.189652687930113917e+00,0.000000000000000000e+00,0.000000000000000000e+00
1.190748132394138015e+00,0.000000000000000000e+00,0.000000000000000000e+00
1.191843576858162113e+00,0.000000000000000000e+00,0.000000000000000000e+00
1.192939021322186210e+00,0.000000000000000000e+00,0.000000000000000000e+00
1.194034465786210086e+00,0.000000000000000000e+00,0.000000000000000000e+00
1.195129910250234184e+00,0.000000000000000000e+00,0.000000000000000000e+00
1.196225354714258282e+00,0.000000000000000000e+00,0.000000000000000000e+00
1.197320799178282158e+00,0.000000000000000000e+00,0.000000000000000000e+00
1.198416243642306256e+00,0.000000000000000000e+00,0.000000000000000000e+00
1.199511688106330354e+00,0.000000000000000000e+00,0.000000000000000000e+00
1.200607132570354452e+00,0.000000000000000000e+00,0.000000000000000000e+00
1.201702577034378550e+00,0.000000000000000000e+00,0.000000000000000000e+00
1.202798021498402647e+00,0.000000000000000000e+00,0.000000000000000000e+00
1.203893465962426523e+00,0.000000000000000000e+00,0.000000000000000000e+00
1.204988910426450621e+00,0.000000000000000000e+00,0.000000000000000000e+00
1.206084354890474719e+00,0.000000000000000000e+00,0.000000000000000000e+00
1.207179799354498595e+00,0.000000000000000000e+00,0.000000000000000000e+00
1.208275243818522693e+00,0.000000000000000000e+00,0.000000000000000000e+00
1.209370688282546791e+00,0.000000000000000000e+00,0.000000000000000000e+00
1.210466132746570889e+00,0.000000000000000000e+00,0.000000000000000000e+00
1.211561577210594987e+00,0.000000000000000000e+00,0.000000000000000000e+00
1.212657021674618862e+00,0.000000000000000000e+00,0.000000000000000000e+00
1.213752466138642960e+00,0.000000000000000000e+00,0.000000000000000000e+00
1.214847910602667058e+00,0.000000000000000000e+00,0.000000000000000000e+00
1.215943355066690934e+00,0.000000000000000000e+00,0.000000000000000000e+00
1.217038799530715032e+00,0.000000000000000000e+00,0.000000000000000000e+00
1.218134243994739130e+00,0.000000000000000000e+00,0.000000000000000000e+00
1.219229688458763228e+00,0.000000000000000000e+00,0.000000000000000000e+00
1.220325132922787326e+00,0.000000000000000000e+00,0.000000000000000000e+00
1.221420577386811424e+00,0.000000000000000000e+00,0.000000000000000000e+00
1.222516021850835299e+00,0.000000000000000000e+00,0.000000000000000000e+00
1.223611466314859397e+00,0.000000000000000000e+00,0.000000000000000000e+00
1.224706910778883495e+00,0.000000000000000000e+00,0.000000000000000000e+00
1.225802355242907371e+00,0.000000000000000000e+00,0.000000000000000000e+00
1.226897799706931469e+00,0.000000000000000000e+00,0.000000000000000000e+00
1.227993244170955567e+00,0.000000000000000000e+00,0.000000000000000000e+00
1.229088688634979665e+00,0.000000000000000000e+00,0.000000000000000000e+00
1.230184133099003763e+00,0.000000000000000000e+00,0.000000000000000000e+00
1.231279577563027638e+00,0.000000000000000000e+00,0.000000000000000000e+00
1.232375022027051736e+00,0.000000000000000000e+00,0.000000000000000000e+00
1.233470466491075834e+00,0.000000000000000000e+00,0.000000000000000000e+00
1.234565910955099710e+00,0.000000000000000000e+00,0.000000000000000000e+00
1.235661355419123808e+00,0.000000000000000000e+00,0.000000000000000000e+00
1.236756799883147906e+00,0.000000000000000000e+00,0.000000000000000000e+00
1.237852244347172004e+00,0.000000000000000000e+00,0.000000000000000000e+00
1.238947688811196102e+00,0.000000000000000000e+00,0.000000000000000000e+00
1.240043133275220200e+00,0.000000000000000000e+00,0.000000000000000000e+00
1.241138577739244075e+00,0.000000000000000000e+00,0.000000000000000000e+00
1.242234022203268173e+00,0.000000000000000000e+00,0.000000000000000000e+00
1.243329466667292271e+00,0.000000000000000000e+00,0.000000000000000000e+00
1.244424911131316147e+00,0.000000000000000000e+00,0.000000000000000000e+00
1.245520355595340245e+00,0.000000000000000000e+00,0.000000000000000000e+00
1.246615800059364343e+00,0.000000000000000000e+00,0.000000000000000000e+00
1.247711244523388441e+00,0.000000000000000000e+00,0.000000000000000000e+00
1.248806688987412539e+00,0.000000000000000000e+00,0.000000000000000000e+00
1.249902133451436415e+00,0.000000000000000000e+00,0.000000000000000000e+00
1.250997577915460512e+00,0.000000000000000000e+00,0.000000000000000000e+00
1.252093022379484610e+00,0.000000000000000000e+00,0.000000000000000000e+00
1.253188466843508486e+00,0.000000000000000000e+00,0.000000000000000000e+00
1.254283911307532584e+00,0.000000000000000000e+00,0.000000000000000000e+00
1.255379355771556904e+00,0.000000000000000000e+00,0.000000000000000000e+00
1.256474800235580780e+00,0.000000000000000000e+00,0.000000000000000000e+00
1.257570244699604878e+00,0.000000000000000000e+00,0.000000000000000000e+00
1.258665689163628976e+00,0.000000000000000000e+00,0.000000000000000000e+00
1.259761133627652852e+00,0.000000000000000000e+00,0.000000000000000000e+00
1.260856578091676949e+00,0.000000000000000000e+00,0.000000000000000000e+00
1.261952022555701047e+00,0.000000000000000000e+00,0.000000000000000000e+00
1.263047467019724923e+00,0.000000000000000000e+00,0.000000000000000000e+00
1.264142911483749021e+00,0.000000000000000000e+00,0.000000000000000000e+00
1.265238355947773119e+00,0.000000000000000000e+00,0.000000000000000000e+00
1.266333800411797217e+00,0.000000000000000000e+00,0.000000000000000000e+00
1.267429244875821315e+00,0.000000000000000000e+00,0.000000000000000000e+00
1.268524689339845191e+00,0.000000000000000000e+00,0.000000000000000000e+00
1.269620133803869289e+00,0.000000000000000000e+00,0.000000000000000000e+00
1.270715578267893386e+00,0.000000000000000000e+00,0.000000000000000000e+00
1.271811022731917262e+00,0.000000000000000000e+00,0.000000000000000000e+00
1.272906467195941360e+00,0.000000000000000000e+00,0.000000000000000000e+00
1.274001911659965680e+00,0.000000000000000000e+00,0.000000000000000000e+00
1.275097356123989556e+00,0.000000000000000000e+00,0.000000000000000000e+00
1.276192800588013654e+00,0.000000000000000000e+00,0.000000000000000000e+00
1.277288245052037752e+00,0.000000000000000000e+00,0.000000000000000000e+00
1.278383689516061628e+00,0.000000000000000000e+00,0.000000000000000000e+00
1.279479133980085725e+00,0.000000000000000000e+00,0.000000000000000000e+00
1.280574578444109823e+00,0.000000000000000000e+00,0.000000000000000000e+00
1.281670022908133699e+00,0.000000000000000000e+00,0.000000000000000000e+00
1.282765467372158019e+00,0.000000000000000000e+00,0.000000000000000000e+00
1.283860911836181895e+00,0.000000000000000000e+00,0.000000000000000000e+00
1.284956356300205993e+00,0.000000000000000000e+00,0.000000000000000000e+00
1.286051800764230091e+00,0.000000000000000000e+00,0.000000000000000000e+00
1.287147245228253967e+00,0.000000000000000000e+00,0.000000000000000000e+00
1.288242689692278065e+00,0.000000000000000000e+00,0.000000000000000000e+00
1.289338134156302162e+00,0.000000000000000000e+00,0.000000000000000000e+00
1.290433578620326038e+00,0.000000000000000000e+00,0.000000000000000000e+00
1.291529023084350136e+00,0.000000000000000000e+00,0.000000000000000000e+00
1.292624467548374456e+00,0.000000000000000000e+00,0.000000000000000000e+00
1.293719912012398332e+00,0.000000000000000000e+00,0.000000000000000000e+00
1.294815356476422430e+00,0.000000000000000000e+00,0.000000000000000000e+00
1.295910800940446528e+00,0.000000000000000000e+00,0.000000000000000000e+00
1.297006245404470404e+00,0.000000000000000000e+00,0.000000000000000000e+00
1.298101689868494502e+00,0.000000000000000000e+00,0.000000000000000000e+00
1.299197134332518377e+00,0.000000000000000000e+00,0.000000000000000000e+00
1.300292578796542475e+00,0.000000000000000000e+00,0.000000000000000000e+00
1.301388023260566795e+00,0.000000000000000000e+00,0.000000000000000000e+00
1.302483467724590671e+00,0.000000000000000000e+00,0.000000000000000000e+00
1.303578912188614769e+00,0.000000000000000000e+00,0.000000000000000000e+00
1.304674356652638867e+00,0.000000000000000000e+00,0.000000000000000000e+00
1.305769801116662743e+00,0.000000000000000000e+00,0.000000000000000000e+00
1.306865245580686841e+00,0.000000000000000000e+00,0.000000000000000000e+00
1.307960690044710939e+00,0.000000000000000000e+00,0.000000000000000000e+00
1.309056134508734814e+00,0.000000000000000000e+00,0.000000000000000000e+00
1.310151578972759134e+00,0.000000000000000000e+00,0.000000000000000000e+00
1.311247023436783232e+00,0.000000000000000000e+00,0.000000000000000000e+00
1.312342467900807108e+00,0.000000000000000000e+00,0.000000000000000000e+00
1.313437912364831206e+00,0.000000000000000000e+00,0.000000000000000000e+00
1.314533356828855304e+00,0.000000000000000000e+00,0.000000000000000000e+00
1.315628801292879180e+00,0.000000000000000000e+00,0.000000000000000000e+00
1.316724245756903278e+00,0.000000000000000000e+00,0.000000000000000000e+00
1.317819690220927153e+00,0.000000000000000000e+00,0.000000000000000000e+00
1.318915134684951251e+00,0.000000000000000000e+00,0.000000000000000000e+00
1.320010579148975571e+00,0.000000000000000000e+00,0.000000000000000000e+00
1.321106023612999447e+00,0.000000000000000000e+00,0.000000000000000000e+00
1.322201468077023545e+00,0.000000000000000000e+00,0.000000000000000000e+00
1.323296912541047643e+00,0.000000000000000000e+00,0.000000000000000000e+00
1.324392357005071519e+00,0.000000000000000000e+00,0.000000000000000000e+00
1.325487801469095617e+00,0.000000000000000000e+00,0.000000000000000000e+00
1.326583245933119715e+00,0.000000000000000000e+00,0.000000000000000000e+00
1.327678690397143590e+00,0.000000000000000000e+00,0.000000000000000000e+00
1.328774134861167910e+00,0.000000000000000000e+00,0.000000000000000000e+00
1.329869579325192008e+00,0.000000000000000000e+00,0.000000000000000000e+00
1.330965023789215884e+00,0.000000000000000000e+00,0.000000000000000000e+00
1.332060468253239982e+00,0.000000000000000000e+00,0.000000000000000000e+00
1.333155912717263858e+00,0.000000000000000000e+00,0.000000000000000000e+00
1.334251357181287956e+00,0.000000000000000000e+00,0.000000000000000000e+00
1.335346801645312054e+00,0.000000000000000000e+00,0.000000000000000000e+00
1.336442246109335930e+00,0.000000000000000000e+00,0.000000000000000000e+00
1.337537690573360250e+00,0.000000000000000000e+00,0.000000000000000000e+00
1.338633135037384347e+00,0.000000000000000000e+00,0.000000000000000000e+00
1.339728579501408223e+00,0.000000000000000000e+00,0.000000000000000000e+00
1.340824023965432321e+00,0.000000000000000000e+00,0.000000000000000000e+00
1.341919468429456419e+00,0.000000000000000000e+00,0.000000000000000000e+00
1.343014912893480295e+00,0.000000000000000000e+00,0.000000000000000000e+00
1.344110357357504393e+00,0.000000000000000000e+00,0.000000000000000000e+00
1.345205801821528491e+00,0.000000000000000000e+00,0.000000000000000000e+00
1.346301246285552367e+00,0.000000000000000000e+00,0.000000000000000000e+00
1.347396690749576686e+00,0.000000000000000000e+00,0.000000000000000000e+00
1.348492135213600562e+00,0.000000000000000000e+00,0.000000000000000000e+00
1.349587579677624660e+00,0.000000000000000000e+00,0.000000000000000000e+00
1.350683024141648758e+00,0.000000000000000000e+00,0.000000000000000000e+00
1.351778468605672634e+00,0.000000000000000000e+00,0.000000000000000000e+00
1.352873913069696732e+00,0.000000000000000000e+00,0.000000000000000000e+00
1.353969357533720830e+00,0.000000000000000000e+00,0.000000000000000000e+00
1.355064801997744706e+00,0.000000000000000000e+00,0.000000000000000000e+00
1.356160246461769026e+00,0.000000000000000000e+00,0.000000000000000000e+00
1.357255690925793123e+00,0.000000000000000000e+00,0.000000000000000000e+00
1.358351135389816999e+00,0.000000000000000000e+00,0.000000000000000000e+00
1.359446579853841097e+00,0.000000000000000000e+00,0.000000000000000000e+00
1.360542024317865195e+00,0.000000000000000000e+00,0.000000000000000000e+00
1.361637468781889071e+00,0.000000000000000000e+00,0.000000000000000000e+00
1.362732913245913169e+00,0.000000000000000000e+00,0.000000000000000000e+00
1.363828357709937267e+00,0.000000000000000000e+00,0.000000000000000000e+00
1.364923802173961365e+00,0.000000000000000000e+00,0.000000000000000000e+00
1.366019246637985463e+00,0.000000000000000000e+00,0.000000000000000000e+00
1.367114691102009338e+00,0.000000000000000000e+00,0.000000000000000000e+00
1.368210135566033436e+00,0.000000000000000000e+00,0.000000000000000000e+00
1.369305580030057534e+00,0.000000000000000000e+00,0.000000000000000000e+00
