# omega(Hartree) S(1/Hartree) dS(1/Hartree)
1.095444464024046072e-03,3.751376093180696092e+00,9.098262889822114730e+00
2.190888928048092144e-03,3.729340055996460901e+00,5.093061744816740344e+00
3.286333392072138000e-03,3.715643229661861113e+00,2.728597603345330747e+00
4.381777856096184288e-03,3.709610353074096256e+00,1.894246384347481049e+00
5.477222320120230144e-03,3.710645027129436890e+00,1.513460475792636206e+00
6.572666784144275999e-03,3.718217513441924638e+00,1.291422138450264656e+00
7.668111248168322722e-03,3.731854453743859601e+00,1.193079859099740236e+00
8.763555712192368577e-03,3.751130183254782757e+00,1.166630058001293824e+00
9.859000176216414432e-03,3.775659373108533945e+00,1.168809339200014952e+00
1.095444464024046029e-02,3.805090786260942437e+00,1.179699740995788781e+00
1.204988910426450614e-02,3.839101970802357933e+00,1.193240504556433379e+00
1.314533356828855200e-02,3.877394746316962237e+00,1.208395724439402574e+00
1.424077803231259785e-02,3.919691364463219863e+00,1.225270337115380803e+00
1.533622249633664544e-02,3.965731245549116935e+00,1.243954465694595113e+00
1.643166696036068783e-02,4.015268209524898602e+00,1.264357287855225387e+00
1.752711142438473715e-02,4.068068133299470368e+00,1.286283005734843554e+00
1.862255588840878301e-02,4.123906977214615743e+00,1.309512177303695513e+00
1.971800035243282886e-02,4.182569132384386101e+00,1.333843409195023089e+00
2.081344481645687472e-02,4.243846047817549483e+00,1.359104171373304304e+00
2.190888928048092057e-02,4.307535102097041602e+00,1.385146093227543007e+00
2.300433374450496643e-02,4.373438689180303207e+00,1.411835188145492026e+00
2.409977820852901229e-02,4.441363491752579939e+00,1.439042276473496029e+00
2.519522267255305814e-02,4.511119918773023763e+00,1.466635534466809387e+00
2.629066713657710400e-02,4.582521686442645681e+00,1.494475454997433062e+00
2.738611160060114985e-02,4.655385523978233131e+00,1.522411871897090263e+00
2.848155606462519571e-02,4.729530987355301086e+00,1.550282506917811665e+00
2.957700052864924503e-02,4.804780365670339393e+00,1.577912591792500763e+00
3.067244499267329089e-02,4.880958666032569226e+00,1.605115217284295959e+00
3.176788945669733327e-02,4.957893663974052068e+00,1.631692202082621668e+00
3.286333392072137566e-02,5.035416007310278275e+00,1.657435397360361495e+00
3.395877838474542498e-02,5.113359362221175708e+00,1.682128422362925813e+00
3.505422284876947431e-02,5.191560591080343734e+00,1.705548904743017680e+00
3.614966731279351669e-02,5.269859952264805081e+00,1.727471295474602764e+00
3.724511177681756602e-02,5.348101312834402599e+00,1.747670268312160768e+00
3.834055624084160840e-02,5.426132365601894492e+00,1.765924452796174826e+00
3.943600070486565773e-02,5.503804842719872248e+00,1.782019763086838182e+00
4.053144516888970011e-02,5.580974718502441867e+00,1.795750664790595641e+00
4.162688963291374944e-02,5.657502394778274990e+00,1.806916294505838794e+00
4.272233409693779183e-02,5.733252862623174906e+00,1.815306510361533787e+00
4.381777856096184115e-02,5.808095834897471832e+00,1.820671433640593140e+00
4.491322302498588354e-02,5.881905844516991166e+00,1.822669038194246305e+00
4.600866748900993286e-02,5.954562303931421496e+00,1.820794243808935953e+00
4.710411195303397525e-02,6.025949521775748607e+00,1.814320314955888636e+00
4.819955641705802457e-02,6.095956673140088711e+00,1.802347698679278798e+00
4.929500088108207390e-02,6.164477720362661728e+00,1.784181668348511884e+00
5.039044534510611628e-02,6.231411281681780601e+00,1.760463504343398933e+00
5.148588980913015867e-02,6.296660445488710067e+00,1.735685113470814223e+00
5.258133427315420799e-02,6.360132528304025534e+00,1.722465672017374771e+00
5.367677873717825038e-02,6.421738774956494922e+00,1.745793819805491420e+00
5.477222320120229970e-02,6.481393999778676474e+00,1.839790832769735651e+00
5.586766766522634903e-02,6.539016167952616421e+00,2.028553122235804640e+00
5.696311212925039141e-02,6.594525916448122693e+00,2.312197948979138218e+00
5.805855659327444074e-02,6.647846014306456830e+00,2.738204059561074377e+00
5.915400105729849006e-02,6.698900762342758775e+00,3.606490821888572285e+00
6.024944552132253245e-02,6.747615332689846035e+00,5.408626520489573153e+00
6.134488998534658177e-02,6.793915048998589334e+00,8.139083857183161186e+00
6.244033444937061722e-02,6.837724608572852247e+00,1.097842105709418092e+01
6.353577891339466654e-02,6.878967248270583923e+00,1.271055461854650481e+01
6.463122337741870893e-02,6.917563856682179768e+00,1.249077726198565408e+01
6.572666784144275132e-02,6.953432035938542199e+00,1.045125148719051289e+01
6.682211230546680758e-02,6.986485117538900447e+00,7.608337666888330908e+00
6.791755676949084997e-02,7.016631137876488289e+00,5.153794166570388136e+00
6.901300123351489235e-02,7.043771780722156706e+00,3.699293528458595492e+00
7.010844569753894862e-02,7.067801295859458044e+00,3.010281657212767303e+00
7.120389016156299100e-02,7.088605405406510407e+00,2.599191730809547352e+00
7.229933462558703339e-02,7.106060212167490064e+00,2.275361268228320633e+00
7.339477908961108965e-02,7.120031127689808947e+00,2.036069870037041429e+00
7.449022355363513204e-02,7.130371841605962047e+00,1.891808125848283284e+00
7.558566801765917442e-02,7.136923358357967651e+00,1.823890826615782501e+00
7.668111248168321681e-02,7.139513132551257968e+00,1.801396863343992960e+00
7.777655694570725919e-02,7.137954339951019023e+00,1.799996271670327719e+00
7.887200140973131546e-02,7.132045327471093543e+00,1.806663284310453976e+00
7.996744587375535784e-02,7.121569292293807862e+00,1.816454163170269531e+00
8.106289033777940023e-02,7.106294247314230539e+00,1.828357793885560856e+00
8.215833480180345649e-02,7.085973337139319206e+00,1.842602740578029419e+00
8.325377926582749888e-02,7.060345575487826153e+00,1.859404431118193646e+00
8.434922372985154126e-02,7.029137080483967459e+00,1.878592925828682203e+00
8.544466819387558365e-02,6.992062888327165382e+00,1.899646704980011425e+00
8.654011265789963991e-02,6.948829427264227476e+00,1.921848285227188535e+00
8.763555712192368230e-02,6.899137731691828535e+00,1.944429046770184799e+00
8.873100158594772469e-02,6.842687469353990082e+00,1.966661802061637543e+00
8.982644604997176707e-02,6.779181841769281291e+00,1.987902909405587337e+00
9.092189051399580946e-02,6.708333397892462635e+00,2.007599908247505116e+00
9.201733497801986572e-02,6.629870772490352060e+00,2.025280885241296236e+00
9.311277944204390811e-02,6.543546322899388201e+00,2.040537292199180008e+00
9.420822390606795049e-02,6.449144590436691082e+00,2.053007079580588812e+00
9.530366837009200676e-02,6.346491456123509955e+00,2.062361394133195081e+00
9.639911283411604914e-02,6.235463796068527742e+00,2.068295804058926990e+00
9.749455729814009153e-02,6.115999372482662011e+00,2.070525815663290636e+00
9.859000176216414779e-02,5.988106626042422498e+00,2.068785909042464510e+00
9.968544622618819018e-02,5.851873969601701475e+00,2.062831166313156661e+00
1.007808906902122326e-01,5.707478129046017479e+00,2.052440583536016216e+00
1.018763351542362888e-01,5.555191041710715538e+00,2.037421230001009498e+00
1.029717796182603173e-01,5.395384814119299044e+00,2.017612469044660184e+00
1.040672240822843597e-01,5.228534265478405274e+00,1.992889458385168400e+00
1.051626685463084160e-01,5.055216646209316878e+00,1.963165038095844972e+00
1.062581130103324584e-01,4.876108223411574905e+00,1.928388852677944909e+00
1.073535574743565008e-01,4.691977565067912082e+00,1.888541988021920304e+00
1.084490019383805570e-01,4.503675524937691854e+00,1.843624332793871501e+00
1.095444464024045994e-01,4.312122118886648536e+00,1.793629934750168520e+00
1.106398908664286418e-01,4.118290675574161064e+00,1.738502403933167795e+00
1.117353353304526981e-01,3.923189822716246056e+00,1.678057900290700122e+00
1.128307797944767404e-01,3.727844017067945881e+00,1.611859688202935903e+00
1.139262242585007828e-01,3.533273426942547868e+00,1.539036227206803442e+00
1.150216687225248391e-01,3.340474019830567354e+00,1.458090718009557252e+00
1.161171131865488815e-01,3.150398689949778230e+00,1.366958372747598238e+00
1.172125576505729239e-01,2.963940183660392247e+00,1.264159009023315683e+00
1.183080021145969801e-01,2.781916452783402161e+00,1.152978705296276551e+00
1.194034465786210225e-01,2.605058900898757468e+00,1.049643587147106594e+00
1.204988910426450649e-01,2.434003801944901735e+00,9.870847240445398407e-01
1.215943355066691212e-01,2.269286981437476314e+00,1.124155785600719826e+00
1.226897799706931635e-01,2.111341674273358837e+00,2.316793532051795168e+00
1.237852244347171921e-01,1.960499322212506668e+00,4.815765914807016657e+00
1.248806688987412344e-01,1.816992957348936066e+00,6.457553532767747129e+00
1.259761133627652907e-01,1.680962739283798912e+00,5.124634388819838016e+00
1.270715578267893331e-01,1.552463173149192910e+00,2.833935970281615369e+00
1.281670022908133755e-01,1.431471529598350667e+00,1.953978668870521629e+00
1.292624467548374179e-01,1.317897010427602433e+00,1.447975653400062290e+00
1.303578912188614602e-01,1.211590247550464294e+00,1.093410070170728332e+00
1.314533356828855026e-01,1.112352781170981020e+00,9.809667082378029646e-01
1.325487801469095728e-01,1.019946228390549381e+00,9.474125964630223384e-01
1.336442246109336152e-01,9.341009202647635457e-01,8.852327023039873177e-01
1.347396690749576575e-01,8.545238490830951994e-01,7.888735485031920236e-01
1.358351135389816999e-01,7.809058251383238503e-01,6.787323325754514025e-01
1.369305580030057423e-01,7.129277916848170138e-01,5.750284727101886428e-01
1.380260024670297847e-01,6.502662872785305304e-01,4.932549945216262444e-01
1.391214469310538548e-01,5.925980762832209203e-01,4.398708465451180993e-01
1.402168913950778972e-01,5.396039915823482858e-01,4.097448756840016415e-01
1.413123358591019396e-01,4.909720494220556897e-01,3.913184724471824305e-01
1.424077803231259820e-01,4.463999059503021560e-01,3.748668607926635699e-01
1.435032247871500244e-01,4.055967296052661597e-01,3.558033490941248655e-01
1.445986692511740668e-01,3.682845641659418523e-01,3.333971866700835007e-01
1.456941137151981369e-01,3.341992550448383281e-01,3.086123842828252251e-01
1.467895581792221793e-01,3.030910071491021984e-01,2.827682243065207657e-01
1.478850026432462217e-01,2.747246370983817965e-01,2.570449642685109226e-01
1.489804471072702641e-01,2.488795763420502405e-01,2.324094734107809423e-01
1.500758915712943065e-01,2.253496752097249034e-01,2.096372503413140853e-01
1.511713360353183488e-01,2.039428514828576788e-01,1.892990209470616081e-01
1.522667804993423912e-01,1.844806209187339063e-01,1.717057966270672253e-01
1.533622249633664336e-01,1.667975414362606046e-01,1.568602083416902049e-01
1.544576694273904760e-01,1.507405974718550035e-01,1.444668041525440927e-01
1.555531138914145184e-01,1.361685463721063749e-01,1.340216159446722677e-01
1.566485583554385608e-01,1.229512446073666027e-01,1.249517858075616106e-01
1.577440028194626309e-01,1.109689680542829820e-01,1.167470779937033742e-01
1.588394472834866733e-01,1.001117375648207936e-01,1.090380995747166626e-01
1.599348917475107157e-01,9.027865847398040822e-02,1.016123259076593677e-01
1.610303362115347581e-01,8.137728055171027097e-02,9.438684638002808880e-02
1.621257806755588005e-01,7.332298312374373184e-02,8.736395322128323593e-02
1.632212251395828428e-01,6.603838862791916453e-02,8.058906536095411521e-02
1.643166696036069130e-01,5.945280669190661921e-02,7.412025420832346612e-02
1.654121140676309554e-01,5.350170986999600725e-02,6.801064746686796836e-02
1.665075585316549978e-01,4.812624143271485716e-02,6.230077068258873391e-02
1.676030029956790401e-01,4.327275501988870482e-02,5.701679509396220119e-02
1.686984474597030825e-01,3.889238552817504690e-02,5.217137380035415800e-02
1.697938919237271249e-01,3.494065027443299387e-02,4.776507787689768941e-02
1.708893363877511673e-01,3.137707924051689329e-02,4.378765028781521351e-02
1.719847808517752374e-01,2.816487304480462875e-02,4.021907819163695469e-02
1.730802253157992798e-01,2.527058718376088212e-02,3.703082134390872637e-02
1.741756697798233222e-01,2.266384103286440965e-02,3.418752564987016102e-02
1.752711142438473646e-01,2.031705007929686738e-02,3.164933457088447977e-02
1.763665587078714070e-01,1.820517986934796356e-02,2.937463290408273003e-02
1.774620031718954494e-01,1.630552018583349833e-02,2.732284812645813590e-02
1.785574476359194918e-01,1.459747801862366912e-02,2.545687501406913161e-02
1.796528920999435341e-01,1.306238795021539244e-02,2.374478498333374571e-02
1.807483365639675765e-01,1.168333864450726844e-02,2.216067127224417149e-02
1.818437810279916189e-01,1.044501419716517901e-02,2.068467884477847782e-02
1.829392254920156613e-01,9.333549179897137130e-03,1.930240845025619004e-02
1.840346699560397314e-01,8.336396282857420903e-03,1.800394358070332365e-02
1.851301144200637738e-01,7.442205533958943381e-03,1.678273814146661810e-02
1.862255588840878162e-01,6.640714142682085583e-03,1.563454890280049914e-02
1.873210033481118586e-01,5.922646085908109780e-03,1.455652793322582440e-02
1.884164478121359010e-01,5.279620618000572217e-03,1.354652607894196725e-02
1.895118922761599434e-01,4.704068949456550325e-03,1.260260970742385807e-02
1.906073367401840135e-01,4.189158397133697573e-03,1.172276247519578145e-02
1.917027812042080559e-01,3.728723364334933944e-03,1.090473005865294151e-02
1.927982256682320983e-01,3.317202560223014678e-03,1.014596440430933812e-02
1.938936701322561407e-01,2.949581916338415034e-03,9.443630238846006941e-03
1.949891145962801831e-01,2.621342702277941125e-03,8.794646003675221299e-03
1.960845590603042254e-01,2.328414384506607981e-03,8.195740886596762989e-03
1.971800035243282956e-01,2.067131809836535335e-03,7.643517370985125278e-03
1.982754479883523380e-01,1.834196331101822135e-03,7.134514034369921626e-03
1.993708924523763804e-01,1.626640524591125474e-03,6.665266301547499196e-03
2.004663369164004227e-01,1.441796179242447237e-03,6.232364056456330716e-03
2.015617813804244651e-01,1.277265264419957585e-03,5.832505126207342301e-03
2.026572258444485075e-01,1.130893609500480687e-03,5.462543323393984594e-03
2.037526703084725777e-01,1.000747050292874647e-03,5.119529422729878279e-03
2.048481147724966200e-01,8.850898200156343161e-04,4.800743444464791905e-03
2.059435592365206347e-01,7.823649808789506733e-04,4.503716968386662148e-03
2.070390037005446771e-01,6.911767107622988947e-04,4.226244857623522207e-03
2.081344481645687194e-01,6.102742759683902349e-04,3.966386570519882769e-03
2.092298926285927896e-01,5.385375350854935570e-04,3.722458011410185834e-03
2.103253370926168320e-01,4.749638339177371773e-04,3.493015501971431791e-03
2.114207815566408744e-01,4.186561625887442778e-04,3.276833837655524634e-03
2.125162260206649167e-01,3.688124586565530503e-04,3.072880541924277644e-03
2.136116704846889591e-01,3.247159491317646077e-04,2.880288337098656226e-03
2.147071149487130015e-01,2.857264352548672857e-04,2.698327608101648827e-03
2.158025594127370717e-01,2.512724310540002492e-04,2.526380267150586754e-03
2.168980038767611140e-01,2.208440762404564276e-04,2.363916043183905864e-03
2.179934483407851564e-01,1.939867496930205222e-04,2.210471817392596194e-03
2.190888928048091988e-01,1.702953176379174555e-04,2.065634292658627153e-03
2.201843372688332134e-01,1.494089560345172754e-04,1.929025999125551834e-03
2.212797817328572836e-01,1.310064920233535097e-04,1.800294427788452041e-03
2.223752261968813260e-01,1.148022152135061040e-04,1.679103958739609336e-03
2.234706706609053961e-01,1.005421127495621423e-04,1.565130159573917094e-03
2.245661151249294107e-01,8.800048790299864001e-05,1.458056028521398460e-03
2.256615595889534809e-01,7.697692416987596481e-05,1.357569751731875192e-03
2.267570040529774955e-01,6.729356165770789921e-05,1.263363604476804968e-03
2.278524485170015657e-01,5.879265464205615571e-05,1.175133665292711193e-03
2.289478929810256080e-01,5.133438272350792188e-05,1.092580082214807341e-03
2.300433374450496782e-01,4.479489061462082810e-05,1.015407689831100300e-03
2.311387819090736928e-01,3.906453324282240652e-05,9.433268125897658479e-04
2.322342263730977630e-01,3.404630605182961675e-05,8.760541535758730727e-04
2.333296708371217776e-01,2.965444170872371288e-05,8.133136904940630471e-04
2.344251153011458477e-01,2.581315618234886165e-05,7.548375238792791059e-04
2.355205597651698901e-01,2.245552919975745510e-05,7.003666512540461433e-04
2.366160042291939603e-01,1.952250520957258200e-05,6.496516451444685593e-04
2.377114486932179749e-01,1.696200243980957591e-05,6.024532234144831756e-04
2.388068931572420450e-01,1.472811894935894004e-05,5.585427090720313219e-04
2.399023376212660597e-01,1.278042550800065672e-05,5.177023750003436958e-04
2.409977820852901298e-01,1.108333615215070844e-05,4.797256705762169152e-04
2.420932265493141722e-01,9.605548377322342012e-06,4.444173370277928917e-04
2.431886710133382423e-01,8.319545601067242834e-06,4.115934160687452405e-04
2.442841154773622570e-01,7.201155061219428240e-06,3.810811472004206005e-04
2.453795599413863271e-01,6.229155487951753751e-06,3.527187733733972439e-04
2.464750044054103417e-01,5.384929035781816782e-06,3.263552566315568409e-04
2.475704488694343841e-01,4.652152699298441631e-06,3.018499143434203434e-04
2.486658933334584543e-01,4.016525027301723135e-06,2.790719949199236671e-04
2.497613377974824689e-01,3.465523986495416103e-06,2.579001865826660187e-04
2.508567822615065390e-01,2.988193048665440747e-06,2.382221069104812380e-04
2.519522267255305814e-01,2.574951770217850178e-06,2.199337428374873327e-04
2.530476711895546238e-01,2.217428740901827303e-06,2.029388996165700952e-04
2.541431156535786662e-01,1.908313755105275219e-06,1.871486168527799468e-04
2.552385601176027086e-01,1.641227762752542578e-06,1.724806255151657621e-04
2.563340045816267510e-01,1.410607952407416004e-06,1.588587969223772666e-04
2.574294490456507933e-01,1.211606620730980383e-06,1.462126261134636491e-04
2.585248935096748357e-01,1.040002172811104602e-06,1.344767495727627101e-04
2.596203379736989336e-01,8.921206826803321611e-07,1.235904787385727925e-04
2.607157824377229205e-01,7.647670738402954967e-07,1.134973864842424513e-04
2.618112269017470184e-01,6.551646621993522965e-07,1.041449326120653577e-04
2.629066713657710053e-01,5.609019053111457229e-07,9.548409834380201051e-05
2.640021158297951032e-01,4.798859269076364964e-07,8.746909391725552255e-05
2.650975602938191455e-01,4.103016593454490442e-07,8.005708279485430185e-05
2.661930047578431879e-01,3.505760204968643604e-07,7.320793044611778220e-05
2.672884492218672303e-01,2.993465809687394310e-07,6.688398537257231834e-05
2.683838936858912727e-01,2.554342179080552150e-07,6.104989969183289298e-05
2.694793381499153151e-01,2.178191430624894478e-07,5.567245800925814240e-05
2.705747826139393575e-01,1.856199959728334324e-07,5.072043350741186837e-05
2.716702270779633999e-01,1.580755649047047195e-07,4.616445289303229484e-05
2.727656715419874978e-01,1.345288848993354873e-07,4.197688709462403495e-05
2.738611160060114846e-01,1.144133193534892681e-07,3.813173616234161433e-05
2.749565604700355270e-01,9.724059054993051487e-08,3.460457514973071437e-05
2.760520049340595694e-01,8.259013345227032366e-08,3.137243170576080396e-05
2.771474493980836118e-01,7.009993820957028368e-08,2.841370056083412319e-05
2.782428938621077097e-01,5.945875020608017425e-08,2.570812994965127822e-05
2.793383383261316966e-01,5.039900752822533572e-08,2.323669452970098898e-05
2.804337827901557945e-01,4.269097068164454177e-08,2.098158246929351538e-05
2.815292272541797813e-01,3.613742613416410755e-08,1.892609055937403376e-05
2.826246717182038792e-01,3.056930386183355225e-08,1.705462519767528344e-05
2.837201161822279216e-01,2.584164709629764783e-08,1.535258002565213664e-05
2.848155606462519640e-01,2.183036748884631708e-08,1.380635109115922885e-05
2.859110051102760064e-01,1.842922942831792885e-08,1.240322894413658243e-05
2.870064495743000488e-01,1.554745510112770989e-08,1.113142838735841395e-05
2.881018940383240912e-01,1.310739246952018169e-08,9.979937101492074216e-06
2.891973385023481335e-01,1.104275756067907673e-08,8.938545871445481000e-06
2.902927829663721759e-01,9.297019013287329648e-09,7.997812153583213777e-06
2.913882274303962738e-01,7.821904237373025660e-09,7.148932671397068611e-06
2.924836718944202607e-01,6.576353357471611220e-09,6.383830397371837955e-06
2.935791163584443586e-01,5.525358376428502385e-09,5.695002986500574589e-06
2.946745608224683455e-01,4.639142124294642023e-09,5.075540018776361651e-06
2.957700052864924434e-01,3.892420599297756200e-09,4.519116381317277033e-06
2.968654497505164858e-01,3.263629115126126966e-09,4.019819762778203410e-06
2.979608942145405281e-01,2.734559142316583836e-09,3.572342158496738149e-06
2.990563386785645705e-01,2.289667307495833351e-09,3.171695140953890605e-06
3.001517831425886129e-01,1.915841755261139197e-09,2.813398058701155639e-06
3.012472276066126553e-01,1.601946425325434704e-09,2.493315916650740735e-06
3.023426720706366977e-01,1.338521865911725275e-09,2.207619583308435441e-06
3.034381165346607401e-01,1.117677781915864084e-09,1.953004110468214890e-06
3.045335609986847825e-01,9.326302527923781049e-10,1.726271131061955469e-06
3.056290054627088248e-01,7.776660104322018428e-10,1.524536550761965002e-06
3.067244499267328672e-01,6.479873491431173333e-10,1.345227970275007329e-06
3.078198943907569096e-01,5.395725401972754127e-10,1.186070538546886847e-06
3.089153388547809520e-01,4.489915892498626461e-10,1.044922686434052364e-06
3.100107833188050499e-01,3.733574075896288159e-10,9.198503867260507999e-07
3.111062277828290368e-01,3.102579879332173908e-10,8.091521653972097823e-07
3.122016722468531347e-01,2.576089877292314351e-10,7.111453193419691430e-07
3.132971167108771215e-01,2.137885523621321341e-10,6.246747608436748353e-07
3.143925611749012194e-01,1.772605908427953091e-10,5.482042128030237934e-07
3.154880056389252618e-01,1.468873824604285785e-10,4.808060301535543419e-07
3.165834501029493042e-01,1.216124013794673390e-10,4.213264664366451335e-07
3.176788945669733466e-01,1.006524859896466422e-10,3.690848597351605055e-07
3.187743390309973890e-01,8.321109985192463223e-11,3.229637898117098816e-07
3.198697834950214314e-01,8.197638352555403302e-11,3.367799160143411034e-07
3.209652279590454738e-01,8.187096951803529493e-11,3.560324692994425601e-07
3.220606724230695161e-01,8.176914718140026675e-11,3.764189341827330938e-07
3.231561168870936140e-01,8.167086127744305971e-11,3.980095598959430551e-07
3.242515613511176009e-01,8.157605766696178589e-11,4.208785219046911442e-07
3.253470058151416988e-01,8.148468328369604877e-11,4.451040333165370069e-07
3.264424502791656857e-01,8.139668610895582750e-11,4.707684508265767989e-07
3.275378947431897836e-01,8.131201514692194132e-11,4.979583752418021000e-07
3.286333392072138260e-01,8.123062040059943099e-11,5.267647467397785624e-07
3.297287836712378128e-01,8.115245284840381085e-11,5.572829351192928154e-07
3.308242281352619107e-01,8.107746442136376438e-11,5.896128253809445720e-07
3.319196725992858976e-01,8.100560798092096068e-11,6.238588990454493054e-07
3.330151170633099955e-01,8.093683729731115929e-11,6.601303116555762760e-07
3.341105615273339824e-01,8.087110702850998201e-11,6.985409669331627684e-07
3.352060059913580803e-01,8.080837269972613624e-11,7.392095880593547758e-07
3.363014504553821227e-01,8.074859068342806625e-11,7.822597865247768631e-07
3.373968949194061651e-01,8.069171817988818704e-11,8.278201289522674719e-07
3.384923393834302074e-01,8.063771319823013434e-11,8.760242022361481020e-07
3.395877838474542498e-01,8.058653453796423222e-11,9.270106772658455866e-07
3.406832283114782922e-01,8.053814177099940376e-11,9.809233714102142158e-07
3.417786727755023346e-01,8.049249522411543358e-11,1.037911309844602060e-06
3.428741172395263770e-01,8.044955596188479013e-11,1.098128785693897901e-06
3.439695617035504749e-01,8.040928577003092791e-11,1.161735418855555979e-06
3.450650061675744618e-01,8.037164713920961502e-11,1.228896213258027120e-06
3.461604506315985597e-01,8.033660324920374765e-11,1.299781612192637137e-06
3.472558950956225465e-01,8.030411795351809341e-11,1.374567551255847853e-06
3.483513395596466444e-01,8.027415576436398578e-11,1.453435508328694293e-06
3.494467840236706868e-01,8.024668183802302227e-11,1.536572549924071530e-06
3.505422284876947292e-01,8.022166196057911659e-11,1.624171373137975389e-06
3.516376729517187716e-01,8.019906253400825457e-11,1.716430342360080847e-06
3.527331174157428140e-01,8.017885056261781156e-11,1.813553519815702618e-06
3.538285618797668564e-01,8.016099363982317854e-11,1.915750688950848898e-06
3.549240063437908987e-01,8.014545993525545433e-11,2.023237369604494263e-06
3.560194508078149411e-01,8.013221818218845537e-11,2.136234823871318848e-06
3.571148952718389835e-01,8.012123766527801204e-11,2.254970051509018839e-06
3.582103397358630259e-01,8.011248820860473687e-11,2.379675773719800079e-06
3.593057841998870683e-01,8.010594016401133365e-11,2.510590404107679560e-06
3.604012286639111107e-01,8.010156439972749402e-11,2.647958005610234211e-06
3.614966731279351531e-01,0.000000000000000000e+00,0.000000000000000000e+00
3.625921175919592510e-01,0.000000000000000000e+00,0.000000000000000000e+00
3.636875620559832378e-01,0.000000000000000000e+00,0.000000000000000000e+00
3.647830065200073357e-01,0.000000000000000000e+00,0.000000000000000000e+00
3.658784509840313226e-01,0.000000000000000000e+00,0.000000000000000000e+00
3.669738954480554205e-01,0.000000000000000000e+00,0.000000000000000000e+00
3.680693399120794629e-01,0.000000000000000000e+00,0.000000000000000000e+00
3.691647843761035053e-01,0.000000000000000000e+00,0.000000000000000000e+00
3.702602288401275477e-01,0.000000000000000000e+00,0.000000000000000000e+00
3.713556733041515900e-01,0.000000000000000000e+00,0.000000000000000000e+00
3.724511177681756324e-01,0.000000000000000000e+00,0.000000000000000000e+00
3.735465622321996748e-01,0.000000000000000000e+00,0.000000000000000000e+00
3.746420066962237172e-01,0.000000000000000000e+00,0.000000000000000000e+00
3.757374511602478151e-01,0.000000000000000000e+00,0.000000000000000000e+00
3.768328956242718020e-01,0.000000000000000000e+00,0.000000000000000000e+00
3.779283400882958999e-01,0.000000000000000000e+00,0.000000000000000000e+00
3.790237845523198867e-01,0.000000000000000000e+00,0.000000000000000000e+00
3.801192290163439846e-01,0.000000000000000000e+00,0.000000000000000000e+00
3.812146734803680270e-01,0.000000000000000000e+00,0.000000000000000000e+00
3.823101179443920694e-01,0.000000000000000000e+00,0.000000000000000000e+00
3.834055624084161118e-01,0.000000000000000000e+00,0.000000000000000000e+00
3.845010068724400987e-01,0.000000000000000000e+00,0.000000000000000000e+00
3.855964513364641966e-01,0.000000000000000000e+00,0.000000000000000000e+00
3.866918958004882390e-01,0.000000000000000000e+00,0.000000000000000000e+00
3.877873402645122813e-01,0.000000000000000000e+00,0.000000000000000000e+00
3.888827847285363237e-01,0.000000000000000000e+00,0.000000000000000000e+00
3.899782291925603661e-01,0.000000000000000000e+00,0.000000000000000000e+00
3.910736736565844085e-01,0.000000000000000000e+00,0.000000000000000000e+00
3.921691181206084509e-01,0.000000000000000000e+00,0.000000000000000000e+00
3.932645625846324933e-01,0.000000000000000000e+00,0.000000000000000000e+00
3.943600070486565912e-01,0.000000000000000000e+00,0.000000000000000000e+00
3.954554515126805780e-01,0.000000000000000000e+00,0.000000000000000000e+00
3.965508959767046759e-01,0.000000000000000000e+00,0.000000000000000000e+00
3.976463404407286628e-01,0.000000000000000000e+00,0.000000000000000000e+00
3.987417849047527607e-01,0.000000000000000000e+00,0.000000000000000000e+00
3.998372293687768031e-01,0.000000000000000000e+00,0.000000000000000000e+00
4.009326738328008455e-01,0.000000000000000000e+00,0.000000000000000000e+00
4.020281182968248879e-01,0.000000000000000000e+00,0.000000000000000000e+00
4.031235627608489303e-01,0.000000000000000000e+00,0.000000000000000000e+00
4.042190072248729726e-01,0.000000000000000000e+00,0.000000000000000000e+00
4.053144516888970150e-01,0.000000000000000000e+00,0.000000000000000000e+00
4.064098961529210574e-01,0.000000000000000000e+00,0.000000000000000000e+00
4.075053406169451553e-01,0.000000000000000000e+00,0.000000000000000000e+00
4.086007850809691422e-01,0.000000000000000000e+00,0.000000000000000000e+00
4.096962295449932401e-01,0.000000000000000000e+00,0.000000000000000000e+00
4.107916740090172270e-01,0.000000000000000000e+00,0.000000000000000000e+00
4.118871184730412693e-01,0.000000000000000000e+00,0.000000000000000000e+00
4.129825629370653672e-01,0.000000000000000000e+00,0.000000000000000000e+00
4.140780074010893541e-01,0.000000000000000000e+00,0.000000000000000000e+00
4.151734518651134520e-01,0.000000000000000000e+00,0.000000000000000000e+00
4.162688963291374389e-01,0.000000000000000000e+00,0.000000000000000000e+00
4.173643407931615368e-01,0.000000000000000000e+00,0.000000000000000000e+00
4.184597852571855792e-01,0.000000000000000000e+00,0.000000000000000000e+00
4.195552297212096216e-01,0.000000000000000000e+00,0.000000000000000000e+00
4.206506741852336639e-01,0.000000000000000000e+00,0.000000000000000000e+00
4.217461186492577063e-01,0.000000000000000000e+00,0.000000000000000000e+00
4.228415631132817487e-01,0.000000000000000000e+00,0.000000000000000000e+00
4.239370075773057911e-01,0.000000000000000000e+00,0.000000000000000000e+00
4.250324520413298335e-01,0.000000000000000000e+00,0.000000000000000000e+00
4.261278965053539314e-01,0.000000000000000000e+00,0.000000000000000000e+00
4.272233409693779183e-01,0.000000000000000000e+00,0.000000000000000000e+00
4.283187854334020161e-01,0.000000000000000000e+00,0.000000000000000000e+00
4.294142298974260030e-01,0.000000000000000000e+00,0.000000000000000000e+00
4.305096743614501009e-01,0.000000000000000000e+00,0.000000000000000000e+00
4.316051188254741433e-01,0.000000000000000000e+00,0.000000000000000000e+00
4.327005632894981857e-01,0.000000000000000000e+00,0.000000000000000000e+00
4.337960077535222281e-01,0.000000000000000000e+00,0.000000000000000000e+00
4.348914522175462705e-01,0.000000000000000000e+00,0.000000000000000000e+00
4.359868966815703129e-01,0.000000000000000000e+00,0.000000000000000000e+00
4.370823411455943552e-01,0.000000000000000000e+00,0.000000000000000000e+00
4.381777856096183976e-01,0.000000000000000000e+00,0.000000000000000000e+00
4.392732300736424400e-01,0.000000000000000000e+00,0.000000000000000000e+00
4.403686745376664269e-01,0.000000000000000000e+00,0.000000000000000000e+00
4.414641190016905803e-01,0.000000000000000000e+00,0.000000000000000000e+00
4.425595634657145672e-01,0.000000000000000000e+00,0.000000000000000000e+00
4.436550079297386096e-01,0.000000000000000000e+00,0.000000000000000000e+00
4.447504523937626519e-01,0.000000000000000000e+00,0.000000000000000000e+00
4.458458968577867498e-01,0.000000000000000000e+00,0.000000000000000000e+00
4.469413413218107922e-01,0.000000000000000000e+00,0.000000000000000000e+00
4.480367857858347791e-01,0.000000000000000000e+00,0.000000000000000000e+00
4.491322302498588215e-01,0.000000000000000000e+00,0.000000000000000000e+00
4.502276747138829194e-01,0.000000000000000000e+00,0.000000000000000000e+00
4.513231191779069618e-01,0.000000000000000000e+00,0.000000000000000000e+00
4.524185636419310041e-01,0.000000000000000000e+00,0.000000000000000000e+00
4.535140081059549910e-01,0.000000000000000000e+00,0.000000000000000000e+00
4.546094525699791444e-01,0.000000000000000000e+00,0.000000000000000000e+00
4.557048970340031313e-01,0.000000000000000000e+00,0.000000000000000000e+00
4.568003414980271737e-01,0.000000000000000000e+00,0.000000000000000000e+00
4.578957859620512161e-01,0.000000000000000000e+00,0.000000000000000000e+00
4.589912304260753140e-01,0.000000000000000000e+00,0.000000000000000000e+00
4.600866748900993564e-01,0.000000000000000000e+00,0.000000000000000000e+00
4.611821193541233432e-01,0.000000000000000000e+00,0.000000000000000000e+00
4.622775638181473856e-01,0.000000000000000000e+00,0.000000000000000000e+00
4.633730082821714835e-01,0.000000000000000000e+00,0.000000000000000000e+00
4.644684527461955259e-01,0.000000000000000000e+00,0.000000000000000000e+00
4.655638972102195683e-01,0.000000000000000000e+00,0.000000000000000000e+00
4.666593416742435552e-01,0.000000000000000000e+00,0.000000000000000000e+00
4.677547861382675976e-01,0.000000000000000000e+00,0.000000000000000000e+00
4.688502306022916954e-01,0.000000000000000000e+00,0.000000000000000000e+00
4.699456750663157378e-01,0.000000000000000000e+00,0.000000000000000000e+00
4.710411195303397802e-01,0.000000000000000000e+00,0.000000000000000000e+00
4.721365639943637671e-01,0.000000000000000000e+00,0.000000000000000000e+00
4.732320084583879205e-01,0.000000000000000000e+00,0.000000000000000000e+00
4.743274529224119074e-01,0.000000000000000000e+00,0.000000000000000000e+00
4.754228973864359498e-01,0.000000000000000000e+00,0.000000000000000000e+00
4.765183418504599921e-01,0.000000000000000000e+00,0.000000000000000000e+00
4.776137863144840900e-01,0.000000000000000000e+00,0.000000000000000000e+00
4.787092307785081324e-01,0.000000000000000000e+00,0.000000000000000000e+00
4.798046752425321193e-01,0.000000000000000000e+00,0.000000000000000000e+00
4.809001197065561617e-01,0.000000000000000000e+00,0.000000000000000000e+00
4.819955641705802596e-01,0.000000000000000000e+00,0.000000000000000000e+00
4.830910086346043020e-01,0.000000000000000000e+00,0.000000000000000000e+00
4.841864530986283444e-01,0.000000000000000000e+00,0.000000000000000000e+00
4.852818975626523312e-01,0.000000000000000000e+00,0.000000000000000000e+00
4.863773420266764846e-01,0.000000000000000000e+00,0.000000000000000000e+00
4.874727864907004715e-01,0.000000000000000000e+00,0.000000000000000000e+00
4.885682309547245139e-01,0.000000000000000000e+00,0.000000000000000000e+00
4.896636754187485563e-01,0.000000000000000000e+00,0.000000000000000000e+00
4.907591198827726542e-01,0.000000000000000000e+00,0.000000000000000000e+00
4.918545643467966966e-01,0.000000000000000000e+00,0.000000000000000000e+00
4.929500088108206834e-01,0.000000000000000000e+00,0.000000000000000000e+00
4.940454532748447258e-01,0.000000000000000000e+00,0.000000000000000000e+00
4.951408977388687682e-01,0.000000000000000000e+00,0.000000000000000000e+00
4.962363422028928661e-01,0.000000000000000000e+00,0.000000000000000000e+00
4.973317866669169085e-01,0.000000000000000000e+00,0.000000000000000000e+00
4.984272311309408954e-01,0.000000000000000000e+00,0.000000000000000000e+00
4.995226755949649378e-01,0.000000000000000000e+00,0.000000000000000000e+00
5.006181200589890912e-01,0.000000000000000000e+00,0.000000000000000000e+00
5.017135645230130780e-01,0.000000000000000000e+00,0.000000000000000000e+00
5.028090089870370649e-01,0.000000000000000000e+00,0.000000000000000000e+00
5.039044534510611628e-01,0.000000000000000000e+00,0.000000000000000000e+00
5.049998979150852607e-01,0.000000000000000000e+00,0.000000000000000000e+00
5.060953423791092476e-01,0.000000000000000000e+00,0.000000000000000000e+00
5.071907868431332345e-01,0.000000000000000000e+00,0.000000000000000000e+00
5.082862313071573324e-01,0.000000000000000000e+00,0.000000000000000000e+00
5.093816757711814303e-01,0.000000000000000000e+00,0.000000000000000000e+00
5.104771202352054171e-01,0.000000000000000000e+00,0.000000000000000000e+00
5.115725646992295150e-01,0.000000000000000000e+00,0.000000000000000000e+00
5.126680091632535019e-01,0.000000000000000000e+00,0.000000000000000000e+00
5.137634536272775998e-01,0.000000000000000000e+00,0.000000000000000000e+00
5.148588980913015867e-01,0.000000000000000000e+00,0.000000000000000000e+00
5.159543425553256846e-01,0.000000000000000000e+00,0.000000000000000000e+00
5.170497870193496714e-01,0.000000000000000000e+00,0.000000000000000000e+00
5.181452314833737693e-01,0.000000000000000000e+00,0.000000000000000000e+00
5.192406759473978672e-01,0.000000000000000000e+00,0.000000000000000000e+00
5.203361204114218541e-01,0.000000000000000000e+00,0.000000000000000000e+00
5.214315648754458410e-01,0.000000000000000000e+00,0.000000000000000000e+00
5.225270093394699389e-01,0.000000000000000000e+00,0.000000000000000000e+00
5.236224538034940368e-01,0.000000000000000000e+00,0.000000000000000000e+00
5.247178982675180237e-01,0.000000000000000000e+00,0.000000000000000000e+00
5.258133427315420105e-01,0.000000000000000000e+00,0.000000000000000000e+00
5.269087871955661084e-01,0.000000000000000000e+00,0.000000000000000000e+00
5.280042316595902063e-01,0.000000000000000000e+00,0.000000000000000000e+00
5.290996761236141932e-01,0.000000000000000000e+00,0.000000000000000000e+00
5.301951205876382911e-01,0.000000000000000000e+00,0.000000000000000000e+00
5.312905650516622780e-01,0.000000000000000000e+00,0.000000000000000000e+00
5.323860095156863759e-01,0.000000000000000000e+00,0.000000000000000000e+00
5.334814539797103627e-01,0.000000000000000000e+00,0.000000000000000000e+00
5.345768984437344606e-01,0.000000000000000000e+00,0.000000000000000000e+00
5.356723429077584475e-01,0.000000000000000000e+00,0.000000000000000000e+00
5.367677873717825454e-01,0.000000000000000000e+00,0.000000000000000000e+00
5.378632318358066433e-01,0.000000000000000000e+00,0.000000000000000000e+00
5.389586762998306302e-01,0.000000000000000000e+00,0.000000000000000000e+00
5.400541207638546171e-01,0.000000000000000000e+00,0.000000000000000000e+00
5.411495652278787150e-01,0.000000000000000000e+00,0.000000000000000000e+00
5.422450096919028129e-01,0.000000000000000000e+00,0.000000000000000000e+00
5.433404541559267997e-01,0.000000000000000000e+00,0.000000000000000000e+00
5.444358986199507866e-01,0.000000000000000000e+00,0.000000000000000000e+00
5.455313430839749955e-01,0.000000000000000000e+00,0.000000000000000000e+00
5.466267875479989824e-01,0.000000000000000000e+00,0.000000000000000000e+00
5.477222320120229693e-01,0.000000000000000000e+00,0.000000000000000000e+00
5.488176764760470672e-01,0.000000000000000000e+00,0.000000000000000000e+00
5.499131209400710540e-01,0.000000000000000000e+00,0.000000000000000000e+00
5.510085654040951519e-01,0.000000000000000000e+00,0.000000000000000000e+00
5.521040098681191388e-01,0.000000000000000000e+00,0.000000000000000000e+00
5.531994543321432367e-01,0.000000000000000000e+00,0.000000000000000000e+00
5.542948987961672236e-01,0.000000000000000000e+00,0.000000000000000000e+00
5.553903432601913215e-01,0.000000000000000000e+00,0.000000000000000000e+00
5.564857877242154194e-01,0.000000000000000000e+00,0.000000000000000000e+00
5.575812321882394063e-01,0.000000000000000000e+00,0.000000000000000000e+00
5.586766766522633931e-01,0.000000000000000000e+00,0.000000000000000000e+00
5.597721211162874910e-01,0.000000000000000000e+00,0.000000000000000000e+00
5.608675655803115889e-01,0.000000000000000000e+00,0.000000000000000000e+00
5.619630100443355758e-01,0.000000000000000000e+00,0.000000000000000000e+00
5.630584545083595627e-01,0.000000000000000000e+00,0.000000000000000000e+00
5.641538989723837716e-01,0.000000000000000000e+00,0.000000000000000000e+00
5.652493434364077585e-01,0.000000000000000000e+00,0.000000000000000000e+00
5.663447879004317453e-01,0.000000000000000000e+00,0.000000000000000000e+00
5.674402323644558432e-01,0.000000000000000000e+00,0.000000000000000000e+00
5.685356768284799411e-01,0.000000000000000000e+00,0.000000000000000000e+00
5.696311212925039280e-01,0.000000000000000000e+00,0.000000000000000000e+00
5.707265657565279149e-01,0.000000000000000000e+00,0.000000000000000000e+00
5.718220102205520128e-01,0.000000000000000000e+00,0.000000000000000000e+00
5.729174546845761107e-01,0.000000000000000000e+00,0.000000000000000000e+00
5.740128991486000976e-01,0.000000000000000000e+00,0.000000000000000000e+00
5.751083436126241955e-01,0.000000000000000000e+00,0.000000000000000000e+00
5.762037880766481823e-01,0.000000000000000000e+00,0.000000000000000000e+00
5.772992325406721692e-01,0.000000000000000000e+00,0.000000000000000000e+00
5.783946770046962671e-01,0.000000000000000000e+00,0.000000000000000000e+00
5.794901214687203650e-01,0.000000000000000000e+00,0.000000000000000000e+00
5.805855659327443519e-01,0.000000000000000000e+00,0.000000000000000000e+00
5.816810103967683387e-01,0.000000000000000000e+00,0.000000000000000000e+00
5.827764548607925477e-01,0.000000000000000000e+00,0.000000000000000000e+00
5.838718993248165345e-01,0.000000000000000000e+00,0.000000000000000000e+00
5.849673437888405214e-01,0.000000000000000000e+00,0.000000000000000000e+00
5.860627882528646193e-01,0.000000000000000000e+00,0.000000000000000000e+00
5.871582327168887172e-01,0.000000000000000000e+00,0.000000000000000000e+00
5.882536771809127041e-01,0.000000000000000000e+00,0.000000000000000000e+00
5.893491216449366910e-01,0.000000000000000000e+00,0.000000000000000000e+00
5.904445661089607889e-01,0.000000000000000000e+00,0.000000000000000000e+00
5.915400105729848867e-01,0.000000000000000000e+00,0.000000000000000000e+00
5.926354550370088736e-01,0.000000000000000000e+00,0.000000000000000000e+00
5.937308995010329715e-01,0.000000000000000000e+00,0.000000000000000000e+00
5.948263439650569584e-01,0.000000000000000000e+00,0.000000000000000000e+00
5.959217884290810563e-01,0.000000000000000000e+00,0.000000000000000000e+00
5.970172328931050432e-01,0.000000000000000000e+00,0.000000000000000000e+00
5.981126773571291411e-01,0.000000000000000000e+00,0.000000000000000000e+00
5.992081218211531279e-01,0.000000000000000000e+00,0.000000000000000000e+00
6.003035662851772258e-01,0.000000000000000000e+00,0.000000000000000000e+00
6.013990107492013237e-01,0.000000000000000000e+00,0.000000000000000000e+00
6.024944552132253106e-01,0.000000000000000000e+00,0.000000000000000000e+00
6.035898996772492975e-01,0.000000000000000000e+00,0.000000000000000000e+00
6.046853441412733954e-01,0.000000000000000000e+00,0.000000000000000000e+00
6.057807886052974933e-01,0.000000000000000000e+00,0.000000000000000000e+00
6.068762330693214802e-01,0.000000000000000000e+00,0.000000000000000000e+00
6.079716775333454670e-01,0.000000000000000000e+00,0.000000000000000000e+00
6.090671219973695649e-01,0.000000000000000000e+00,0.000000000000000000e+00
6.101625664613936628e-01,0.000000000000000000e+00,0.000000000000000000e+00
6.112580109254176497e-01,0.000000000000000000e+00,0.000000000000000000e+00
6.123534553894417476e-01,0.000000000000000000e+00,0.000000000000000000e+00
6.134488998534657345e-01,0.000000000000000000e+00,0.000000000000000000e+00
6.145443443174898324e-01,0.000000000000000000e+00,0.000000000000000000e+00
6.156397887815138192e-01,0.000000000000000000e+00,0.000000000000000000e+00
6.167352332455379171e-01,0.000000000000000000e+00,0.000000000000000000e+00
6.178306777095619040e-01,0.000000000000000000e+00,0.000000000000000000e+00
6.189261221735860019e-01,0.000000000000000000e+00,0.000000000000000000e+00
6.200215666376100998e-01,0.000000000000000000e+00,0.000000000000000000e+00
6.211170111016340867e-01,0.000000000000000000e+00,0.000000000000000000e+00
6.222124555656580736e-01,0.000000000000000000e+00,0.000000000000000000e+00
6.233079000296821714e-01,0.000000000000000000e+00,0.000000000000000000e+00
6.244033444937062693e-01,0.000000000000000000e+00,0.000000000000000000e+00
6.254987889577302562e-01,0.000000000000000000e+00,0.000000000000000000e+00
6.265942334217542431e-01,0.000000000000000000e+00,0.000000000000000000e+00
6.276896778857784520e-01,0.000000000000000000e+00,0.000000000000000000e+00
6.287851223498024389e-01,0.000000000000000000e+00,0.000000000000000000e+00
6.298805668138264258e-01,0.000000000000000000e+00,0.000000000000000000e+00
6.309760112778505237e-01,0.000000000000000000e+00,0.000000000000000000e+00
6.320714557418745105e-01,0.000000000000000000e+00,0.000000000000000000e+00
6.331669002058986084e-01,0.000000000000000000e+00,0.000000000000000000e+00
6.342623446699225953e-01,0.000000000000000000e+00,0.000000000000000000e+00
6.353577891339466932e-01,0.000000000000000000e+00,0.000000000000000000e+00
6.364532335979706801e-01,0.000000000000000000e+00,0.000000000000000000e+00
6.375486780619947780e-01,0.000000000000000000e+00,0.000000000000000000e+00
6.386441225260188759e-01,0.000000000000000000e+00,0.000000000000000000e+00
6.397395669900428627e-01,0.000000000000000000e+00,0.000000000000000000e+00
6.408350114540668496e-01,0.000000000000000000e+00,0.000000000000000000e+00
6.419304559180909475e-01,0.000000000000000000e+00,0.000000000000000000e+00
6.430259003821150454e-01,0.000000000000000000e+00,0.000000000000000000e+00
6.441213448461390323e-01,0.000000000000000000e+00,0.000000000000000000e+00
6.452167893101630192e-01,0.000000000000000000e+00,0.000000000000000000e+00
6.463122337741872281e-01,0.000000000000000000e+00,0.000000000000000000e+00
6.474076782382112150e-01,0.000000000000000000e+00,0.000000000000000000e+00
6.485031227022352018e-01,0.000000000000000000e+00,0.000000000000000000e+00
6.495985671662591887e-01,0.000000000000000000e+00,0.000000000000000000e+00
6.506940116302833976e-01,0.000000000000000000e+00,0.000000000000000000e+00
6.517894560943073845e-01,0.000000000000000000e+00,0.000000000000000000e+00
6.528849005583313714e-01,0.000000000000000000e+00,0.000000000000000000e+00
6.539803450223554693e-01,0.000000000000000000e+00,0.000000000000000000e+00
6.550757894863795672e-01,0.000000000000000000e+00,0.000000000000000000e+00
6.561712339504035540e-01,0.000000000000000000e+00,0.000000000000000000e+00
6.572666784144276519e-01,0.000000000000000000e+00,0.000000000000000000e+00
6.583621228784516388e-01,0.000000000000000000e+00,0.000000000000000000e+00
6.594575673424756257e-01,0.000000000000000000e+00,0.000000000000000000e+00
6.605530118064997236e-01,0.000000000000000000e+00,0.000000000000000000e+00
6.616484562705238215e-01,0.000000000000000000e+00,0.000000000000000000e+00
6.627439007345478084e-01,0.000000000000000000e+00,0.000000000000000000e+00
6.638393451985717952e-01,0.000000000000000000e+00,0.000000000000000000e+00
6.649347896625960042e-01,0.000000000000000000e+00,0.000000000000000000e+00
6.660302341266199910e-01,0.000000000000000000e+00,0.000000000000000000e+00
6.671256785906439779e-01,0.000000000000000000e+00,0.000000000000000000e+00
6.682211230546679648e-01,0.000000000000000000e+00,0.000000000000000000e+00
6.693165675186921737e-01,0.000000000000000000e+00,0.000000000000000000e+00
6.704120119827161606e-01,0.000000000000000000e+00,0.000000000000000000e+00
6.715074564467401474e-01,0.000000000000000000e+00,0.000000000000000000e+00
6.726029009107642453e-01,0.000000000000000000e+00,0.000000000000000000e+00
6.736983453747883432e-01,0.000000000000000000e+00,0.000000000000000000e+00
6.747937898388123301e-01,0.000000000000000000e+00,0.000000000000000000e+00
6.758892343028363170e-01,0.000000000000000000e+00,0.000000000000000000e+00
6.769846787668604149e-01,0.000000000000000000e+00,0.000000000000000000e+00
6.780801232308845128e-01,0.000000000000000000e+00,0.000000000000000000e+00
6.791755676949084997e-01,0.000000000000000000e+00,0.000000000000000000e+00
6.802710121589325976e-01,0.000000000000000000e+00,0.000000000000000000e+00
6.813664566229565844e-01,0.000000000000000000e+00,0.000000000000000000e+00
6.824619010869806823e-01,0.000000000000000000e+00,0.000000000000000000e+00
6.835573455510046692e-01,0.000000000000000000e+00,0.000000000000000000e+00
6.846527900150287671e-01,0.000000000000000000e+00,0.000000000000000000e+00
6.857482344790527540e-01,0.000000000000000000e+00,0.000000000000000000e+00
6.868436789430767409e-01,0.000000000000000000e+00,0.000000000000000000e+00
6.879391234071009498e-01,0.000000000000000000e+00,0.000000000000000000e+00
6.890345678711249366e-01,0.000000000000000000e+00,0.000000000000000000e+00
6.901300123351489235e-01,0.000000000000000000e+00,0.000000000000000000e+00
6.912254567991730214e-01,0.000000000000000000e+00,0.000000000000000000e+00
6.923209012631971193e-01,0.000000000000000000e+00,0.000000000000000000e+00
6.934163457272211062e-01,0.000000000000000000e+00,0.000000000000000000e+00
6.945117901912450931e-01,0.000000000000000000e+00,0.000000000000000000e+00
6.956072346552691910e-01,0.000000000000000000e+00,0.000000000000000000e+00
6.967026791192932889e-01,0.000000000000000000e+00,0.000000000000000000e+00
6.977981235833172757e-01,0.000000000000000000e+00,0.000000000000000000e+00
6.988935680473413736e-01,0.000000000000000000e+00,0.000000000000000000e+00
6.999890125113653605e-01,0.000000000000000000e+00,0.000000000000000000e+00
7.010844569753894584e-01,0.000000000000000000e+00,0.000000000000000000e+00
7.021799014394134453e-01,0.000000000000000000e+00,0.000000000000000000e+00
7.032753459034375432e-01,0.000000000000000000e+00,0.000000000000000000e+00
7.043707903674615300e-01,0.000000000000000000e+00,0.000000000000000000e+00
7.054662348314856279e-01,0.000000000000000000e+00,0.000000000000000000e+00
7.065616792955097258e-01,0.000000000000000000e+00,0.000000000000000000e+00
7.076571237595337127e-01,0.000000000000000000e+00,0.000000000000000000e+00
7.087525682235576996e-01,0.000000000000000000e+00,0.000000000000000000e+00
7.098480126875817975e-01,0.000000000000000000e+00,0.000000000000000000e+00
7.109434571516058954e-01,0.000000000000000000e+00,0.000000000000000000e+00
7.120389016156298823e-01,0.000000000000000000e+00,0.000000000000000000e+00
7.131343460796538691e-01,0.000000000000000000e+00,0.000000000000000000e+00
7.142297905436779670e-01,0.000000000000000000e+00,0.000000000000000000e+00
7.153252350077020649e-01,0.000000000000000000e+00,0.000000000000000000e+00
7.164206794717260518e-01,0.000000000000000000e+00,0.000000000000000000e+00
7.175161239357501497e-01,0.000000000000000000e+00,0.000000000000000000e+00
7.186115683997741366e-01,0.000000000000000000e+00,0.000000000000000000e+00
7.197070128637982345e-01,0.000000000000000000e+00,0.000000000000000000e+00
7.208024573278222213e-01,0.000000000000000000e+00,0.000000000000000000e+00
7.218979017918463192e-01,0.000000000000000000e+00,0.000000000000000000e+00
7.229933462558703061e-01,0.000000000000000000e+00,0.000000000000000000e+00
7.240887907198944040e-01,0.000000000000000000e+00,0.000000000000000000e+00
7.251842351839185019e-01,0.000000000000000000e+00,0.000000000000000000e+00
7.262796796479424888e-01,0.000000000000000000e+00,0.000000000000000000e+00
7.273751241119664757e-01,0.000000000000000000e+00,0.000000000000000000e+00
7.284705685759905736e-01,0.000000000000000000e+00,0.000000000000000000e+00
7.295660130400146715e-01,0.000000000000000000e+00,0.000000000000000000e+00
7.306614575040386583e-01,0.000000000000000000e+00,0.000000000000000000e+00
7.317569019680626452e-01,0.000000000000000000e+00,0.000000000000000000e+00
7.328523464320868541e-01,0.000000000000000000e+00,0.000000000000000000e+00
7.339477908961108410e-01,0.000000000000000000e+00,0.000000000000000000e+00
7.350432353601348279e-01,0.000000000000000000e+00,0.000000000000000000e+00
7.361386798241589258e-01,0.000000000000000000e+00,0.000000000000000000e+00
7.372341242881830237e-01,0.000000000000000000e+00,0.000000000000000000e+00
7.383295687522070105e-01,0.000000000000000000e+00,0.000000000000000000e+00
7.394250132162309974e-01,0.000000000000000000e+00,0.000000000000000000e+00
7.405204576802550953e-01,0.000000000000000000e+00,0.000000000000000000e+00
7.416159021442790822e-01,0.000000000000000000e+00,0.000000000000000000e+00
7.427113466083031801e-01,0.000000000000000000e+00,0.000000000000000000e+00
7.438067910723272780e-01,0.000000000000000000e+00,0.000000000000000000e+00
7.449022355363512649e-01,0.000000000000000000e+00,0.000000000000000000e+00
7.459976800003752517e-01,0.000000000000000000e+00,0.000000000000000000e+00
7.470931244643993496e-01,0.000000000000000000e+00,0.000000000000000000e+00
7.481885689284234475e-01,0.000000000000000000e+00,0.000000000000000000e+00
7.492840133924474344e-01,0.000000000000000000e+00,0.000000000000000000e+00
7.503794578564714213e-01,0.000000000000000000e+00,0.000000000000000000e+00
7.514749023204956302e-01,0.000000000000000000e+00,0.000000000000000000e+00
7.525703467845196171e-01,0.000000000000000000e+00,0.000000000000000000e+00
7.536657912485436039e-01,0.000000000000000000e+00,0.000000000000000000e+00
7.547612357125677018e-01,0.000000000000000000e+00,0.000000000000000000e+00
7.558566801765917997e-01,0.000000000000000000e+00,0.000000000000000000e+00
7.569521246406157866e-01,0.000000000000000000e+00,0.000000000000000000e+00
7.580475691046397735e-01,0.000000000000000000e+00,0.000000000000000000e+00
7.591430135686638714e-01,0.000000000000000000e+00,0.000000000000000000e+00
7.602384580326879693e-01,0.000000000000000000e+00,0.000000000000000000e+00
7.613339024967119562e-01,0.000000000000000000e+00,0.000000000000000000e+00
7.624293469607360541e-01,0.000000000000000000e+00,0.000000000000000000e+00
7.635247914247600409e-01,0.000000000000000000e+00,0.000000000000000000e+00
7.646202358887841388e-01,0.000000000000000000e+00,0.000000000000000000e+00
7.657156803528081257e-01,0.000000000000000000e+00,0.000000000000000000e+00
7.668111248168322236e-01,0.000000000000000000e+00,0.000000000000000000e+00
7.679065692808562105e-01,0.000000000000000000e+00,0.000000000000000000e+00
7.690020137448801973e-01,0.000000000000000000e+00,0.000000000000000000e+00
7.700974582089044063e-01,0.000000000000000000e+00,0.000000000000000000e+00
7.711929026729283931e-01,0.000000000000000000e+00,0.000000000000000000e+00
7.722883471369523800e-01,0.000000000000000000e+00,0.000000000000000000e+00
7.733837916009764779e-01,0.000000000000000000e+00,0.000000000000000000e+00
7.744792360650005758e-01,0.000000000000000000e+00,0.000000000000000000e+00
7.755746805290245627e-01,0.000000000000000000e+00,0.000000000000000000e+00
7.766701249930485496e-01,0.000000000000000000e+00,0.000000000000000000e+00
7.777655694570726475e-01,0.000000000000000000e+00,0.000000000000000000e+00
7.788610139210967453e-01,0.000000000000000000e+00,0.000000000000000000e+00
7.799564583851207322e-01,0.000000000000000000e+00,0.000000000000000000e+00
7.810519028491448301e-01,0.000000000000000000e+00,0.000000000000000000e+00
7.821473473131688170e-01,0.000000000000000000e+00,0.000000000000000000e+00
7.832427917771929149e-01,0.000000000000000000e+00,0.000000000000000000e+00
7.843382362412169018e-01,0.000000000000000000e+00,0.000000000000000000e+00
7.854336807052409997e-01,0.000000000000000000e+00,0.000000000000000000e+00
7.865291251692649865e-01,0.000000000000000000e+00,0.000000000000000000e+00
7.876245696332890844e-01,0.000000000000000000e+00,0.000000000000000000e+00
7.887200140973131823e-01,0.000000000000000000e+00,0.000000000000000000e+00
7.898154585613371692e-01,0.000000000000000000e+00,0.000000000000000000e+00
7.909109030253611561e-01,0.000000000000000000e+00,0.000000000000000000e+00
7.920063474893852540e-01,0.000000000000000000e+00,0.000000000000000000e+00
7.931017919534093519e-01,0.000000000000000000e+00,0.000000000000000000e+00
7.941972364174333388e-01,0.000000000000000000e+00,0.000000000000000000e+00
7.952926808814573256e-01,0.000000000000000000e+00,0.000000000000000000e+00
7.963881253454814235e-01,0.000000000000000000e+00,0.000000000000000000e+00
7.974835698095055214e-01,0.000000000000000000e+00,0.000000000000000000e+00
7.985790142735295083e-01,0.000000000000000000e+00,0.000000000000000000e+00
7.996744587375536062e-01,0.000000000000000000e+00,0.000000000000000000e+00
8.007699032015775931e-01,0.000000000000000000e+00,0.000000000000000000e+00
8.018653476656016910e-01,0.000000000000000000e+00,0.000000000000000000e+00
8.029607921296256778e-01,0.000000000000000000e+00,0.000000000000000000e+00
8.040562365936497757e-01,0.000000000000000000e+00,0.000000000000000000e+00
8.051516810576737626e-01,0.000000000000000000e+00,0.000000000000000000e+00
8.062471255216978605e-01,0.000000000000000000e+00,0.000000000000000000e+00
8.073425699857219584e-01,0.000000000000000000e+00,0.000000000000000000e+00
8.084380144497459453e-01,0.000000000000000000e+00,0.000000000000000000e+00
8.095334589137699322e-01,0.000000000000000000e+00,0.000000000000000000e+00
8.106289033777940300e-01,0.000000000000000000e+00,0.000000000000000000e+00
8.117243478418181279e-01,0.000000000000000000e+00,0.000000000000000000e+00
8.128197923058421148e-01,0.000000000000000000e+00,0.000000000000000000e+00
8.139152367698661017e-01,0.000000000000000000e+00,0.000000000000000000e+00
8.150106812338903106e-01,0.000000000000000000e+00,0.000000000000000000e+00
8.161061256979142975e-01,0.000000000000000000e+00,0.000000000000000000e+00
8.172015701619382844e-01,0.000000000000000000e+00,0.000000000000000000e+00
8.182970146259623823e-01,0.000000000000000000e+00,0.000000000000000000e+00
8.193924590899864802e-01,0.000000000000000000e+00,0.000000000000000000e+00
8.204879035540104670e-01,0.000000000000000000e+00,0.000000000000000000e+00
8.215833480180344539e-01,0.000000000000000000e+00,0.000000000000000000e+00
8.226787924820585518e-01,0.000000000000000000e+00,0.000000000000000000e+00
8.237742369460825387e-01,0.000000000000000000e+00,0.000000000000000000e+00
8.248696814101066366e-01,0.000000000000000000e+00,0.000000000000000000e+00
8.259651258741307345e-01,0.000000000000000000e+00,0.000000000000000000e+00
8.270605703381547213e-01,0.000000000000000000e+00,0.000000000000000000e+00
8.281560148021787082e-01,0.000000000000000000e+00,0.000000000000000000e+00
8.292514592662028061e-01,0.000000000000000000e+00,0.000000000000000000e+00
8.303469037302269040e-01,0.000000000000000000e+00,0.000000000000000000e+00
8.314423481942508909e-01,0.000000000000000000e+00,0.000000000000000000e+00
8.325377926582748778e-01,0.000000000000000000e+00,0.000000000000000000e+00
8.336332371222990867e-01,0.000000000000000000e+00,0.000000000000000000e+00
8.347286815863230736e-01,0.000000000000000000e+00,0.000000000000000000e+00
8.358241260503470604e-01,0.000000000000000000e+00,0.000000000000000000e+00
8.369195705143711583e-01,0.000000000000000000e+00,0.000000000000000000e+00
8.380150149783952562e-01,0.000000000000000000e+00,0.000000000000000000e+00
8.391104594424192431e-01,0.000000000000000000e+00,0.000000000000000000e+00
8.402059039064432300e-01,0.000000000000000000e+00,0.000000000000000000e+00
8.413013483704673279e-01,0.000000000000000000e+00,0.000000000000000000e+00
8.423967928344914258e-01,0.000000000000000000e+00,0.000000000000000000e+00
8.434922372985154126e-01,0.000000000000000000e+00,0.000000000000000000e+00
8.445876817625395105e-01,0.000000000000000000e+00,0.000000000000000000e+00
8.456831262265634974e-01,0.000000000000000000e+00,0.000000000000000000e+00
8.467785706905875953e-01,0.000000000000000000e+00,0.000000000000000000e+00
8.478740151546115822e-01,0.000000000000000000e+00,0.000000000000000000e+00
8.489694596186356801e-01,0.000000000000000000e+00,0.000000000000000000e+00
8.500649040826596670e-01,0.000000000000000000e+00,0.000000000000000000e+00
8.511603485466836538e-01,0.000000000000000000e+00,0.000000000000000000e+00
8.522557930107078628e-01,0.000000000000000000e+00,0.000000000000000000e+00
8.533512374747318496e-01,0.000000000000000000e+00,0.000000000000000000e+00
8.544466819387558365e-01,0.000000000000000000e+00,0.000000000000000000e+00
8.555421264027798234e-01,0.000000000000000000e+00,0.000000000000000000e+00
8.566375708668040323e-01,0.000000000000000000e+00,0.000000000000000000e+00
8.577330153308280192e-01,0.000000000000000000e+00,0.000000000000000000e+00
8.588284597948520060e-01,0.000000000000000000e+00,0.000000000000000000e+00
8.599239042588761039e-01,0.000000000000000000e+00,0.000000000000000000e+00
8.610193487229002018e-01,0.000000000000000000e+00,0.000000000000000000e+00
8.621147931869241887e-01,0.000000000000000000e+00,0.000000000000000000e+00
8.632102376509482866e-01,0.000000000000000000e+00,0.000000000000000000e+00
8.643056821149722735e-01,0.000000000000000000e+00,0.000000000000000000e+00
8.654011265789963714e-01,0.000000000000000000e+00,0.000000000000000000e+00
8.664965710430203583e-01,0.000000000000000000e+00,0.000000000000000000e+00
8.675920155070444562e-01,0.000000000000000000e+00,0.000000000000000000e+00
8.686874599710684430e-01,0.000000000000000000e+00,0.000000000000000000e+00
8.697829044350925409e-01,0.000000000000000000e+00,0.000000000000000000e+00
8.708783488991166388e-01,0.000000000000000000e+00,0.000000000000000000e+00
8.719737933631406257e-01,0.000000000000000000e+00,0.000000000000000000e+00
8.730692378271646126e-01,0.000000000000000000e+00,0.000000000000000000e+00
8.741646822911887105e-01,0.000000000000000000e+00,0.000000000000000000e+00
8.752601267552128084e-01,0.000000000000000000e+00,0.000000000000000000e+00
8.763555712192367952e-01,0.000000000000000000e+00,0.000000000000000000e+00
8.774510156832607821e-01,0.000000000000000000e+00,0.000000000000000000e+00
8.785464601472848800e-01,0.000000000000000000e+00,0.000000000000000000e+00
8.796419046113088669e-01,0.000000000000000000e+00,0.000000000000000000e+00
8.807373490753328538e-01,0.000000000000000000e+00,0.000000000000000000e+00
8.818327935393570627e-01,0.000000000000000000e+00,0.000000000000000000e+00
8.829282380033811606e-01,0.000000000000000000e+00,0.000000000000000000e+00
8.840236824674051475e-01,0.000000000000000000e+00,0.000000000000000000e+00
8.851191269314291343e-01,0.000000000000000000e+00,0.000000000000000000e+00
8.862145713954532322e-01,0.000000000000000000e+00,0.000000000000000000e+00
8.873100158594772191e-01,0.000000000000000000e+00,0.000000000000000000e+00
8.884054603235012060e-01,0.000000000000000000e+00,0.000000000000000000e+00
8.895009047875253039e-01,0.000000000000000000e+00,0.000000000000000000e+00
8.905963492515495128e-01,0.000000000000000000e+00,0.000000000000000000e+00
8.916917937155734997e-01,0.000000000000000000e+00,0.000000000000000000e+00
8.927872381795974865e-01,0.000000000000000000e+00,0.000000000000000000e+00
8.938826826436215844e-01,0.000000000000000000e+00,0.000000000000000000e+00
8.949781271076455713e-01,0.000000000000000000e+00,0.000000000000000000e+00
8.960735715716695582e-01,0.000000000000000000e+00,0.000000000000000000e+00
8.971690160356936561e-01,0.000000000000000000e+00,0.000000000000000000e+00
8.982644604997176430e-01,0.000000000000000000e+00,0.000000000000000000e+00
8.993599049637418519e-01,0.000000000000000000e+00,0.000000000000000000e+00
9.004553494277658388e-01,0.000000000000000000e+00,0.000000000000000000e+00
9.015507938917899367e-01,0.000000000000000000e+00,0.000000000000000000e+00
9.026462383558139235e-01,0.000000000000000000e+00,0.000000000000000000e+00
9.037416828198379104e-01,0.000000000000000000e+00,0.000000000000000000e+00
9.048371272838620083e-01,0.000000000000000000e+00,0.000000000000000000e+00
9.059325717478859952e-01,0.000000000000000000e+00,0.000000000000000000e+00
9.070280162119099820e-01,0.000000000000000000e+00,0.000000000000000000e+00
9.081234606759340799e-01,0.000000000000000000e+00,0.000000000000000000e+00
9.092189051399582889e-01,0.000000000000000000e+00,0.000000000000000000e+00
9.103143496039822757e-01,0.000000000000000000e+00,0.000000000000000000e+00
9.114097940680062626e-01,0.000000000000000000e+00,0.000000000000000000e+00
9.125052385320303605e-01,0.000000000000000000e+00,0.000000000000000000e+00
9.136006829960543474e-01,0.000000000000000000e+00,0.000000000000000000e+00
9.146961274600783343e-01,0.000000000000000000e+00,0.000000000000000000e+00
9.157915719241024322e-01,0.000000000000000000e+00,0.000000000000000000e+00
9.168870163881264190e-01,0.000000000000000000e+00,0.000000000000000000e+00
9.179824608521506280e-01,0.000000000000000000e+00,0.000000000000000000e+00
9.190779053161746148e-01,0.000000000000000000e+00,0.000000000000000000e+00
9.201733497801987127e-01,0.000000000000000000e+00,0.000000000000000000e+00
9.212687942442226996e-01,0.000000000000000000e+00,0.000000000000000000e+00
9.223642387082466865e-01,0.000000000000000000e+00,0.000000000000000000e+00
9.234596831722707844e-01,0.000000000000000000e+00,0.000000000000000000e+00
9.245551276362947712e-01,0.000000000000000000e+00,0.000000000000000000e+00
9.256505721003187581e-01,0.000000000000000000e+00,0.000000000000000000e+00
9.267460165643429670e-01,0.000000000000000000e+00,0.000000000000000000e+00
9.278414610283670649e-01,0.000000000000000000e+00,0.000000000000000000e+00
9.289369054923910518e-01,0.000000000000000000e+00,0.000000000000000000e+00
9.300323499564150387e-01,0.000000000000000000e+00,0.000000000000000000e+00
9.311277944204391366e-01,0.000000000000000000e+00,0.000000000000000000e+00
9.322232388844631235e-01,0.000000000000000000e+00,0.000000000000000000e+00
9.333186833484871103e-01,0.000000000000000000e+00,0.000000000000000000e+00
9.344141278125112082e-01,0.000000000000000000e+00,0.000000000000000000e+00
9.355095722765351951e-01,0.000000000000000000e+00,0.000000000000000000e+00
9.366050167405594040e-01,0.000000000000000000e+00,0.000000000000000000e+00
9.377004612045833909e-01,0.000000000000000000e+00,0.000000000000000000e+00
9.387959056686074888e-01,0.000000000000000000e+00,0.000000000000000000e+00
9.398913501326314757e-01,0.000000000000000000e+00,0.000000000000000000e+00
9.409867945966554625e-01,0.000000000000000000e+00,0.000000000000000000e+00
9.420822390606795604e-01,0.000000000000000000e+00,0.000000000000000000e+00
9.431776835247035473e-01,0.000000000000000000e+00,0.000000000000000000e+00
9.442731279887275342e-01,0.000000000000000000e+00,0.000000000000000000e+00
9.453685724527517431e-01,0.000000000000000000e+00,0.000000000000000000e+00
9.464640169167758410e-01,0.000000000000000000e+00,0.000000000000000000e+00
9.475594613807998279e-01,0.000000000000000000e+00,0.000000000000000000e+00
9.486549058448238148e-01,0.000000000000000000e+00,0.000000000000000000e+00
9.497503503088479127e-01,0.000000000000000000e+00,0.000000000000000000e+00
9.508457947728718995e-01,0.000000000000000000e+00,0.000000000000000000e+00
9.519412392368958864e-01,0.000000000000000000e+00,0.000000000000000000e+00
9.530366837009199843e-01,0.000000000000000000e+00,0.000000000000000000e+00
9.541321281649441932e-01,0.000000000000000000e+00,0.000000000000000000e+00
9.552275726289681801e-01,0.000000000000000000e+00,0.000000000000000000e+00
9.563230170929921670e-01,0.000000000000000000e+00,0.000000000000000000e+00
9.574184615570162649e-01,0.000000000000000000e+00,0.000000000000000000e+00
9.585139060210402517e-01,0.000000000000000000e+00,0.000000000000000000e+00
9.596093504850642386e-01,0.000000000000000000e+00,0.000000000000000000e+00
9.607047949490883365e-01,0.000000000000000000e+00,0.000000000000000000e+00
9.618002394131123234e-01,0.000000000000000000e+00,0.000000000000000000e+00
9.628956838771363103e-01,0.000000000000000000e+00,0.000000000000000000e+00
9.639911283411605192e-01,0.000000000000000000e+00,0.000000000000000000e+00
9.650865728051846171e-01,0.000000000000000000e+00,0.000000000000000000e+00
9.661820172692086039e-01,0.000000000000000000e+00,0.000000000000000000e+00
9.672774617332325908e-01,0.000000000000000000e+00,0.000000000000000000e+00
9.683729061972566887e-01,0.000000000000000000e+00,0.000000000000000000e+00
9.694683506612806756e-01,0.000000000000000000e+00,0.000000000000000000e+00
9.705637951253046625e-01,0.000000000000000000e+00,0.000000000000000000e+00
9.716592395893287604e-01,0.000000000000000000e+00,0.000000000000000000e+00
9.727546840533529693e-01,0.000000000000000000e+00,0.000000000000000000e+00
9.738501285173769562e-01,0.000000000000000000e+00,0.000000000000000000e+00
9.749455729814009430e-01,0.000000000000000000e+00,0.000000000000000000e+00
9.760410174454250409e-01,0.000000000000000000e+00,0.000000000000000000e+00
9.771364619094490278e-01,0.000000000000000000e+00,0.000000000000000000e+00
9.782319063734730147e-01,0.000000000000000000e+00,0.000000000000000000e+00
9.793273508374971126e-01,0.000000000000000000e+00,0.000000000000000000e+00
9.804227953015210995e-01,0.000000000000000000e+00,0.000000000000000000e+00
9.815182397655453084e-01,0.000000000000000000e+00,0.000000000000000000e+00
9.826136842295692952e-01,0.000000000000000000e+00,0.000000000000000000e+00
9.837091286935933931e-01,0.000000000000000000e+00,0.000000000000000000e+00
9.848045731576173800e-01,0.000000000000000000e+00,0.000000000000000000e+00
9.859000176216413669e-01,0.000000000000000000e+00,0.000000000000000000e+00
9.869954620856654648e-01,0.000000000000000000e+00,0.000000000000000000e+00
9.880909065496894517e-01,0.000000000000000000e+00,0.000000000000000000e+00
9.891863510137134385e-01,0.000000000000000000e+00,0.000000000000000000e+00
9.902817954777375364e-01,0.000000000000000000e+00,0.000000000000000000e+00
9.913772399417617454e-01,0.000000000000000000e+00,0.000000000000000000e+00
9.924726844057857322e-01,0.000000000000000000e+00,0.000000000000000000e+00
9.935681288698097191e-01,0.000000000000000000e+00,0.000000000000000000e+00
9.946635733338338170e-01,0.000000000000000000e+00,0.000000000000000000e+00
9.957590177978578039e-01,0.000000000000000000e+00,0.000000000000000000e+00
9.968544622618817908e-01,0.000000000000000000e+00,0.000000000000000000e+00
9.979499067259058886e-01,0.000000000000000000e+00,0.000000000000000000e+00
9.990453511899298755e-01,0.000000000000000000e+00,0.000000000000000000e+00
1.000140795653954084e+00,0.000000000000000000e+00,0.000000000000000000e+00
1.001236240117978182e+00,0.000000000000000000e+00,0.000000000000000000e+00
1.002331684582002058e+00,0.000000000000000000e+00,0.000000000000000000e+00
1.003427129046026156e+00,0.000000000000000000e+00,0.000000000000000000e+00
1.004522573510050254e+00,0.000000000000000000e+00,0.000000000000000000e+00
1.005618017974074130e+00,0.000000000000000000e+00,0.000000000000000000e+00
1.006713462438098228e+00,0.000000000000000000e+00,0.000000000000000000e+00
1.007808906902122326e+00,0.000000000000000000e+00,0.000000000000000000e+00
1.008904351366146424e+00,0.000000000000000000e+00,0.000000000000000000e+00
1.009999795830170521e+00,0.000000000000000000e+00,0.000000000000000000e+00
1.011095240294194397e+00,0.000000000000000000e+00,0.000000000000000000e+00
1.012190684758218495e+00,0.000000000000000000e+00,0.000000000000000000e+00
1.013286129222242593e+00,0.000000000000000000e+00,0.000000000000000000e+00
1.014381573686266469e+00,0.000000000000000000e+00,0.000000000000000000e+00
1.015477018150290567e+00,0.000000000000000000e+00,0.000000000000000000e+00
1.016572462614314665e+00,0.000000000000000000e+00,0.000000000000000000e+00
1.017667907078338541e+00,0.000000000000000000e+00,0.000000000000000000e+00
1.018763351542362861e+00,0.000000000000000000e+00,0.000000000000000000e+00
1.019858796006386958e+00,0.000000000000000000e+00,0.000000000000000000e+00
1.020954240470410834e+00,0.000000000000000000e+00,0.000000000000000000e+00
1.022049684934434932e+00,0.000000000000000000e+00,0.000000000000000000e+00
1.023145129398459030e+00,0.000000000000000000e+00,0.000000000000000000e+00
1.024240573862482906e+00,0.000000000000000000e+00,0.000000000000000000e+00
1.025336018326507004e+00,0.000000000000000000e+00,0.000000000000000000e+00
1.026431462790531102e+00,0.000000000000000000e+00,0.000000000000000000e+00
1.027526907254555200e+00,0.000000000000000000e+00,0.000000000000000000e+00
1.028622351718579297e+00,0.000000000000000000e+00,0.000000000000000000e+00
1.029717796182603173e+00,0.000000000000000000e+00,0.000000000000000000e+00
1.030813240646627271e+00,0.000000000000000000e+00,0.000000000000000000e+00
1.031908685110651369e+00,0.000000000000000000e+00,0.000000000000000000e+00
1.033004129574675245e+00,0.000000000000000000e+00,0.000000000000000000e+00
1.034099574038699343e+00,0.000000000000000000e+00,0.000000000000000000e+00
1.035195018502723441e+00,0.000000000000000000e+00,0.000000000000000000e+00
1.036290462966747539e+00,0.000000000000000000e+00,0.000000000000000000e+00
1.037385907430771637e+00,0.000000000000000000e+00,0.000000000000000000e+00
1.038481351894795734e+00,0.000000000000000000e+00,0.000000000000000000e+00
1.039576796358819610e+00,0.000000000000000000e+00,0.000000000000000000e+00
1.040672240822843708e+00,0.000000000000000000e+00,0.000000000000000000e+00
1.041767685286867806e+00,0.000000000000000000e+00,0.000000000000000000e+00
1.042863129750891682e+00,0.000000000000000000e+00,0.000000000000000000e+00
1.043958574214915780e+00,0.000000000000000000e+00,0.000000000000000000e+00
1.045054018678939878e+00,0.000000000000000000e+00,0.000000000000000000e+00
1.046149463142963976e+00,0.000000000000000000e+00,0.000000000000000000e+00
1.047244907606988074e+00,0.000000000000000000e+00,0.000000000000000000e+00
1.048340352071011949e+00,0.000000000000000000e+00,0.000000000000000000e+00
1.049435796535036047e+00,0.000000000000000000e+00,0.000000000000000000e+00
1.050531240999060145e+00,0.000000000000000000e+00,0.000000000000000000e+00
1.051626685463084021e+00,0.000000000000000000e+00,0.000000000000000000e+00
1.052722129927108119e+00,0.000000000000000000e+00,0.000000000000000000e+00
1.053817574391132217e+00,0.000000000000000000e+00,0.000000000000000000e+00
1.054913018855156315e+00,0.000000000000000000e+00,0.000000000000000000e+00
1.056008463319180413e+00,0.000000000000000000e+00,0.000000000000000000e+00
1.057103907783204511e+00,0.000000000000000000e+00,0.000000000000000000e+00
1.058199352247228386e+00,0.000000000000000000e+00,0.000000000000000000e+00
1.059294796711252484e+00,0.000000000000000000e+00,0.000000000000000000e+00
1.060390241175276582e+00,0.000000000000000000e+00,0.000000000000000000e+00
1.061485685639300458e+00,0.000000000000000000e+00,0.000000000000000000e+00
1.062581130103324556e+00,0.000000000000000000e+00,0.000000000000000000e+00
1.063676574567348654e+00,0.000000000000000000e+00,0.000000000000000000e+00
1.064772019031372752e+00,0.000000000000000000e+00,0.000000000000000000e+00
1.065867463495396850e+00,0.000000000000000000e+00,0.000000000000000000e+00
1.066962907959420725e+00,0.000000000000000000e+00,0.000000000000000000e+00
1.068058352423444823e+00,0.000000000000000000e+00,0.000000000000000000e+00
1.069153796887468921e+00,0.000000000000000000e+00,0.000000000000000000e+00
1.070249241351492797e+00,0.000000000000000000e+00,0.000000000000000000e+00
1.071344685815516895e+00,0.000000000000000000e+00,0.000000000000000000e+00
1.072440130279540993e+00,0.000000000000000000e+00,0.000000000000000000e+00
1.073535574743565091e+00,0.000000000000000000e+00,0.000000000000000000e+00
1.074631019207589189e+00,0.000000000000000000e+00,0.000000000000000000e+00
1.075726463671613287e+00,0.000000000000000000e+00,0.000000000000000000e+00
1.076821908135637162e+00,0.000000000000000000e+00,0.000000000000000000e+00
1.077917352599661260e+00,0.000000000000000000e+00,0.000000000000000000e+00
1.079012797063685358e+00,0.000000000000000000e+00,0.000000000000000000e+00
1.080108241527709234e+00,0.000000000000000000e+00,0.000000000000000000e+00
1.081203685991733332e+00,0.000000000000000000e+00,0.000000000000000000e+00
1.082299130455757430e+00,0.000000000000000000e+00,0.000000000000000000e+00
1.083394574919781528e+00,0.000000000000000000e+00,0.000000000000000000e+00
1.084490019383805626e+00,0.000000000000000000e+00,0.000000000000000000e+00
1.085585463847829502e+00,0.000000000000000000e+00,0.000000000000000000e+00
1.086680908311853599e+00,0.000000000000000000e+00,0.000000000000000000e+00
1.087776352775877697e+00,0.000000000000000000e+00,0.000000000000000000e+00
1.088871797239901573e+00,0.000000000000000000e+00,0.000000000000000000e+00
1.089967241703925671e+00,0.000000000000000000e+00,0.000000000000000000e+00
1.091062686167949991e+00,0.000000000000000000e+00,0.000000000000000000e+00
1.092158130631973867e+00,0.000000000000000000e+00,0.000000000000000000e+00
1.093253575095997965e+00,0.000000000000000000e+00,0.000000000000000000e+00
1.094349019560022063e+00,0.000000000000000000e+00,0.000000000000000000e+00
1.095444464024045939e+00,0.000000000000000000e+00,0.000000000000000000e+00
1.096539908488070036e+00,0.000000000000000000e+00,0.000000000000000000e+00
1.097635352952094134e+00,0.000000000000000000e+00,0.000000000000000000e+00
1.098730797416118010e+00,0.000000000000000000e+00,0.000000000000000000e+00
1.099826241880142108e+00,0.000000000000000000e+00,0.000000000000000000e+00
1.100921686344166206e+00,0.000000000000000000e+00,0.000000000000000000e+00
1.102017130808190304e+00,0.000000000000000000e+00,0.000000000000000000e+00
1.103112575272214402e+00,0.000000000000000000e+00,0.000000000000000000e+00
1.104208019736238278e+00,0.000000000000000000e+00,0.000000000000000000e+00
1.105303464200262376e+00,0.000000000000000000e+00,0.000000000000000000e+00
1.106398908664286473e+00,0.000000000000000000e+00,0.000000000000000000e+00
1.107494353128310349e+00,0.000000000000000000e+00,0.000000000000000000e+00
1.108589797592334447e+00,0.000000000000000000e+00,0.000000000000000000e+00
1.109685242056358767e+00,0.000000000000000000e+00,0.000000000000000000e+00
1.110780686520382643e+00,0.000000000000000000e+00,0.000000000000000000e+00
1.111876130984406741e+00,0.000000000000000000e+00,0.000000000000000000e+00
1.112971575448430839e+00,0.000000000000000000e+00,0.000000000000000000e+00
1.114067019912454715e+00,0.000000000000000000e+00,0.000000000000000000e+00
1.115162464376478813e+00,0.000000000000000000e+00,0.000000000000000000e+00
1.116257908840502910e+00,0.000000000000000000e+00,0.000000000000000000e+00
1.117353353304526786e+00,0.000000000000000000e+00,0.000000000000000000e+00
1.118448797768551106e+00,0.000000000000000000e+00,0.000000000000000000e+00
1.119544242232574982e+00,0.000000000000000000e+00,0.000000000000000000e+00
1.120639686696599080e+00,0.000000000000000000e+00,0.000000000000000000e+00
1.121735131160623178e+00,0.000000000000000000e+00,0.000000000000000000e+00
1.122830575624647054e+00,0.000000000000000000e+00,0.000000000000000000e+00
1.123926020088671152e+00,0.000000000000000000e+00,0.000000000000000000e+00
1.125021464552695249e+00,0.000000000000000000e+00,0.000000000000000000e+00
1.126116909016719125e+00,0.000000000000000000e+00,0.000000000000000000e+00
1.127212353480743223e+00,0.000000000000000000e+00,0.000000000000000000e+00
1.128307797944767543e+00,0.000000000000000000e+00,0.000000000000000000e+00
1.129403242408791419e+00,0.000000000000000000e+00,0.000000000000000000e+00
1.130498686872815517e+00,0.000000000000000000e+00,0.000000000000000000e+00
1.131594131336839615e+00,0.000000000000000000e+00,0.000000000000000000e+00
1.132689575800863491e+00,0.000000000000000000e+00,0.000000000000000000e+00
1.133785020264887589e+00,0.000000000000000000e+00,0.000000000000000000e+00
1.134880464728911686e+00,0.000000000000000000e+00,0.000000000000000000e+00
1.135975909192935562e+00,0.000000000000000000e+00,0.000000000000000000e+00
1.137071353656959882e+00,0.000000000000000000e+00,0.000000000000000000e+00
1.138166798120983758e+00,0.000000000000000000e+00,0.000000000000000000e+00
1.139262242585007856e+00,0.000000000000000000e+00,0.000000000000000000e+00
1.140357687049031954e+00,0.000000000000000000e+00,0.000000000000000000e+00
1.141453131513055830e+00,0.000000000000000000e+00,0.000000000000000000e+00
1.142548575977079928e+00,0.000000000000000000e+00,0.000000000000000000e+00
1.143644020441104026e+00,0.000000000000000000e+00,0.000000000000000000e+00
1.144739464905127901e+00,0.000000000000000000e+00,0.000000000000000000e+00
1.145834909369152221e+00,0.000000000000000000e+00,0.000000000000000000e+00
1.146930353833176319e+00,0.000000000000000000e+00,0.000000000000000000e+00
1.148025798297200195e+00,0.000000000000000000e+00,0.000000000000000000e+00
1.149121242761224293e+00,0.000000000000000000e+00,0.000000000000000000e+00
1.150216687225248391e+00,0.000000000000000000e+00,0.000000000000000000e+00
1.151312131689272267e+00,0.000000000000000000e+00,0.000000000000000000e+00
1.152407576153296365e+00,0.000000000000000000e+00,0.000000000000000000e+00
1.153503020617320463e+00,0.000000000000000000e+00,0.000000000000000000e+00
1.154598465081344338e+00,0.000000000000000000e+00,0.000000000000000000e+00
1.155693909545368658e+00,0.000000000000000000e+00,0.000000000000000000e+00
1.156789354009392534e+00,0.000000000000000000e+00,0.000000000000000000e+00
1.157884798473416632e+00,0.000000000000000000e+00,0.000000000000000000e+00
1.158980242937440730e+00,0.000000000000000000e+00,0.000000000000000000e+00
1.160075687401464606e+00,0.000000000000000000e+00,0.000000000000000000e+00
1.161171131865488704e+00,0.000000000000000000e+00,0.000000000000000000e+00
1.162266576329512802e+00,0.000000000000000000e+00,0.000000000000000000e+00
1.163362020793536677e+00,0.000000000000000000e+00,0.000000000000000000e+00
1.164457465257560997e+00,0.000000000000000000e+00,0.000000000000000000e+00
1.165552909721585095e+00,0.000000000000000000e+00,0.000000000000000000e+00
1.166648354185608971e+00,0.000000000000000000e+00,0.000000000000000000e+00
1.167743798649633069e+00,0.000000000000000000e+00,0.000000000000000000e+00
1.168839243113657167e+00,0.000000000000000000e+00,0.000000000000000000e+00
1.169934687577681043e+00,0.000000000000000000e+00,0.000000000000000000e+00
1.171030132041705141e+00,0.000000000000000000e+00,0.000000000000000000e+00
1.172125576505729239e+00,0.000000000000000000e+00,0.000000000000000000e+00
1.173221020969753337e+00,0.000000000000000000e+00,0.000000000000000000e+00
1.174316465433777434e+00,0.000000000000000000e+00,0.000000000000000000e+00
1.175411909897801310e+00,0.000000000000000000e+00,0.000000000000000000e+00
1.176507354361825408e+00,0.000000000000000000e+00,0.000000000000000000e+00
1.177602798825849506e+00,0.000000000000000000e+00,0.000000000000000000e+00
1.178698243289873382e+00,0.000000000000000000e+00,0.000000000000000000e+00
1.179793687753897480e+00,0.000000000000000000e+00,0.000000000000000000e+00
1.180889132217921578e+00,0.000000000000000000e+00,0.000000000000000000e+00
1.181984576681945454e+00,0.000000000000000000e+00,0.000000000000000000e+00
1.183080021145969773e+00,0.000000000000000000e+00,0.000000000000000000e+00
1.184175465609993871e+00,0.000000000000000000e+00,0.000000000000000000e+00
1.185270910074017747e+00,0.000000000000000000e+00,0.000000000000000000e+00
1.186366354538041845e+00,0.000000000000000000e+00,0.000000000000000000e+00
1.187461799002065943e+00,0.000000000000000000e+00,0.000000000000000000e+00
1.188557243466089819e+00,0.000000000000000000e+00,0.000000000000000000e+00
1.189652687930113917e+00,0.000000000000000000e+00,0.000000000000000000e+00
1.190748132394138015e+00,0.000000000000000000e+00,0.000000000000000000e+00
1.191843576858162113e+00,0.000000000000000000e+00,0.000000000000000000e+00
1.192939021322186210e+00,0.000000000000000000e+00,0.000000000000000000e+00
1.194034465786210086e+00,0.000000000000000000e+00,0.000000000000000000e+00
1.195129910250234184e+00,0.000000000000000000e+00,0.000000000000000000e+00
1.196225354714258282e+00,0.000000000000000000e+00,0.000000000000000000e+00
1.197320799178282158e+00,0.000000000000000000e+00,0.000000000000000000e+00
1.198416243642306256e+00,0.000000000000000000e+00,0.000000000000000000e+00
1.199511688106330354e+00,0.000000000000000000e+00,0.000000000000000000e+00
1.200607132570354452e+00,0.000000000000000000e+00,0.000000000000000000e+00
1.201702577034378550e+00,0.000000000000000000e+00,0.000000000000000000e+00
1.202798021498402647e+00,0.000000000000000000e+00,0.000000000000000000e+00
1.203893465962426523e+00,0.000000000000000000e+00,0.000000000000000000e+00
1.204988910426450621e+00,0.000000000000000000e+00,0.000000000000000000e+00
1.206084354890474719e+00,0.000000000000000000e+00,0.000000000000000000e+00
1.207179799354498595e+00,0.000000000000000000e+00,0.000000000000000000e+00
1.208275243818522693e+00,0.000000000000000000e+00,0.000000000000000000e+00
1.209370688282546791e+00,0.000000000000000000e+00,0.000000000000000000e+00
1.210466132746570889e+00,0.000000000000000000e+00,0.000000000000000000e+00
1.211561577210594987e+00,0.000000000000000000e+00,0.000000000000000000e+00
1.212657021674618862e+00,0.000000000000000000e+00,0.000000000000000000e+00
1.213752466138642960e+00,0.000000000000000000e+00,0.000000000000000000e+00
1.214847910602667058e+00,0.000000000000000000e+00,0.000000000000000000e+00
1.215943355066690934e+00,0.000000000000000000e+00,0.000000000000000000e+00
1.217038799530715032e+00,0.000000000000000000e+00,0.000000000000000000e+00
1.218134243994739130e+00,0.000000000000000000e+00,0.000000000000000000e+00
1.219229688458763228e+00,0.000000000000000000e+00,0.000000000000000000e+00
1.220325132922787326e+00,0.000000000000000000e+00,0.000000000000000000e+00
1.221420577386811424e+00,0.000000000000000000e+00,0.000000000000000000e+00
1.222516021850835299e+00,0.000000000000000000e+00,0.000000000000000000e+00
1.223611466314859397e+00,0.000000000000000000e+00,0.000000000000000000e+00
1.224706910778883495e+00,0.000000000000000000e+00,0.000000000000000000e+00
1.225802355242907371e+00,0.000000000000000000e+00,0.000000000000000000e+00
1.226897799706931469e+00,0.000000000000000000e+00,0.000000000000000000e+00
1.227993244170955567e+00,0.000000000000000000e+00,0.000000000000000000e+00
1.229088688634979665e+00,0.000000000000000000e+00,0.000000000000000000e+00
1.230184133099003763e+00,0.000000000000000000e+00,0.000000000000000000e+00
1.231279577563027638e+00,0.000000000000000000e+00,0.000000000000000000e+00
1.232375022027051736e+00,0.000000000000000000e+00,0.000000000000000000e+00
1.233470466491075834e+00,0.000000000000000000e+00,0.000000000000000000e+00
1.234565910955099710e+00,0.000000000000000000e+00,0.000000000000000000e+00
1.235661355419123808e+00,0.000000000000000000e+00,0.000000000000000000e+00
1.236756799883147906e+00,0.000000000000000000e+00,0.000000000000000000e+00
1.237852244347172004e+00,0.000000000000000000e+00,0.000000000000000000e+00
1.238947688811196102e+00,0.000000000000000000e+00,0.000000000000000000e+00
1.240043133275220200e+00,0.000000000000000000e+00,0.000000000000000000e+00
1.241138577739244075e+00,0.000000000000000000e+00,0.000000000000000000e+00
1.242234022203268173e+00,0.000000000000000000e+00,0.000000000000000000e+00
1.243329466667292271e+00,0.000000000000000000e+00,0.000000000000000000e+00
1.244424911131316147e+00,0.000000000000000000e+00,0.000000000000000000e+00
1.245520355595340245e+00,0.000000000000000000e+00,0.000000000000000000e+00
1.246615800059364343e+00,0.000000000000000000e+00,0.000000000000000000e+00
1.247711244523388441e+00,0.000000000000000000e+00,0.000000000000000000e+00
1.248806688987412539e+00,0.000000000000000000e+00,0.000000000000000000e+00
1.249902133451436415e+00,0.000000000000000000e+00,0.000000000000000000e+00
1.250997577915460512e+00,0.000000000000000000e+00,0.000000000000000000e+00
1.252093022379484610e+00,0.000000000000000000e+00,0.000000000000000000e+00
1.253188466843508486e+00,0.000000000000000000e+00,0.000000000000000000e+00
1.254283911307532584e+00,0.000000000000000000e+00,0.000000000000000000e+00
1.255379355771556904e+00,0.000000000000000000e+00,0.000000000000000000e+00
1.256474800235580780e+00,0.000000000000000000e+00,0.000000000000000000e+00
1.257570244699604878e+00,0.000000000000000000e+00,0.000000000000000000e+00
1.258665689163628976e+00,0.000000000000000000e+00,0.000000000000000000e+00
1.259761133627652852e+00,0.000000000000000000e+00,0.000000000000000000e+00
1.260856578091676949e+00,0.000000000000000000e+00,0.000000000000000000e+00
1.261952022555701047e+00,0.000000000000000000e+00,0.000000000000000000e+00
1.263047467019724923e+00,0.000000000000000000e+00,0.000000000000000000e+00
1.264142911483749021e+00,0.000000000000000000e+00,0.000000000000000000e+00
1.265238355947773119e+00,0.000000000000000000e+00,0.000000000000000000e+00
1.266333800411797217e+00,0.000000000000000000e+00,0.000000000000000000e+00
1.267429244875821315e+00,0.000000000000000000e+00,0.000000000000000000e+00
1.268524689339845191e+00,0.000000000000000000e+00,0.000000000000000000e+00
1.269620133803869289e+00,0.000000000000000000e+00,0.000000000000000000e+00
1.270715578267893386e+00,0.000000000000000000e+00,0.000000000000000000e+00
1.271811022731917262e+00,0.000000000000000000e+00,0.000000000000000000e+00
1.272906467195941360e+00,0.000000000000000000e+00,0.000000000000000000e+00
1.274001911659965680e+00,0.000000000000000000e+00,0.000000000000000000e+00
1.275097356123989556e+00,0.000000000000000000e+00,0.000000000000000000e+00
1.276192800588013654e+00,0.000000000000000000e+00,0.000000000000000000e+00
1.277288245052037752e+00,0.000000000000000000e+00,0.000000000000000000e+00
1.278383689516061628e+00,0.000000000000000000e+00,0.000000000000000000e+00
1.279479133980085725e+00,0.000000000000000000e+00,0.000000000000000000e+00
1.280574578444109823e+00,0.000000000000000000e+00,0.000000000000000000e+00
1.281670022908133699e+00,0.000000000000000000e+00,0.000000000000000000e+00
1.282765467372158019e+00,0.000000000000000000e+00,0.000000000000000000e+00
1.283860911836181895e+00,0.000000000000000000e+00,0.000000000000000000e+00
1.284956356300205993e+00,0.000000000000000000e+00,0.000000000000000000e+00
1.286051800764230091e+00,0.000000000000000000e+00,0.000000000000000000e+00
1.287147245228253967e+00,0.000000000000000000e+00,0.000000000000000000e+00
1.288242689692278065e+00,0.000000000000000000e+00,0.000000000000000000e+00
1.289338134156302162e+00,0.000000000000000000e+00,0.000000000000000000e+00
1.290433578620326038e+00,0.000000000000000000e+00,0.000000000000000000e+00
1.291529023084350136e+00,0.000000000000000000e+00,0.000000000000000000e+00
1.292624467548374456e+00,0.000000000000000000e+00,0.000000000000000000e+00
1.293719912012398332e+00,0.000000000000000000e+00,0.000000000000000000e+00
1.294815356476422430e+00,0.000000000000000000e+00,0.000000000000000000e+00
1.295910800940446528e+00,0.000000000000000000e+00,0.000000000000000000e+00
1.297006245404470404e+00,0.000000000000000000e+00,0.000000000000000000e+00
1.298101689868494502e+00,0.000000000000000000e+00,0.000000000000000000e+00
1.299197134332518377e+00,0.000000000000000000e+00,0.000000000000000000e+00
1.300292578796542475e+00,0.000000000000000000e+00,0.000000000000000000e+00
1.301388023260566795e+00,0.000000000000000000e+00,0.000000000000000000e+00
1.302483467724590671e+00,0.000000000000000000e+00,0.000000000000000000e+00
1.303578912188614769e+00,0.000000000000000000e+00,0.000000000000000000e+00
1.304674356652638867e+00,0.000000000000000000e+00,0.000000000000000000e+00
1.305769801116662743e+00,0.000000000000000000e+00,0.000000000000000000e+00
1.306865245580686841e+00,0.000000000000000000e+00,0.000000000000000000e+00
1.307960690044710939e+00,0.000000000000000000e+00,0.000000000000000000e+00
1.309056134508734814e+00,0.000000000000000000e+00,0.000000000000000000e+00
1.310151578972759134e+00,0.000000000000000000e+00,0.000000000000000000e+00
1.311247023436783232e+00,0.000000000000000000e+00,0.000000000000000000e+00
1.312342467900807108e+00,0.000000000000000000e+00,0.000000000000000000e+00
1.313437912364831206e+00,0.000000000000000000e+00,0.000000000000000000e+00
1.314533356828855304e+00,0.000000000000000000e+00,0.000000000000000000e+00
1.315628801292879180e+00,0.000000000000000000e+00,0.000000000000000000e+00
1.316724245756903278e+00,0.000000000000000000e+00,0.000000000000000000e+00
1.317819690220927153e+00,0.000000000000000000e+00,0.000000000000000000e+00
1.318915134684951251e+00,0.000000000000000000e+00,0.000000000000000000e+00
1.320010579148975571e+00,0.000000000000000000e+00,0.000000000000000000e+00
1.321106023612999447e+00,0.000000000000000000e+00,0.000000000000000000e+00
1.322201468077023545e+00,0.000000000000000000e+00,0.000000000000000000e+00
1.323296912541047643e+00,0.000000000000000000e+00,0.000000000000000000e+00
1.324392357005071519e+00,0.000000000000000000e+00,0.000000000000000000e+00
1.325487801469095617e+00,0.000000000000000000e+00,0.000000000000000000e+00
1.326583245933119715e+00,0.000000000000000000e+00,0.000000000000000000e+00
1.327678690397143590e+00,0.000000000000000000e+00,0.000000000000000000e+00
1.328774134861167910e+00,0.000000000000000000e+00,0.000000000000000000e+00
1.329869579325192008e+00,0.000000000000000000e+00,0.000000000000000000e+00
1.330965023789215884e+00,0.000000000000000000e+00,0.000000000000000000e+00
1.332060468253239982e+00,0.000000000000000000e+00,0.000000000000000000e+00
1.333155912717263858e+00,0.000000000000000000e+00,0.000000000000000000e+00
1.334251357181287956e+00,0.000000000000000000e+00,0.000000000000000000e+00
1.335346801645312054e+00,0.000000000000000000e+00,0.000000000000000000e+00
1.336442246109335930e+00,0.000000000000000000e+00,0.000000000000000000e+00
1.337537690573360250e+00,0.000000000000000000e+00,0.000000000000000000e+00
1.338633135037384347e+00,0.000000000000000000e+00,0.000000000000000000e+00
1.339728579501408223e+00,0.000000000000000000e+00,0.000000000000000000e+00
1.340824023965432321e+00,0.000000000000000000e+00,0.000000000000000000e+00
1.341919468429456419e+00,0.000000000000000000e+00,0.000000000000000000e+00
1.343014912893480295e+00,0.000000000000000000e+00,0.000000000000000000e+00
1.344110357357504393e+00,0.000000000000000000e+00,0.000000000000000000e+00
1.345205801821528491e+00,0.000000000000000000e+00,0.000000000000000000e+00
1.346301246285552367e+00,0.000000000000000000e+00,0.000000000000000000e+00
1.347396690749576686e+00,0.000000000000000000e+00,0.000000000000000000e+00
1.348492135213600562e+00,0.000000000000000000e+00,0.000000000000000000e+00
1.349587579677624660e+00,0.000000000000000000e+00,0.000000000000000000e+00
1.350683024141648758e+00,0.000000000000000000e+00,0.000000000000000000e+00
1.351778468605672634e+00,0.000000000000000000e+00,0.000000000000000000e+00
1.352873913069696732e+00,0.000000000000000000e+00,0.000000000000000000e+00
1.353969357533720830e+00,0.000000000000000000e+00,0.000000000000000000e+00
1.355064801997744706e+00,0.000000000000000000e+00,0.000000000000000000e+00
1.356160246461769026e+00,0.000000000000000000e+00,0.000000000000000000e+00
1.357255690925793123e+00,0.000000000000000000e+00,0.000000000000000000e+00
1.358351135389816999e+00,0.000000000000000000e+00,0.000000000000000000e+00
1.359446579853841097e+00,0.000000000000000000e+00,0.000000000000000000e+00
1.360542024317865195e+00,0.000000000000000000e+00,0.000000000000000000e+00
1.361637468781889071e+00,0.000000000000000000e+00,0.000000000000000000e+00
1.362732913245913169e+00,0.000000000000000000e+00,0.000000000000000000e+00
1.363828357709937267e+00,0.000000000000000000e+00,0.000000000000000000e+00
1.364923802173961365e+00,0.000000000000000000e+00,0.000000000000000000e+00
1.366019246637985463e+00,0.000000000000000000e+00,0.000000000000000000e+00
1.367114691102009338e+00,0.000000000000000000e+00,0.000000000000000000e+00
1.368210135566033436e+00,0.000000000000000000e+00,0.000000000000000000e+00
1.369305580030057534e+00,0.000000000000000000e+00,0.000000000000000000e+00
